<Coefficient>
	 5 Total number of radial orbitals.
	Type	L	Zeta-Orbital
	  1 	0	    1
	   0.16324330866337
	   0.34317013621330
	   0.00068911409471
	  -0.16469649970531
	  -0.27426871657372
	  -0.13837853074074
	  -0.14214217662811
	  -0.01248419843614
	  -0.04975041747093
	   0.03628268092871
	  -0.03110822662711
	   0.03611699864268
	  -0.03197446465492
	   0.03066588193178
	  -0.03184368461370
	   0.02690349332988
	  -0.02883861772716
	   0.02765669859946
	  -0.03577634319663
	Type	L	Zeta-Orbital
	  1 	0	    2
	  -0.34962055087090
	  -0.29231449961662
	  -0.05150191113353
	   0.15135610103607
	   0.13423968851566
	   0.14790686964989
	   0.04612135887146
	   0.05924351513386
	  -0.02025484293699
	   0.02809141390026
	  -0.03297865763307
	   0.03140881657600
	  -0.03166447952390
	   0.03674369677901
	  -0.03511016815901
	   0.03956814855337
	  -0.04281627014279
	   0.05010333657265
	  -0.09135719388723
	Type	L	Zeta-Orbital
	  1 	1	    1
	  -0.15060777962208
	  -0.37852579355240
	  -0.23970913887024
	  -0.12615828216076
	   0.00759983388707
	  -0.02445296943188
	   0.03324380517006
	  -0.01665399409831
	   0.02573007531464
	  -0.02538348175585
	   0.01986555568874
	  -0.02338226139545
	   0.02054036222398
	  -0.01809753291309
	   0.01919213868678
	  -0.01595678180456
	   0.01419333927333
	  -0.01504765823483
	  -0.02052555978298
	Type	L	Zeta-Orbital
	  1 	1	    2
	   0.08212283253670
	  -0.04774392023683
	  -0.01225598901510
	  -0.04364866763353
	   0.02908564172685
	  -0.03014547191560
	   0.03424849361181
	  -0.02941990084946
	   0.03405033797026
	  -0.03522052243352
	   0.03375394269824
	  -0.03716142848134
	   0.03800065070391
	  -0.03890436142683
	   0.04196955263615
	  -0.04385466873646
	   0.04758107662201
	  -0.05381989479065
	   0.19106565415859
	Type	L	Zeta-Orbital
	  1 	2	    1
	   0.09733492881060
	   0.20113386213779
	   0.16829892992973
	   0.11469759047031
	   0.06934870779514
	   0.06715358793736
	   0.04410103335977
	   0.04195095971227
	   0.02293793670833
	   0.02566938847303
	   0.00894254725426
	   0.01375089213252
	  -0.00040884024929
	   0.00830129999667
	  -0.00409761769697
	   0.00691567640752
	  -0.00607733428478
	   0.00854725483805
	  -0.01486667431891
</Coefficient>
<Mkb>
Left spillage = 8.2050887868e-03
</Mkb>
