  0.000000   -0.14400905635022    0.92816395254927    0.00000000000000    0.00000000000000    0.00000000000000  
  0.010000   -0.14399663062135    0.92807661166508    0.00856432928794    0.01788456858494   -0.00016070769635  
  0.020000   -0.14395974382844    0.92781412757608    0.01711627178898    0.03566790680937   -0.00064254419866  
  0.030000   -0.14389956404546    0.92737512009773    0.02564352565303    0.05324954101879   -0.00144465050952  
  0.040000   -0.14381802773024    0.92675730263826    0.03413395821371    0.07053050479790   -0.00256559750712  
  0.050000   -0.14371782431311    0.92595750265577    0.04257568886131    0.08741407721104   -0.00400338974787  
  0.060000   -0.14360237479345    0.92497169006621    0.05095716986946    0.10380650273552   -0.00575547077397  
  0.070000   -0.14347580451536    0.92379501337261    0.05926726452081    0.11961768703043   -0.00781872990959  
  0.080000   -0.14334291033965    0.92242184322325    0.06749532189983    0.13476186289081   -0.01018951052511  
  0.090000   -0.14320912247398    0.92084582304720    0.07563124774959    0.14915822099248   -0.01286361974408  
  0.100000   -0.14308046126567    0.91905992635797    0.08366557082253    0.16273150033456   -0.01583633956315  
  0.110000   -0.14296348930121    0.91705652026288    0.09158950419418    0.17541253363165   -0.01910243935104  
  0.120000   -0.14286525919390    0.91482743466584    0.09939500105120    0.18713874329296   -0.02265618968797  
  0.130000   -0.14279325747468    0.91236403660569    0.10707480451229    0.19785458404795   -0.02649137750293  
  0.140000   -0.14275534503175    0.90965730913139    0.11462249109155    0.20751192873367   -0.03060132246201  
  0.150000   -0.14275969457147    0.90669793407931    0.12203250746728    0.21607039424330   -0.03497889455699  
  0.160000   -0.14281472559566    0.90347637808747    0.12930020027645    0.22349760514524   -0.03961653283933  
  0.170000   -0.14292903740939    0.89998298115590    0.13642183871396    0.22976939301175   -0.04450626524126  
  0.180000   -0.14311134068794    0.89620804704324    0.14339462977651    0.23486993004202   -0.04963972942161  
  0.190000   -0.14337038814155    0.89214193477576    0.15021672605324    0.23879179612087   -0.05500819457109  
  0.200000   -0.14371490482278    0.88777515053737    0.15688722602773    0.24153597901702   -0.06060258410786  
  0.210000   -0.14415351862221    0.88309843920750    0.16340616691903    0.24311180798848   -0.06641349919177  
  0.220000   -0.14469469149545    0.87810287481791    0.16977451015188    0.24353682162252   -0.07243124298224  
  0.230000   -0.14534665195652    0.87277994920997    0.17599411960773    0.24283657128863   -0.07864584556244  
  0.240000   -0.14611732936114    0.86712165818987    0.18206773286831    0.24104436212064   -0.08504708944983  
  0.250000   -0.14701429048695    0.86112058450103    0.18799892572144    0.23820093396324   -0.09162453561115  
  0.260000   -0.14804467889774    0.85476997696056    0.19379207025456    0.23435408521508   -0.09836754989778  
  0.270000   -0.14921515755443    0.84806382513893    0.19945228691370    0.22955824297003   -0.10526532981600  
  0.280000   -0.15053185510779    0.84099692899981    0.20498539095509    0.22387398329669   -0.11230693154534  
  0.290000   -0.15200031627655    0.83356496295926    0.21039783376170    0.21736750590032   -0.11948129711691  
  0.300000   -0.15362545668014    0.82576453386983    0.21569663953810    0.21011006777665   -0.12677728166344  
  0.310000   -0.15541152245774    0.81759323248588    0.22088933793356    0.20217738079127   -0.13418368065175  
  0.320000   -0.15736205496565    0.80904967802000    0.22598389317501    0.19364897839885   -0.14168925700880  
  0.330000   -0.15947986080259    0.80013355545751    0.23098863031764    0.18460755694998   -0.14928276805270  
  0.340000   -0.16176698736882    0.79084564535533    0.23591215924244    0.17513829721944   -0.15695299214042  
  0.350000   -0.16422470411908    0.78118784591291    0.24076329704536    0.16532817192570   -0.16468875494539  
  0.360000   -0.16685348962324    0.77116318716589    0.24555098947266    0.15526524509699   -0.17247895527928  
  0.370000   -0.16965302450084    0.76077583721680    0.25028423206161    0.14503796917339   -0.18031259037410  
  0.380000   -0.17262219024840    0.75003110048168    0.25497199164394    0.13473448571773   -0.18817878054280  
  0.390000   -0.17575907393071    0.73893540799525    0.25962312886255    0.12444193553979   -0.19606679313914  
  0.400000   -0.17906097866046    0.72749629988109    0.26424632233924    0.11424578392077   -0.20396606574027  
  0.410000   -0.18252443974423    0.71572240015537    0.26884999511303    0.10422916645793   -0.21186622847882  
  0.420000   -0.18614524632837    0.70362338409326    0.27344224394534    0.09447226083567   -0.21975712545463  
  0.430000   -0.18991846833473    0.69120993844563    0.27803077205985    0.08505168957042   -0.22762883516022  
  0.440000   -0.19383848843514    0.67849371484928    0.28262282585148    0.07603995847549   -0.23547168985824  
  0.450000   -0.19789903877486    0.66548727682639    0.28722513606170    0.06750493525109   -0.24327629385358  
  0.460000   -0.20209324211850    0.65220404081811    0.29184386387518    0.05950937222759   -0.25103354060760  
  0.470000   -0.20641365705920    0.63865821174196    0.29648455234767    0.05211047688005   -0.25873462864686  
  0.480000   -0.21085232690124    0.62486471360368    0.30115208352631    0.04535953329283   -0.26637107622415  
  0.490000   -0.21540083179991    0.61083911572996    0.30585064157172    0.03930157728933   -0.27393473469495  
  0.500000   -0.22005034371934    0.59659755521992    0.31058368213774    0.03397512745686   -0.28141780057800  
  0.510000   -0.22479168374971    0.58215665623901    0.31535390820854    0.02941197379592   -0.28881282627483  
  0.520000   -0.22961538131014    0.56753344679972    0.32016325253596    0.02563702521025   -0.29611272942866  
  0.530000   -0.23451173475229    0.55274527368871    0.32501286676171    0.02266821653425   -0.30331080090927  
  0.540000   -0.23947087287253    0.53780971620943    0.32990311725081    0.02051647527207   -0.31040071141665  
  0.550000   -0.24448281683779    0.52274449941344    0.33483358760473    0.01918574770279   -0.31737651670228  
  0.560000   -0.24953754203140    0.50756740749173    0.33980308776458    0.01867308349278   -0.32423266141288  
  0.570000   -0.25462503933039    0.49229619799029    0.34480966955933    0.01896877745475   -0.33096398156797  
  0.580000   -0.25973537533556    0.47694851750130    0.34985064849865    0.02005656660702   -0.33756570568820  
  0.590000   -0.26485875108846    0.46154181946324    0.35492263155811    0.02191388022069   -0.34403345459758  
  0.600000   -0.26998555882701    0.44609328467993    0.36002155065449    0.02451214010074   -0.35036323992840  
  0.610000   -0.27510643635201    0.43061974514047    0.36514270146215    0.02781710793294   -0.35655146136343  
  0.620000   -0.28021231860098    0.41513761168903    0.37028078717836    0.03178927614634   -0.36259490265500  
  0.630000   -0.28529448605349    0.39966280605626    0.37542996680580    0.03638429839312   -0.36849072646622  
  0.640000   -0.29034460962184    0.38421069772318    0.38058390748513    0.04155345543713   -0.37423646808401  
  0.650000   -0.29535479171468    0.36879604604313    0.38573584037974    0.04724415197238   -0.37983002805849  
  0.660000   -0.30031760319578    0.35343294799992    0.39087861958831    0.05340043966464   -0.38526966382737  
  0.670000   -0.30522611599809    0.33813479192892    0.39600478353958    0.05996356152478   -0.39055398038787  
  0.680000   -0.31007393119185    0.32291421747523    0.40110661830732    0.06687251258408   -0.39568192008232  
  0.690000   -0.31485520234617    0.30778308200774    0.40617622227216    0.07406461174857   -0.40065275156643  
  0.700000   -0.31956465406483    0.29275243365178    0.41120557155106    0.08147607966370   -0.40546605803213  
  0.710000   -0.32419759561893    0.27783249104561    0.41618658561419    0.08904261742103   -0.41012172475898  
  0.720000   -0.32874992964144    0.26303262986859    0.42111119251349    0.09669998098607   -0.41461992606998  
  0.730000   -0.33321815589075    0.24836137613143    0.42597139315655    0.10438454631862   -0.41896111176880  
  0.740000   -0.33759937013205    0.23382640616166    0.43075932407387    0.11203386029438   -0.42314599313650  
  0.750000   -0.34189125822619    0.21943455316235    0.43546731814690    0.11958717271613   -0.42717552856600  
  0.760000   -0.34609208555525    0.20519182016726    0.44008796278802    0.12698594492361   -0.43105090891248  
  0.770000   -0.35020068195243    0.19110339916387    0.44461415509169    0.13417433077050   -0.43477354263755  
  0.780000   -0.35421642233991    0.17717369610591    0.44903915350861    0.14109962603144   -0.43834504082363  
  0.790000   -0.35813920331268    0.16340636149006    0.45335662563024    0.14771268263049   -0.44176720213383  
  0.800000   -0.36196941593820    0.14980432612825    0.45756069171072    0.15396828443923   -0.44504199779057  
  0.810000   -0.36570791507055    0.13636984170653    0.46164596359549    0.15982548177655   -0.44817155664385  
  0.820000   -0.36935598550435    0.12310452568602    0.46560757877071    0.16524788214786   -0.45115815039747  
  0.830000   -0.37291530531651    0.11000941006921    0.46944122929483    0.17020389518578   -0.45400417905820  
  0.840000   -0.37638790676394    0.09708499352767    0.47314318542237    0.17466693019293   -0.45671215666974  
  0.850000   -0.37977613512155    0.08433129636449    0.47671031378002    0.17861554513659   -0.45928469738922  
  0.860000   -0.38308260585803    0.07174791776701    0.48014009000595    0.18203354639972   -0.46172450196025  
  0.870000   -0.38631016055588    0.05933409479212    0.48343060581438    0.18491003904990   -0.46403434463201  
  0.880000   -0.38946182198807    0.04708876251877    0.48658057049849    0.18723942784196   -0.46621706056946  
  0.890000   -0.39254074876527    0.03501061479926    0.48958930693499    0.18902136961802   -0.46827553379491  
  0.900000   -0.39555018996633    0.02309816504291    0.49245674220291    0.19026067820585   -0.47021268569648  
  0.910000   -0.39849344015883    0.01134980647286    0.49518339297717    0.19096718333913   -0.47203146413397  
  0.920000   -0.40137379520815   -0.00023612869141    0.49777034590292    0.19115554552734   -0.47373483316739  
  0.930000   -0.40419450926067   -0.01166131165664    0.50021923320040    0.19084502918568   -0.47532576342877  
  0.940000   -0.40695875327179   -0.02292736159321    0.50253220379062    0.19005923669216   -0.47680722315235  
  0.950000   -0.40966957543002   -0.03403579277156    0.50471189026990    0.18882580636815   -0.47818216987351  
  0.960000   -0.41232986380746   -0.04498796475256    0.50676137209542    0.18717607767587   -0.47945354280168  
  0.970000   -0.41494231154225   -0.05578503605344    0.50868413537474    0.18514472719089   -0.48062425586788  
  0.980000   -0.41750938483200   -0.06642792167434    0.51048402967858    0.18276937913529   -0.48169719144256  
  0.990000   -0.42003329398821   -0.07691725483088    0.51216522231892    0.18009019444841   -0.48267519471514  
  1.000000   -0.42251596777084   -0.08725335319584    0.51373215055239    0.17714944252345   -0.48356106872240  
  1.010000   -0.42495903118972   -0.09743618990825    0.51518947218292    0.17399105985005   -0.48435757000873  
  1.020000   -0.42736378692560   -0.10746536956202    0.51654201504663    0.17066019987378   -0.48506740489751  
  1.030000   -0.42973120048901   -0.11734010933797    0.51779472586660    0.16720277841350   -0.48569322634971  
  1.040000   -0.43206188919954   -0.12705922539434    0.51895261896541    0.16366501896676   -0.48623763138225  
  1.050000   -0.43435611503214   -0.13662112458151    0.52002072531849    0.16009300218167   -0.48670315901629  
  1.060000   -0.43661378134165   -0.14602380149669    0.52100404242283    0.15653222368327   -0.48709228872296  
  1.070000   -0.43883443344070   -0.15526484084553    0.52190748544201    0.15302716431283   -0.48740743933204  
  1.080000   -0.44101726297150   -0.16434142502878    0.52273584007129    0.14962087667290   -0.48765096836748  
  1.090000   -0.44316111597792   -0.17325034682496    0.52349371754513    0.14635459166984   -0.48782517177219  
  1.100000   -0.44526450455152   -0.18198802699436    0.52418551218421    0.14326734851238   -0.48793228398388  
  1.110000   -0.44732562189371   -0.19055053658597    0.52481536185089    0.14039565136138   -0.48797447832282  
  1.120000   -0.44934236060701   -0.19893362368758    0.52538711164982    0.13777315553470   -0.48795386765260  
  1.130000   -0.45131233400052   -0.20713274432102    0.52590428117638    0.13543038585661   -0.48787250527490  
  1.140000   -0.45323290016987   -0.21514309714850    0.52637003557837    0.13339448940435   -0.48773238601994  
  1.150000   -0.45510118858874   -0.22295966162445    0.52678716065715    0.13168902455085   -0.48753544749518  
  1.160000   -0.45691412892919   -0.23057723919823    0.52715804219403    0.13033378783437   -0.48728357145601  
  1.170000   -0.45866848181059   -0.23799049714862    0.52748464964498    0.12934467980697   -0.48697858526368  
  1.180000   -0.46036087116253   -0.24519401461028    0.52776852430425    0.12873361062849   -0.48662226339764  
  1.190000   -0.46198781787582   -0.25218233033576    0.52801077199347    0.12850844578336   -0.48621632899126  
  1.200000   -0.46354577440724   -0.25894999172450    0.52821206028947    0.12867299191014   -0.48576245536238  
  1.210000   -0.46503115999886   -0.26549160464243    0.52837262026055    0.12922702234912   -0.48526226751261  
  1.220000   -0.46644039617059   -0.27180188355217    0.52849225263859    0.13016634163784   -0.48471734357178  
  1.230000   -0.46776994214599   -0.27787570147499    0.52857033831265    0.13148288781943   -0.48412921616679  
  1.240000   -0.46901632987566   -0.28370813931067    0.52860585299014    0.13316487107908   -0.48349937369711  
  1.250000   -0.47017619832992   -0.28929453405120    0.52859738583327    0.13519694689189   -0.48282926150193  
  1.260000   -0.47124632674285   -0.29463052543788    0.52854316184294    0.13756042155474   -0.48212028290704  
  1.270000   -0.47222366650300   -0.29971210062878    0.52844106772873    0.14023348768734   -0.48137380014265  
  1.280000   -0.47310537140174   -0.30453563646545    0.52828868097343    0.14319148702715   -0.48059113512595  
  1.290000   -0.47388882596880   -0.30909793895222    0.52808330177289    0.14640719761004   -0.47977357010566  
  1.300000   -0.47457167164510   -0.31339627959023    0.52782198750825    0.14985114222723   -0.47892234816813  
  1.310000   -0.47515183056563   -0.31742842823927    0.52750158938686    0.15349191487874   -0.47803867360773  
  1.320000   -0.47562752675020   -0.32119268221484    0.52711879087153    0.15729652180777   -0.47712371216631  
  1.330000   -0.47599730452551   -0.32468789136407    0.52667014750461    0.16123073359815   -0.47617859114963  
  1.340000   -0.47626004403029   -0.32791347890261    0.52615212772434    0.16525944475042   -0.47520439943008  
  1.350000   -0.47641497368347   -0.33086945783479    0.52556115426572    0.16934703712064   -0.47420218734775  
  1.360000   -0.47646167952525   -0.33355644282071    0.52489364573688    0.17345774360994   -0.47317296652314  
  1.370000   -0.47640011137085   -0.33597565739603    0.52414605796474    0.17755600853178   -0.47211770959671  
  1.380000   -0.47623058574711   -0.33812893649333    0.52331492471020    0.18160684115703   -0.47103734991156  
  1.390000   -0.47595378561255   -0.34001872425647    0.52239689736357    0.18557615904332   -0.46993278115667  
  1.400000   -0.47557075689135   -0.34164806718226    0.52138878324476    0.18943111789354   -0.46880485698875  
  1.410000   -0.47508290188128   -0.34302060266554    0.52028758215052    0.19314042485684   -0.46765439065147  
  1.420000   -0.47449196962417   -0.34414054306463    0.51909052081122    0.19667463238196   -0.46648215461070  
  1.430000   -0.47380004335483   -0.34501265544378    0.51779508494393    0.20000640995636   -0.46528888022468  
  1.440000   -0.47300952517084   -0.34564223718685    0.51639904861480    0.20311079131041   -0.46407525746758  
  1.450000   -0.47212311808954   -0.34603508771201    0.51490050065267    0.20596539493446   -0.46284193472410  
  1.460000   -0.47114380568204   -0.34619747655074    0.51329786788736    0.20855061604193   -0.46158951867241  
  1.470000   -0.47007482949399   -0.34613610808479    0.51158993501890    0.21084978841344   -0.46031857427116  
  1.480000   -0.46891966448218   -0.34585808326243    0.50977586095874    0.21284931487015   -0.45902962486536  
  1.490000   -0.46768199271164   -0.34537085863978    0.50785519151955    0.21453876544755   -0.45772315242434  
  1.500000   -0.46636567557209   -0.34468220311437    0.50582786836732    0.21591094266887   -0.45639959792326  
  1.510000   -0.46497472478370   -0.34380015273512    0.50369423418595    0.21696191364898   -0.45505936187797  
  1.520000   -0.46351327247055   -0.34273296398761    0.50145503404225    0.21769100908929   -0.45370280504104  
  1.530000   -0.46198554058630   -0.34148906596298    0.49911141297603    0.21810078955115   -0.45233024926457  
  1.540000   -0.46039580997947   -0.34007701182566    0.49666490987612    0.21819697971429   -0.45094197853361  
  1.550000   -0.45874838938641   -0.33850542999757    0.49411744773886    0.21798837163605   -0.44953824017146  
  1.560000   -0.45704758463746   -0.33678297547496    0.49147132043957    0.21748669832333   -0.44811924621606  
  1.570000   -0.45529766835702   -0.33491828168917    0.48872917617980    0.21670647920939   -0.44668517496462  
  1.580000   -0.45350285043063   -0.33291991331387    0.48589399780408    0.21566483938953   -0.44523617268120  
  1.590000   -0.45166724950208   -0.33079632040875    0.48296908020796    0.21438130471015   -0.44377235545990  
  1.600000   -0.44979486575104   -0.32855579427412    0.47995800508528    0.21287757502427   -0.44229381123442  
  1.610000   -0.44788955518731   -0.32620642537145    0.47686461328584    0.21117727811856   -0.44080060192253  
  1.620000   -0.44595500568049   -0.32375606364323    0.47369297507479    0.20930570698400   -0.43929276569234  
  1.630000   -0.44399471492576   -0.32121228154001    0.47044735860296    0.20728954323972   -0.43777031933560  
  1.640000   -0.44201197052558   -0.31858234003541    0.46713219691079    0.20515656962916   -0.43623326073157  
  1.650000   -0.44000983234551   -0.31587315787968    0.46375205380002    0.20293537458624   -0.43468157138385  
  1.660000   -0.43799111727908   -0.31309128431081    0.46031158891451    0.20065505191819   -0.43311521901136  
  1.670000   -0.43595838653221   -0.31024287540842    0.45681552237551    0.19834489866931   -0.43153416017370  
  1.680000   -0.43391393551297   -0.30733367424092    0.45326859931776    0.19603411421738   -0.42993834291047  
  1.690000   -0.43185978638653   -0.30436899492023    0.44967555466968    0.19375150361147   -0.42832770937372  
  1.700000   -0.42979768332928   -0.30135371064209    0.44604107851509    0.19152518808759   -0.42670219843240  
  1.710000   -0.42772909049019   -0.29829224575253    0.44236978236454    0.18938232559773   -0.42506174822763  
  1.720000   -0.42565519264142   -0.29518857184442    0.43866616665179    0.18734884405973   -0.42340629865810  
  1.730000   -0.42357689847498   -0.29204620785119    0.43493458975575    0.18544918988147   -0.42173579377519  
  1.740000   -0.42149484647723   -0.28886822406886    0.43117923882983    0.18370609413511   -0.42005018406816  
  1.750000   -0.41940941328931   -0.28565725000260    0.42740410270004    0.18214035855717   -0.41834942862081  
  1.760000   -0.41732072443879   -0.28241548590020    0.42361294706980    0.18077066333054   -0.41663349712209  
  1.770000   -0.41522866730614   -0.27914471780310    0.41980929224433    0.17961339836719   -0.41490237171454  
  1.780000   -0.41313290617004   -0.27584633591510    0.41599639356040    0.17868251955847   -0.41315604866591  
  1.790000   -0.41103289915693   -0.27252135606120    0.41217722467834    0.17798943119501   -0.41139453985124  
  1.800000   -0.40892791690392   -0.26917044398341    0.40835446386361    0.17754289548433   -0.40961787403423  
  1.810000   -0.40681706272985   -0.26579394219723    0.40453048335391    0.17734896981348   -0.40782609793902  
  1.820000   -0.40469929409668   -0.26239189911257    0.40070734187673    0.17741097211886   -0.40601927710547  
  1.830000   -0.40257344513357   -0.25896410010566    0.39688678035007    0.17772947443984   -0.40419749652314  
  1.840000   -0.40043824998789   -0.25551010021446    0.39307022076717    0.17830232444850   -0.40236086104160  
  1.850000   -0.39829236676216   -0.25202925811906    0.38925876823482    0.17912469446844   -0.40050949555683  
  1.860000   -0.39613440179263   -0.24852077106137    0.38545321610347    0.18018915722344   -0.39864354497577  
  1.870000   -0.39396293402444   -0.24498371035371    0.38165405409766    0.18148578729476   -0.39676317396338  
  1.880000   -0.39177653924015   -0.24141705712534    0.37786147932614    0.18300228701626   -0.39486856647887  
  1.890000   -0.38957381390214   -0.23781973795818    0.37407541002399    0.18472413530193   -0.39295992510964  
  1.900000   -0.38735339837580   -0.23419066006864    0.37029550185322    0.18663475768320   -0.39103747021395  
  1.910000   -0.38511399930880   -0.23052874570133    0.36652116656464    0.18871571563472   -0.38910143888480  
  1.920000   -0.38285441095227   -0.22683296541222    0.36275159280259    0.19094691309075   -0.38715208374986  
  1.930000   -0.38057353522232   -0.22310236993377    0.35898576881473    0.19330681789896   -0.38518967162335  
  1.940000   -0.37827040031458   -0.21933612033176    0.35522250681274    0.19577269582845   -0.38321448202780  
  1.950000   -0.37594417770068   -0.21553351618406    0.35146046871596    0.19832085464295   -0.38122680560453  
  1.960000   -0.37359419735285   -0.21169402153359    0.34769819299880    0.20092689567058   -0.37922694243288  
  1.970000   -0.37121996106220   -0.20781728839271    0.34393412235490    0.20356597024862   -0.37721520027922  
  1.980000   -0.36882115373583   -0.20390317760221    0.34016663188551    0.20621303839542   -0.37519189279714  
  1.990000   -0.36639765257936   -0.19995177687661    0.33639405751762    0.20884312706235   -0.37315733770091  
  2.000000   -0.36394953409275   -0.19596341589618    0.33261472435802    0.21143158534591   -0.37111185493415  
  2.010000   -0.36147707883004   -0.19193867833705    0.32882697469301    0.21395433409373   -0.36905576485589  
  2.020000   -0.35898077389578   -0.18787841076131    0.32502919535048    0.21638810741716   -0.36698938646556  
  2.030000   -0.35646131317378   -0.18378372832083    0.32121984414982    0.21871068372635   -0.36491303568819  
  2.040000   -0.35391959530610   -0.17965601726003    0.31739747517776    0.22090110403064   -0.36282702373996  
  2.050000   -0.35135671946268   -0.17549693423403    0.31356076264231    0.22293987539494   -0.36073165559361  
  2.060000   -0.34877397896300   -0.17130840249002    0.30970852307407    0.22480915761160   -0.35862722856161  
  2.070000   -0.34617285283254   -0.16709260498931    0.30583973566334    0.22649293133365   -0.35651403101388  
  2.080000   -0.34355499539609   -0.16285197457705    0.30195356054219    0.22797714611816   -0.35439234124497  
  2.090000   -0.34092222402889   -0.15858918133417    0.29804935484372    0.22924984704533   -0.35226242650395  
  2.100000   -0.33827650520386   -0.15430711727241    0.29412668639468    0.23030127880757   -0.35012454219848  
  2.110000   -0.33561993898879   -0.15000887855758    0.29018534492347    0.23112396640055   -0.34797893128204  
  2.120000   -0.33295474216183   -0.14569774546883    0.28622535069158    0.23171277179337   -0.34582582383171  
  2.130000   -0.33028323012579   -0.14137716032145    0.28224696048386    0.23206492620368   -0.34366543682113  
  2.140000   -0.32760779781240   -0.13705070359885    0.27825067092066    0.23218003785507   -0.34149797409137  
  2.150000   -0.32493089977638   -0.13272206855435    0.27423721908243    0.23206007534361   -0.33932362651987  
  2.160000   -0.32225502968547   -0.12839503455595    0.27020758046476    0.23170932698804   -0.33714257238539  
  2.170000   -0.31958269941739   -0.12407343945713    0.26616296430950    0.23113433677878   -0.33495497792458  
  2.180000   -0.31691641797683   -0.11976115128331    0.26210480638326    0.23034381777420   -0.33276099807363  
  2.190000   -0.31425867044588   -0.11546203952816    0.25803475930090    0.22934854401534   -0.33056077738596  
  2.200000   -0.31161189717960   -0.11117994635448    0.25395468051525    0.22816122224012   -0.32835445111533  
  2.210000   -0.30897847345448   -0.10691865799302    0.24986661811746    0.22679634487352   -0.32614214645118  
  2.220000   -0.30636068977139   -0.10268187662793    0.24577279461365    0.22527002594940   -0.32392398389184  
  2.230000   -0.30376073300721   -0.09847319304993    0.24167558886269    0.22359982177990   -0.32170007873888  
  2.240000   -0.30118066859917   -0.09429606034858    0.23757751637734    0.22180453832990   -0.31947054269509  
  2.250000   -0.29862242393463   -0.09015376890212    0.23348120820616    0.21990402737383   -0.31723548554671  
  2.260000   -0.29608777310610   -0.08604942290845    0.22938938862633    0.21791897361017   -0.31499501690986  
  2.270000   -0.29357832317640   -0.08198591868345    0.22530485188797    0.21587067498454   -0.31274924802005  
  2.280000   -0.29109550208314   -0.07796592493365    0.22123043825820    0.21378081852362   -0.31049829354312  
  2.290000   -0.28864054829466   -0.07399186518872    0.21716900961870    0.21167125401040   -0.30824227338559  
  2.300000   -0.28621450231138   -0.07006590255669    0.21312342487303    0.20956376783521   -0.30598131448229  
  2.310000   -0.28381820008756   -0.06618992694036    0.20909651541984    0.20747985933726   -0.30371555253917  
  2.320000   -0.28145226842930   -0.06236554482793    0.20509106094584    0.20544052190832   -0.30144513370971  
  2.330000   -0.27911712240420   -0.05859407174462    0.20110976578697    0.20346603106400   -0.29917021618389  
  2.340000   -0.27681296477840   -0.05487652742486    0.19715523609862    0.20157574160058   -0.29689097166949  
  2.350000   -0.27453978747611   -0.05121363373762    0.19322995806591    0.19978789584596   -0.29460758674668  
  2.360000   -0.27229737503724   -0.04760581536943    0.18933627737243    0.19811944488524   -0.29232026407808  
  2.370000   -0.27008531002844   -0.04405320324293    0.18547638013163    0.19658588449425   -0.29002922345812  
  2.380000   -0.26790298034445   -0.04055564062139    0.18165227546854    0.19520110735149   -0.28773470268697  
  2.390000   -0.26574958831776   -0.03711269182376    0.17786577992138    0.19397727292007   -0.28543695825643  
  2.400000   -0.26362416153744   -0.03372365344931    0.17411850381269    0.19292469620086   -0.28313626583716  
  2.410000   -0.26152556526165   -0.03038756798702    0.17041183971852    0.19205175635543   -0.28083292055860  
  2.420000   -0.25945251629296   -0.02710323966199    0.16674695314198    0.19136482598703   -0.27852723707542  
  2.430000   -0.25740359817232   -0.02386925235017    0.16312477547386    0.19086822165030   -0.27621954941649  
  2.440000   -0.25537727753472   -0.02068398937337    0.15954599929958    0.19056417593912   -0.27391021061490  
  2.450000   -0.25337192145954   -0.01754565496922    0.15601107608688    0.19045283127790   -0.27159959211988  
  2.460000   -0.25138581563919   -0.01445229721555    0.15252021626438    0.19053225531902   -0.26928808299404  
  2.470000   -0.24941718318290   -0.01140183217578    0.14907339167657    0.19079847762769   -0.26697608890145  
  2.480000   -0.24746420386697   -0.00839206902143    0.14567034037665    0.19124554712011   -0.26466403089493  
  2.490000   -0.24552503363958   -0.00542073587966    0.14231057369481    0.19186560951142   -0.26235234401269  
  2.500000   -0.24359782418671   -0.00248550614842    0.13899338549706    0.19264900383030   -0.26004147569701  
  2.510000   -0.24168074236626    0.00041597498131    0.13571786352765    0.19358437686794   -0.25773188404954  
  2.520000   -0.23977198931965    0.00328606405718    0.13248290270749    0.19465881425317   -0.25542403593966  
  2.530000   -0.23786981907460    0.00612709320946    0.12928722024210    0.19585798668419   -0.25311840498436  
  2.540000   -0.23597255645866    0.00894134456169    0.12612937237486    0.19716630970179   -0.25081546941924  
  2.550000   -0.23407861415095    0.01173102545448    0.12300777260554    0.19856711526131   -0.24851570988194  
  2.560000   -0.23218650870899    0.01449824471997    0.11992071118062    0.20004283325171   -0.24621960713024  
  2.570000   -0.23029487541847    0.01724499023231    0.11686637564969    0.20157518102019   -0.24392763971796  
  2.580000   -0.22840248182628    0.01997310794557    0.11384287227294    0.20314535889257   -0.24164028165262  
  2.590000   -0.22650823983099    0.02268428261483    0.11084824805737    0.20473424963123   -0.23935800005888  
  2.600000   -0.22461121621966    0.02538002037796    0.10788051319424    0.20632261974640   -0.23708125287221  
  2.610000   -0.22271064155618    0.02806163335666    0.10493766366750    0.20789132057134   -0.23481048658701  
  2.620000   -0.22080591734267    0.03073022641412    0.10201770380305    0.20942148702887   -0.23254613408294  
  2.630000   -0.21889662139353    0.03338668618478    0.09911866852997    0.21089473205408   -0.23028861255259  
  2.640000   -0.21698251137919    0.03603167246858    0.09623864512995    0.21229333469659   -0.22803832155278  
  2.650000   -0.21506352651539    0.03866561205807    0.09337579425719    0.21360042000396   -0.22579564120064  
  2.660000   -0.21313978739203    0.04128869504263    0.09052837001995    0.21480012888496   -0.22356093053407  
  2.670000   -0.21121159395417    0.04390087360921    0.08769473892598    0.21587777626653   -0.22133452605471  
  2.680000   -0.20927942166603    0.04650186333424    0.08487339750625    0.21681999598992   -0.21911674046987  
  2.690000   -0.20734391590671    0.04909114693700    0.08206298844676    0.21761487103824   -0.21690786164752  
  2.700000   -0.20540588466333    0.05166798044052    0.07926231507356    0.21825204784794   -0.21470815179661  
  2.710000   -0.20346628960445    0.05423140166260    0.07647035405455    0.21872283362876   -0.21251784688259  
  2.720000   -0.20152623563143    0.05678024093731    0.07368626620009    0.21902027579890   -0.21033715628553  
  2.730000   -0.19958695902084    0.05931313394541    0.07090940526464    0.21913922283199   -0.20816626270583  
  2.740000   -0.19764981428371    0.06182853651246    0.06813932467272    0.21907636600882   -0.20600532231975  
  2.750000   -0.19571625988009    0.06432474121463    0.06537578211382    0.21883026176669   -0.20385446518465  
  2.760000   -0.19378784293765    0.06679989561506    0.06261874197292    0.21840133454140   -0.20171379589109  
  2.770000   -0.19186618313238    0.06925202193893    0.05986837558572    0.21779186019865   -0.19958339445604  
  2.780000   -0.18995295589707    0.07167903798188    0.05712505932956    0.21700593035138   -0.19746331744951  
  2.790000   -0.18804987512895    0.07407877903562    0.05438937058301    0.21604939805480   -0.19535359934376  
  2.800000   -0.18615867557202    0.07644902060552    0.05166208160888    0.21492980556000   -0.19325425407230  
  2.810000   -0.18428109505233    0.07878750168858    0.04894415143558    0.21365629498800   -0.19116527678348  
  2.820000   -0.18241885674451    0.08109194837568    0.04623671583237    0.21223950295709   -0.18908664577121  
  2.830000   -0.18057365164720    0.08336009754014    0.04354107549221    0.21069144035549   -0.18701832456372  
  2.840000   -0.17874712144196    0.08558972037518    0.04085868255381    0.20902535859774   -0.18496026414919  
  2.850000   -0.17694084190542    0.08777864554525    0.03819112561059    0.20725560383430   -0.18291240531567  
  2.860000   -0.17515630703856    0.08992478172165    0.03554011336841    0.20539746069970   -0.18087468108158  
  2.870000   -0.17339491406868    0.09202613927985    0.03290745712718    0.20346698728285   -0.17884701919156  
  2.880000   -0.17165794947066    0.09408085094541    0.03029505227192    0.20148084308384   -0.17682934465220  
  2.890000   -0.16994657614287    0.09608719118692    0.02770485896809    0.19945611178334   -0.17482158228112  
  2.900000   -0.16826182186155    0.09804359416776    0.02513888226268    0.19741012069376   -0.17282365924297  
  2.910000   -0.16660456912355    0.09994867008360    0.02259915179777    0.19536025878410   -0.17083550754574  
  2.920000   -0.16497554647373    0.10180121972955    0.02008770134536    0.19332379517446   -0.16885706647108  
  2.930000   -0.16337532139747    0.10360024715883    0.01760654837348    0.19131769997984   -0.16688828491297  
  2.940000   -0.16180429484334    0.10534497031481    0.01515767385148    0.18935846934795   -0.16492912359989  
  2.950000   -0.16026269742413    0.10703482953838    0.01274300249915    0.18746195648118   -0.16297955717658  
  2.960000   -0.15875058732767    0.10866949387455    0.01036438367804    0.18564321036112   -0.16103957612319  
  2.970000   -0.15726784995179    0.11024886512402    0.00802357311628    0.18391632380397   -0.15910918849080  
  2.980000   -0.15581419926020    0.11177307960810    0.00572221564791    0.18229429236971   -0.15718842143442  
  2.990000   -0.15438918083954    0.11324250763815    0.00346182913679    0.18078888552654   -0.15527732252644  
  3.000000   -0.15299217662023    0.11465775070351    0.00124378974181    0.17941053133742   -0.15337596083581  
  3.010000   -0.15162241120804    0.11601963641420   -0.00093068133437    0.17816821578853   -0.15148442776051  
  3.020000   -0.15027895975694    0.11732921125702   -0.00306052948684    0.17706939772140   -0.14960283760338  
  3.030000   -0.14896075729902    0.11858773124480   -0.00514487663111    0.17611994016343   -0.14773132788417  
  3.040000   -0.14766660943288    0.11979665055922   -0.00718302931613    0.17532405867765   -0.14587005938319  
  3.050000   -0.14639520425887    0.12095760830687   -0.00917448495554    0.17468428717228   -0.14401921591470  
  3.060000   -0.14514512543749    0.12207241352666   -0.01111893612511    0.17420146142792   -0.14217900383117  
  3.070000   -0.14391486623648    0.12314302860305   -0.01301627289385    0.17387472041475   -0.14034965126219  
  3.080000   -0.14270284442294    0.12417155125503   -0.01486658317692    0.17370152528772   -0.13853140709444  
  3.090000   -0.14150741784875    0.12516019528392   -0.01667015111851    0.17367769576486   -0.13672453970225  
  3.100000   -0.14032690057130    0.12611127027482   -0.01842745353292    0.17379746341549   -0.13492933544042  
  3.110000   -0.13915957934673    0.12702716045591   -0.02013915445176    0.17405354121217   -0.13314609691381  
  3.120000   -0.13800373032981    0.12791030292741   -0.02180609784424    0.17443720853517   -0.13137514104031  
  3.130000   -0.13685763581307    0.12876316547756   -0.02342929859576    0.17493841066241   -0.12961679692638  
  3.140000   -0.13571960083784    0.12958822420580   -0.02500993184717    0.17554587163255   -0.12787140357580  
  3.150000   -0.13458796951220    0.13038794117497   -0.02654932081344    0.17624721923620   -0.12613930745460  
  3.160000   -0.13346114087361    0.13116474231270   -0.02804892321509    0.17702912077105   -0.12442085993638  
  3.170000   -0.13233758413970    0.13192099577927   -0.02951031646914    0.17787742809187   -0.12271641465355  
  3.180000   -0.13121585319706    0.13265899101350   -0.03093518179842    0.17877733039789   -0.12102632478130  
  3.190000   -0.13009460018591    0.13338091866095   -0.03232528742765    0.17971351312760   -0.11935094028158  
  3.200000   -0.12897258804817    0.13408885157924   -0.03368247104373    0.18067032127602   -0.11769060513515  
  3.210000   -0.12784870191714    0.13478472710386   -0.03500862170351    0.18163192541242   -0.11604565458966  
  3.220000   -0.12672195923892    0.13547033074477   -0.03630566137744    0.18258248865686   -0.11441641245194  
  3.230000   -0.12559151852872    0.13614728146949   -0.03757552631966    0.18350633287313   -0.11280318845211  
  3.240000   -0.12445668667918    0.13681701871196   -0.03882014845616    0.18438810235232   -0.11120627570640  
  3.250000   -0.12331692475242    0.13748079122915   -0.04004143698097    0.18521292329608   -0.10962594830490  
  3.260000   -0.12217185220296    0.13813964790853   -0.04124126034747    0.18596655746076   -0.10806245904887  
  3.270000   -0.12102124949433    0.13879443061014   -0.04242142883649    0.18663554839199   -0.10651603736106  
  3.280000   -0.11986505908862    0.13944576910635   -0.04358367787604    0.18720735876464   -0.10498688739060  
  3.290000   -0.11870338480400    0.14009407816187   -0.04472965227890    0.18767049744203   -0.10347518633203  
  3.300000   -0.11753648955208    0.14073955677491   -0.04586089155367    0.18801463498242   -0.10198108297616  
  3.310000   -0.11636479148273    0.14138218957932   -0.04697881643333    0.18823070644669   -0.10050469650761  
  3.320000   -0.11518885857996    0.14202175038605   -0.04808471675181    0.18831100049867   -0.09904611556185  
  3.330000   -0.11400940176760    0.14265780782133   -0.04917974078452    0.18824923393698   -0.09760539755171  
  3.340000   -0.11282726659854    0.14328973299835   -0.05026488615340    0.18804061095261   -0.09618256827037  
  3.350000   -0.11164342361481    0.14391670913943   -0.05134099237994    0.18768186656865   -0.09477762177552  
  3.360000   -0.11045895747910    0.14453774304678   -0.05240873515274    0.18717129388555   -0.09339052055591  
  3.370000   -0.10927505499019    0.14515167830176   -0.05346862235792    0.18650875492550   -0.09202119597904  
  3.380000   -0.10809299210546    0.14575721005624   -0.05452099190234    0.18569567504088   -0.09066954901568  
  3.390000   -0.10691412010352    0.14635290126411   -0.05556601134112    0.18473502102283   -0.08933545123397  
  3.400000   -0.10573985102789    0.14693720018746   -0.05660367930230    0.18363126321486   -0.08801874605326  
  3.410000   -0.10457164255963    0.14750845899962   -0.05763382868307    0.18239032210142   -0.08671925024507  
  3.420000   -0.10341098247224    0.14806495329730   -0.05865613157375    0.18101950000055   -0.08543675566591  
  3.430000   -0.10225937282556    0.14860490232545   -0.05967010584864    0.17952739864185   -0.08417103120448  
  3.440000   -0.10111831405805    0.14912648971193   -0.06067512334545    0.17792382355438   -0.08292182492342  
  3.450000   -0.09998928913706    0.14962788450500   -0.06167041953954    0.17621967632195   -0.08168886637383  
  3.460000   -0.09887374792595    0.15010726230376   -0.06265510460421    0.17442683588502   -0.08047186905892  
  3.470000   -0.09777309192427    0.15056282627184   -0.06362817573446    0.17255803017691   -0.07927053302169  
  3.480000   -0.09668865953314    0.15099282782595   -0.06458853059948    0.17062669947697   -0.07808454753027  
  3.490000   -0.09562171199233    0.15139558679501   -0.06553498177805    0.16864685294353   -0.07691359383335  
  3.500000   -0.09457342012845    0.15176951085110   -0.06646627202174    0.16663291985393   -0.07575734795771  
  3.510000   -0.09354485204535    0.15211311402140   -0.06738109018315    0.16459959712733   -0.07461548351917  
  3.520000   -0.09253696187809    0.15242503409965   -0.06827808764017    0.16256169473799   -0.07348767451831  
  3.530000   -0.09155057972067    0.15270404878716   -0.06915589504326    0.16053398064158   -0.07237359809235  
  3.540000   -0.09058640282632    0.15294909040613   -0.07001313921020    0.15853102683522   -0.07127293719524  
  3.550000   -0.08964498816555    0.15315925904286   -0.07084845999189    0.15656705815336   -0.07018538317854  
  3.560000   -0.08872674641390    0.15333383399381   -0.07166052693439    0.15465580536595   -0.06911063824691  
  3.570000   -0.08783193742671    0.15347228340481   -0.07244805556488    0.15281036409444   -0.06804841776329  
  3.580000   -0.08696066724325    0.15357427201176   -0.07320982313431    0.15104306099367   -0.06699845238038  
  3.590000   -0.08611288664718    0.15363966690986   -0.07394468365560    0.14936532856627   -0.06596048997698  
  3.600000   -0.08528839129480    0.15366854129827   -0.07465158208454    0.14778758988050   -0.06493429737977  
  3.610000   -0.08448682340668    0.15366117616688   -0.07532956749994    0.14631915435394   -0.06391966185328  
  3.620000   -0.08370767500287    0.15361805991250   -0.07597780515051    0.14496812564549   -0.06291639234344  
  3.630000   -0.08295029264637    0.15353988589186   -0.07659558724855    0.14374132256756   -0.06192432046250  
  3.640000   -0.08221388364443    0.15342754793939   -0.07718234240354    0.14264421379089   -0.06094330120609  
  3.650000   -0.08149752364308    0.15328213389742   -0.07773764360362    0.14168086696776   -0.05997321339573  
  3.660000   -0.08080016553616    0.15310491722625   -0.07826121466811    0.14085391274626   -0.05901395984324  
  3.670000   -0.08012064959731    0.15289734677988   -0.07875293511047    0.14016452399127   -0.05806546723640  
  3.680000   -0.07945771473130    0.15266103485132   -0.07921284336743    0.13961241036798   -0.05712768574807  
  3.690000   -0.07881001072994    0.15239774360818   -0.07964113836762    0.13919582828286   -0.05620058837400  
  3.700000   -0.07817611140808    0.15210937005467   -0.08003817942958    0.13891160601696   -0.05528417000744  
  3.710000   -0.07755452848668    0.15179792967042   -0.08040448449678    0.13875518372850   -0.05437844626136  
  3.720000   -0.07694372608239    0.15146553888936   -0.08074072673417    0.13872066784772   -0.05348345205200  
  3.730000   -0.07634213565755    0.15111439659287   -0.08104772952758    0.13880089923890   -0.05259923995957  
  3.740000   -0.07574817127998    0.15074676480060   -0.08132645994354    0.13898753436287   -0.05172587838495  
  3.750000   -0.07516024503896    0.15036494875032   -0.08157802072267    0.13927113854081   -0.05086344952264  
  3.760000   -0.07457678246279    0.14997127656339   -0.08180364089480    0.13964129029694   -0.05001204717294  
  3.770000   -0.07399623778298    0.14956807869635   -0.08200466511735    0.14008669564615   -0.04917177441734  
  3.780000   -0.07341710889250    0.14915766738090   -0.08218254185178    0.14059531109277   -0.04834274118319  
  3.790000   -0.07283795184820    0.14874231625423   -0.08233881050389    0.14115447402024   -0.04752506172442  
  3.800000   -0.07225739477264    0.14832424037940   -0.08247508766429    0.14175103907935   -0.04671885204632  
  3.810000   -0.07167415101656    0.14790557685150   -0.08259305259372    0.14237151912469   -0.04592422730280  
  3.820000   -0.07108703145083    0.14748836617903   -0.08269443210550    0.14300222920700   -0.04514129919487  
  3.830000   -0.07049495576558    0.14707453462217   -0.08278098500252    0.14362943210231   -0.04437017339924  
  3.840000   -0.06989696266428    0.14666587765991   -0.08285448623049    0.14423948384799   -0.04361094705541  
  3.850000   -0.06929221885162    0.14626404474666   -0.08291671091122    0.14481897776146   -0.04286370633909  
  3.860000   -0.06868002672635    0.14587052550605   -0.08296941842049    0.14535488543789   -0.04212852414900  
  3.870000   -0.06805983070309    0.14548663749549   -0.08301433667376    0.14583469326044   -0.04140545793267  
  3.880000   -0.06743122210110    0.14511351565920   -0.08305314678026    0.14624653300833   -0.04069454767553  
  3.890000   -0.06679394255211    0.14475210357094   -0.08308746822181    0.14657930521422   -0.03999581407588  
  3.900000   -0.06614788589455    0.14440314654995   -0.08311884470628    0.14682279400316   -0.03930925692614  
  3.910000   -0.06549309853619    0.14406718671509   -0.08314873083858    0.14696777223821   -0.03863485371882  
  3.920000   -0.06482977828295    0.14374456002322   -0.08317847974265    0.14700609590313   -0.03797255849309  
  3.930000   -0.06415827164666    0.14343539531821   -0.08320933175817    0.14693078676873   -0.03732230093528  
  3.940000   -0.06347906966001    0.14313961539752   -0.08324240432365    0.14673610251463   -0.03668398574395  
  3.950000   -0.06279280224158    0.14285694008325   -0.08327868314544    0.14641759361248   -0.03605749226731  
  3.960000   -0.06210023116844    0.14258689126528   -0.08331901473816    0.14597214641689   -0.03544267441774  
  3.970000   -0.06140224172773    0.14232879986457   -0.08336410040825    0.14539801205655   -0.03483936086546  
  3.980000   -0.06069983313157    0.14208181464620   -0.08341449173647    0.14469482086760   -0.03424735550993  
  3.990000   -0.05999410779235    0.14184491279374   -0.08347058760045    0.14386358226346   -0.03366643822503  
  4.000000   -0.05928625956636    0.14161691213917   -0.08353263276166    0.14290667008798   -0.03309636587072  
  4.010000   -0.05857756108421    0.14139648492687   -0.08360071802562    0.14182779365020   -0.03253687356131  
  4.020000   -0.05786935029569    0.14118217297508   -0.08367478196756    0.14063195478855   -0.03198767617730  
  4.030000   -0.05716301636416    0.14097240408480   -0.08375461420005    0.13932539145728   -0.03144847010548  
  4.040000   -0.05645998505238    0.14076550953416   -0.08383986014314    0.13791550846739   -0.03091893518918  
  4.050000   -0.05576170374650    0.14055974248567   -0.08393002724236    0.13641079614702   -0.03039873686844  
  4.060000   -0.05506962626865    0.14035329712523   -0.08402449256541    0.13482073781049   -0.02988752848758  
  4.070000   -0.05438519763048    0.14014432834458   -0.08412251169420    0.13315570703950   -0.02938495374602  
  4.080000   -0.05370983888086    0.13993097177397   -0.08422322881620    0.13142685588435   -0.02889064926628  
  4.090000   -0.05304493219963    0.13971136396828   -0.08432568790696    0.12964599518419   -0.02840424725220  
  4.100000   -0.05239180638708    0.13948366254889   -0.08442884488480    0.12782546828535   -0.02792537820875  
  4.110000   -0.05175172289483    0.13924606610370   -0.08453158060938    0.12597801950184   -0.02745367369481  
  4.120000   -0.05112586253834    0.13899683365063   -0.08463271458725    0.12411665871370   -0.02698876907911  
  4.130000   -0.05051531302443    0.13873430347414   -0.08473101924120    0.12225452353585   -0.02653030626999  
  4.140000   -0.04992105741918    0.13845691115036   -0.08482523459455    0.12040474051128   -0.02607793638952  
  4.150000   -0.04934396367221    0.13816320658495   -0.08491408321801    0.11858028678954   -0.02563132236310  
  4.160000   -0.04878477530258    0.13785186989693   -0.08499628528451    0.11679385374201   -0.02519014139652  
  4.170000   -0.04824410334036    0.13752172599345   -0.08507057357683    0.11505771394195   -0.02475408731365  
  4.180000   -0.04772241960508    0.13717175769325   -0.08513570829390    0.11338359289841   -0.02432287272905  
  4.190000   -0.04722005138900    0.13680111727048   -0.08519049150425    0.11178254687986   -0.02389623103203  
  4.200000   -0.04673717759946    0.13640913630641   -0.08523378109915    0.11026484809647   -0.02347391816004  
  4.210000   -0.04627382639940    0.13599533375263   -0.08526450410370    0.10883987842972   -0.02305571414190  
  4.220000   -0.04582987437098    0.13555942212709   -0.08528166921117    0.10751603280607   -0.02264142439368  
  4.230000   -0.04540504721127    0.13510131178232   -0.08528437841426    0.10630063320730   -0.02223088075257  
  4.240000   -0.04499892195429    0.13462111320399   -0.08527183761666    0.10519985419712   -0.02182394223692  
  4.250000   -0.04461093069809    0.13411913731717   -0.08524336611920    0.10421866072043   -0.02142049552356  
  4.260000   -0.04424036580073    0.13359589379687   -0.08519840488659    0.10336075880186   -0.02102045513657  
  4.270000   -0.04388638649410    0.13305208739895   -0.08513652351384    0.10262855963334   -0.02062376334448  
  4.280000   -0.04354802685062    0.13248861234664   -0.08505742582466    0.10202315739947   -0.02023038976660  
  4.290000   -0.04322420502409    0.13190654482676   -0.08496095404881    0.10154432104454   -0.01984033069149  
  4.300000   -0.04291373367330    0.13130713366826   -0.08484709153975    0.10119050003876   -0.01945360811463  
  4.310000   -0.04261533146496    0.13069178929289   -0.08471596400924    0.10095884405420   -0.01907026850452  
  4.320000   -0.04232763554197    0.13006207104522   -0.08456783927078    0.10084523631578   -0.01869038131008  
  4.330000   -0.04204921483288    0.12941967302426   -0.08440312549895    0.10084434024936   -0.01831403722468  
  4.340000   -0.04177858407027    0.12876640855404   -0.08422236802717    0.10094965891077   -0.01794134622487  
  4.350000   -0.04151421837819    0.12810419344339   -0.08402624472111    0.10115360654632   -0.01757243540459  
  4.360000   -0.04125456828339    0.12743502819714   -0.08381555997941    0.10144759150969   -0.01720744662758  
  4.370000   -0.04099807500017    0.12676097935090   -0.08359123742761    0.10182210964235   -0.01684653402305  
  4.380000   -0.04074318583620    0.12608416011053   -0.08335431138405    0.10226684711646   -0.01648986135133  
  4.390000   -0.04048836956498    0.12540671048385   -0.08310591718901    0.10277079164209   -0.01613759926773  
  4.400000   -0.04023213161086    0.12473077709736   -0.08284728049981    0.10332235085440   -0.01578992251407  
  4.410000   -0.03997302889406    0.12405849289395   -0.08257970566480    0.10390947662355   -0.01544700706827  
  4.420000   -0.03970968418644    0.12339195690864   -0.08230456329824    0.10451979396955   -0.01510902728294  
  4.430000   -0.03944079983332    0.12273321431907   -0.08202327718622    0.10514073321862   -0.01477615304407  
  4.440000   -0.03916517070271    0.12208423696478   -0.08173731065987    0.10575966400524   -0.01444854698103  
  4.450000   -0.03888169623084    0.12144690452516   -0.08144815257756    0.10636402970714   -0.01412636175850  
  4.460000   -0.03858939144155    0.12082298653958   -0.08115730306124    0.10694148089780   -0.01380973748027  
  4.470000   -0.03828739682727    0.12021412544552   -0.08086625913426    0.10748000641343   -0.01349879923373  
  4.480000   -0.03797498699017    0.11962182080087   -0.08057650040867    0.10796806065815   -0.01319365480254  
  4.490000   -0.03765157795456    0.11904741484533   -0.08028947496920    0.10839468581249   -0.01289439257324  
  4.500000   -0.03731673307425    0.11849207954325   -0.08000658559859    0.10874962766538   -0.01260107965950  
  4.510000   -0.03697016747273    0.11795680523642   -0.07972917648526    0.10902344385813   -0.01231376026569  
  4.520000   -0.03661175096841    0.11744239101961   -0.07945852054908    0.10920760340999   -0.01203245430866  
  4.530000   -0.03624150945195    0.11694943693598   -0.07919580751414    0.10929457648748   -0.01175715631422  
  4.540000   -0.03585962469818    0.11647833807177   -0.07894213284984    0.10927791348297   -0.01148783460162  
  4.550000   -0.03546643261071    0.11602928061188   -0.07869848769219    0.10915231258111   -0.01122443076658  
  4.560000   -0.03506241991258    0.11560223989932   -0.07846574984721    0.10891367511326   -0.01096685946991  
  4.570000   -0.03464821931210    0.11519698052260   -0.07824467596678    0.10855914812835   -0.01071500853584  
  4.580000   -0.03422460318798    0.11481305843574   -0.07803589497547    0.10808715374354   -0.01046873936051  
  4.590000   -0.03379247585288    0.11444982509642   -0.07783990281362    0.10749740497653   -0.01022788762795  
  4.600000   -0.03335286446854    0.11410643358862   -0.07765705854875    0.10679090790346   -0.00999226432737  
  4.610000   -0.03290690869938    0.11378184667713   -0.07748758189286    0.10596995012972   -0.00976165706243  
  4.620000   -0.03245584920418    0.11347484672316   -0.07733155214933    0.10503807570421   -0.00953583163971  
  4.630000   -0.03200101507710    0.11318404737230   -0.07718890859803    0.10400004674973   -0.00931453392081  
  4.640000   -0.03154381036026    0.11290790690948   -0.07705945231281    0.10286179222084   -0.00909749191921  
  4.650000   -0.03108569975945    0.11264474315951   -0.07694284939096    0.10163034433553   -0.00888441812050  
  4.660000   -0.03062819370282    0.11239274979691   -0.07683863555985    0.10031376335527   -0.00867501200191  
  4.670000   -0.03017283288961    0.11215001391560   -0.07674622211189    0.09892105151018   -0.00846896272485  
  4.680000   -0.02972117248095    0.11191453469646   -0.07666490310562    0.09746205697917   -0.00826595197183  
  4.690000   -0.02927476608933    0.11168424300047   -0.07659386375799    0.09594736893847   -0.00806565689795  
  4.700000   -0.02883514972549    0.11145702170607   -0.07653218994059    0.09438820478545   -0.00786775316493  
  4.710000   -0.02840382586245    0.11123072660188   -0.07647887868184    0.09279629072600   -0.00767191802522  
  4.720000   -0.02798224777596    0.11100320764068   -0.07643284956670    0.09118373698287   -0.00747783342258  
  4.730000   -0.02757180431816    0.11077233035649   -0.07639295691668    0.08956290893867   -0.00728518907511  
  4.740000   -0.02717380527791    0.11053599724467   -0.07635800262495    0.08794629556911   -0.00709368550684  
  4.750000   -0.02678946747552    0.11029216890521   -0.07632674951494    0.08634637655085   -0.00690303699402  
  4.760000   -0.02641990173327    0.11003888475064   -0.07629793508536    0.08477548944167   -0.00671297439320  
  4.770000   -0.02606610085490    0.10977428308400   -0.07627028550114    0.08324569833013   -0.00652324781890  
  4.780000   -0.02572892873767    0.10949662035743   -0.07624252968680    0.08176866533666   -0.00633362914036  
  4.790000   -0.02540911073006    0.10920428942939   -0.07621341337827    0.08035552631818   -0.00614391426828  
  4.800000   -0.02510722533630    0.10889583664681   -0.07618171298931    0.07901677208476   -0.00595392520464  
  4.810000   -0.02482369735601    0.10856997758945   -0.07614624915069    0.07776213637956   -0.00576351183101  
  4.820000   -0.02455879253358    0.10822561132529   -0.07610589978342    0.07660049180263   -0.00557255341335  
  4.830000   -0.02431261377730    0.10786183303903   -0.07605961257219    0.07553975477710   -0.00538095980413  
  4.840000   -0.02408509899314    0.10747794491050   -0.07600641671095    0.07458680056150   -0.00518867232575  
  4.850000   -0.02387602056223    0.10707346513540   -0.07594543379987    0.07374738920812   -0.00499566432253  
  4.860000   -0.02368498647550    0.10664813499705   -0.07587588778129    0.07302610325311   -0.00480194137194  
  4.870000   -0.02351144312223    0.10620192391594   -0.07579711381193    0.07242629780186   -0.00460754114929  
  4.880000   -0.02335467971346    0.10573503242131   -0.07570856597882    0.07195006354448   -0.00441253294403  
  4.890000   -0.02321383430487    0.10524789300796   -0.07560982377811    0.07159820310145   -0.00421701682909  
  4.900000   -0.02308790136799    0.10474116886035   -0.07550059728801    0.07137022096053   -0.00402112248888  
  4.910000   -0.02297574084334    0.10421575044504   -0.07538073097973    0.07126432712473   -0.00382500771491  
  4.920000   -0.02287608859403    0.10367274999151   -0.07525020612406    0.07127745444798   -0.00362885658209  
  4.930000   -0.02278756816458    0.10311349390048   -0.07510914176438    0.07140528949244   -0.00343287732170  
  4.940000   -0.02270870373636    0.10253951313686   -0.07495779424165    0.07164231660020   -0.00323729991119  
  4.950000   -0.02263793415884    0.10195253168300   -0.07479655527015    0.07198187473415   -0.00304237340346  
  4.960000   -0.02257362792479    0.10135445314448   -0.07462594857777    0.07241622650914   -0.00284836302197  
  4.970000   -0.02251409894780    0.10074734561748   -0.07444662513764    0.07293663870684   -0.00265554705025  
  4.980000   -0.02245762299172    0.10013342494208   -0.07425935703249    0.07353347344732   -0.00246421354734  
  4.990000   -0.02240245459478    0.09951503647979   -0.07406503000536    0.07419628907822   -0.00227465692260  
  5.000000   -0.02234684432534    0.09889463556694   -0.07386463476386    0.07491394974002   -0.00208717440539  
  5.010000   -0.02228905620211    0.09827476680701   -0.07365925711635    0.07567474247392   -0.00190206244651  
  5.020000   -0.02222738510939    0.09765804237484   -0.07345006703020    0.07646650065900   -0.00171961308957  
  5.030000   -0.02216017403664    0.09704711951474   -0.07323830671226    0.07727673249710   -0.00154011035121  
  5.040000   -0.02208583097286    0.09644467742098   -0.07302527782102    0.07809275320966   -0.00136382664939  
  5.050000   -0.02200284528827    0.09585339369451   -0.07281232792821    0.07890181956958   -0.00119101931901  
  5.060000   -0.02190980344002    0.09527592057351   -0.07260083635460    0.07969126536446   -0.00102192725382  
  5.070000   -0.02180540384404    0.09471486113660   -0.07239219951071    0.08044863637518   -0.00085676771237  
  5.080000   -0.02168847076256    0.09417274567820   -0.07218781587757    0.08116182345610   -0.00069573332498  
  5.090000   -0.02155796706485    0.09365200845322   -0.07198907076599    0.08181919231970   -0.00053898933677  
  5.100000   -0.02141300572948    0.09315496498495   -0.07179732099495    0.08240970865978   -0.00038667111986  
  5.110000   -0.02125285996686    0.09268379012517   -0.07161387962995    0.08292305729253   -0.00023888198548  
  5.120000   -0.02107697185399    0.09224049704807   -0.07144000092175    0.08334975405348   -0.00009569132409  
  5.130000   -0.02088495938645    0.09182691735191   -0.07127686558376    0.08368124926049    0.00004286690151  
  5.140000   -0.02067662186748    0.09144468243190   -0.07112556654288    0.08391002163692    0.00017679528837  
  5.150000   -0.02045194356921    0.09109520627707   -0.07098709529418    0.08402966168488    0.00030613373283  
  5.160000   -0.02021109561722    0.09077966983102   -0.07086232898381    0.08403494360479    0.00043095976269  
  5.170000   -0.01995443606624    0.09049900704311   -0.07075201833772    0.08392188497284    0.00055138845207  
  5.180000   -0.01968250815167    0.09025389272171   -0.07065677654553    0.08368779351211    0.00066757191244  
  5.190000   -0.01939603671888    0.09004473228593   -0.07057706920022    0.08333130042394    0.00077969835813  
  5.200000   -0.01909592284958    0.08987165349559   -0.07051320538406    0.08285237988267    0.00088799074853  
  5.210000   -0.01878323672153    0.08973450022270   -0.07046532998075    0.08225235443783    0.00099270501374  
  5.220000   -0.01845920875509    0.08963282831006   -0.07043341728230    0.08153388621191    0.00109412787470  
  5.230000   -0.01812521911612    0.08956590354545   -0.07041726594726    0.08070095392659    0.00119257427310  
  5.240000   -0.01778278566123    0.08953270176173   -0.07041649535463    0.07975881593599    0.00128838443047  
  5.250000   -0.01743355042619    0.08953191105599   -0.07043054338487    0.07871395958885    0.00138192056005  
  5.260000   -0.01707926477266    0.08956193610306   -0.07045866564684    0.07757403738243    0.00147356325861  
  5.270000   -0.01672177332191    0.08962090452208   -0.07049993615634    0.07634779050705    0.00156370760915  
  5.280000   -0.01636299681619    0.08970667523770   -0.07055324945906    0.07504496051087    0.00165275902880  
  5.290000   -0.01600491405945    0.08981684876222   -0.07061732417809    0.07367618993779    0.00174112889915  
  5.300000   -0.01564954309863    0.08994877930926   -0.07069070795358    0.07225291290635    0.00182923001890  
  5.310000   -0.01529892181481    0.09009958863586   -0.07077178373029    0.07078723670319    0.00191747192140  
  5.320000   -0.01495508810016    0.09026618149633   -0.07085877733716    0.06929181555911    0.00200625610112  
  5.330000   -0.01462005980170    0.09044526257945   -0.07094976629202    0.06777971785950    0.00209597119505  
  5.340000   -0.01429581461582    0.09063335478955   -0.07104268975478    0.06626428811130    0.00218698816594  
  5.350000   -0.01398427011968    0.09082681872259   -0.07113535954254    0.06475900504656    0.00227965553500  
  5.360000   -0.01368726412508    0.09102187318011   -0.07122547211191    0.06327733728635    0.00237429471193  
  5.370000   -0.01340653553878    0.09121461655689   -0.07131062140588    0.06183259801826    0.00247119546983  
  5.380000   -0.01314370590957    0.09140104893262   -0.07138831245580    0.06043780015569    0.00257061161189  
  5.390000   -0.01290026183734    0.09157709469338   -0.07145597562306    0.05910551344710    0.00267275687556  
  5.400000   -0.01267753841214    0.09173862550501   -0.07151098135955    0.05784772498804    0.00277780111810  
  5.410000   -0.01247670384266    0.09188148345773   -0.07155065536100    0.05667570455909    0.00288586682540  
  5.420000   -0.01229874542332    0.09200150419843   -0.07157229398267    0.05559987616692    0.00299702598316  
  5.430000   -0.01214445697683    0.09209453986369   -0.07157317978126    0.05462969710583    0.00311129734649  
  5.440000   -0.01201442789544    0.09215648162142   -0.07155059704053    0.05377354578077    0.00322864413987  
  5.450000   -0.01190903388835    0.09218328162111   -0.07150184712930    0.05303861944198    0.00334897221552  
  5.460000   -0.01182842952474    0.09217097413927   -0.07142426352799    0.05243084287328    0.00347212869247  
  5.470000   -0.01177254264210    0.09211569568646   -0.07131522634169    0.05195478895117    0.00359790109291  
  5.480000   -0.01174107066578    0.09201370381104   -0.07117217609203    0.05161361184694    0.00372601698499  
  5.490000   -0.01173347885956    0.09186139429007   -0.07099262654339    0.05140899347703    0.00385614413225  
  5.500000   -0.01174900049529    0.09165531633440   -0.07077417626900    0.05134110361255    0.00398789113919  
  5.510000   -0.01178663889279    0.09139218534994   -0.07051451859558    0.05140857383288    0.00412080856939  
  5.520000   -0.01184517123710    0.09106889268597   -0.07021144947883    0.05160848524210    0.00425439049574  
  5.530000   -0.01192315402706    0.09068251166268   -0.06986287275475    0.05193636955344    0.00438807642271  
  5.540000   -0.01201892994671    0.09023029900413   -0.06946680208417    0.05238622277739    0.00452125349588  
  5.550000   -0.01213063587661    0.08970969061557   -0.06902135876367    0.05295053031628    0.00465325888504  
  5.560000   -0.01225621167780    0.08911829044740   -0.06852476442543    0.05362030176956    0.00478338219364  
  5.570000   -0.01239340928663    0.08845385100415   -0.06797532750765    0.05438511319467    0.00491086771095  
  5.580000   -0.01253980156072    0.08771424391947   -0.06737142227126    0.05523315396697    0.00503491628489  
  5.590000   -0.01269279022201    0.08689741897508   -0.06671145910610    0.05615127477751    0.00515468655895  
  5.600000   -0.01284961216687    0.08600135005613   -0.06599384495561    0.05712503276500    0.00526929529065  
  5.610000   -0.01300734337582    0.08502396688411   -0.06521693295506    0.05813872940060    0.00537781646064  
  5.620000   -0.01316289968309    0.08396307203830   -0.06437896088857    0.05917543666898    0.00547927890324  
  5.630000   -0.01331303379374    0.08281624385714   -0.06347797889382    0.06021700750040    0.00557266225310  
  5.640000   -0.01345432820065    0.08158072738000   -0.06251176804021    0.06124406751841    0.00565689112553  
  5.650000   -0.01358318409570    0.08025331759886   -0.06147775301613    0.06223598720995    0.00573082764412  
  5.660000   -0.01369580702343    0.07883024193948   -0.06037291418421    0.06317083681409    0.00579326271145  
  5.670000   -0.01378819091092    0.07730705200979   -0.05919370664712    0.06402533072191    0.00584290679211  
  5.680000   -0.01385610322236    0.07567853806923   -0.05793599657828    0.06477477401903    0.00587838143782  
  5.690000   -0.01389507528837    0.07393868309656   -0.05659502769524    0.06539303083217    0.00589821331151  
  5.700000   -0.01390040326064    0.07208067635042   -0.05516543306794    0.06585254194894    0.00590083302095  
  5.710000   -0.01386716649532    0.07009700838908   -0.05364130905237    0.06612442703067    0.00588458159064  
  5.720000   -0.01379027126746    0.06797967001407   -0.05201636853985    0.06617871354873    0.00584772779806  
  5.730000   -0.01366452830393    0.06572047586112   -0.05028418940289    0.06598473893300    0.00578849977271  
  5.740000   -0.01348477240084    0.06331152875749   -0.04843857052212    0.06551177267206    0.00570513408809  
  5.750000   -0.01324603106647    0.06074583302574   -0.04647400173098    0.06472989952603    0.00559594495635  
  5.760000   -0.01294374645272    0.05801805343718   -0.04438624525598    0.06361119206206    0.00545941497128  
  5.770000   -0.01257405065932    0.05512540169479   -0.04217301490122    0.06213117936356    0.00529430709183  
  5.780000   -0.01213408882932    0.05206861483632   -0.03983472584319    0.06027058882216    0.00509979523504  
  5.790000   -0.01162237753804    0.04885297102979   -0.03737527340698    0.05801730042231    0.00487560806325  
  5.800000   -0.01103917829946    0.04548926966698   -0.03480278494832    0.05536841034737    0.00462217751223  
  5.810000   -0.01038685832996    0.04199468668222   -0.03213027667987    0.05233225708422    0.00434078062307  
  5.820000   -0.00967020400117    0.03839340514551   -0.02937613888050    0.04893022387847    0.00403366070296  
  5.830000   -0.00889664781070    0.03471691791045   -0.02656437034190    0.04519810274755    0.00370411218836  
  5.840000   -0.00807636834452    0.03100390560880   -0.02372448780924    0.04118679389273    0.00335651325706  
  5.850000   -0.00722222558669    0.02729961102807   -0.02089104968847    0.03696212615274    0.00299629160017  
  5.860000   -0.00634950169824    0.02365466027099   -0.01810275572885    0.03260362321111    0.00262981205068  
  5.870000   -0.00547543016742    0.02012332111238   -0.01540111502118    0.02820210786692    0.00226417999115  
  5.880000   -0.00461851350270    0.01676123719397   -0.01282871161380    0.02385613038956    0.00190696139649  
  5.890000   -0.00379765016405    0.01362272924637   -0.01042713736790    0.01966732030357    0.00156582850129  
  5.900000   -0.00303111330037    0.01075780634318   -0.00823470147317    0.01573488346354    0.00124814865338  
  5.910000   -0.00233544466290    0.00820907551434   -0.00628406090036    0.01214958445537    0.00096054197912  
  5.920000   -0.00172434412678    0.00600877105724   -0.00459994150401    0.00898765303241    0.00070844000449  
  5.930000   -0.00120764600084    0.00417614045356   -0.00319713155544    0.00630511762361    0.00049568136644  
  5.940000   -0.00079047564157    0.00271541823182   -0.00207892532814    0.00413308662489    0.00032418141772  
  5.950000   -0.00047267254974    0.00161459078855   -0.00123617271407    0.00247446153786    0.00019370941538  
  5.960000   -0.00024854896805    0.00084510496739   -0.00064705237641    0.00130247367814    0.00010180005878  
  5.970000   -0.00010702711604    0.00036260458847   -0.00027763331414    0.00056129392192    0.00004381585936  
  5.980000   -0.00003216590472    0.00010869800299   -0.00008322744268    0.00016878557541    0.00001316409435  
  5.990000   -0.00000405256559    0.00001367383021   -0.00001046980506    0.00002127247994    0.00000165820963  
  6.000000    0.00000000000000    0.00000000000000    0.00000000000000    0.00000000000000   -0.00000000000000  
