0.0024	6.5005e-21
0.0048	7.32828e-21
0.0072	8.23505e-21
0.0096	9.22452e-21
0.012	1.02999e-20
0.0144	1.14636e-20
0.0168	1.27171e-20
0.0192	1.40606e-20
0.0216	1.54929e-20
0.024	1.70108e-20
0.0264	1.86088e-20
0.0288	2.02785e-20
0.0312	2.20084e-20
0.0336	2.37829e-20
0.036	2.55816e-20
0.0384	2.73789e-20
0.0408	2.91427e-20
0.0432	3.08334e-20
0.0456	3.24031e-20
0.048	3.3794e-20
0.0504	3.4937e-20
0.0528	3.57507e-20
0.0552	3.61387e-20
0.0576	3.59886e-20
0.06	3.51695e-20
0.0624	3.353e-20
0.0648	3.08954e-20
0.0672	2.70654e-20
0.0696	2.18112e-20
0.072	1.48721e-20
0.0744	5.95274e-21
0.0768	-5.28066e-21
0.0792	-1.92039e-20
0.0816	-3.62386e-20
0.084	-5.68562e-20
0.0864	-8.15819e-20
0.0888	-1.10999e-19
0.0912	-1.45754e-19
0.0936	-1.86558e-19
0.096	-2.34195e-19
0.0984	-2.89523e-19
0.1008	-3.53476e-19
0.1032	-4.27072e-19
0.1056	-5.11413e-19
0.108	-6.07687e-19
0.1104	-7.17169e-19
0.1128	-8.41221e-19
0.1152	-9.81291e-19
0.1176	-1.13891e-18
0.12	-1.31568e-18
0.1224	-1.51329e-18
0.1248	-1.73347e-18
0.1272	-1.978e-18
0.1296	-2.24869e-18
0.132	-2.54734e-18
0.1344	-2.87576e-18
0.1368	-3.23568e-18
0.1392	-3.62873e-18
0.1416	-4.05639e-18
0.144	-4.51997e-18
0.1464	-5.02048e-18
0.1488	-5.55859e-18
0.1512	-6.13454e-18
0.1536	-6.74802e-18
0.156	-7.39808e-18
0.1584	-8.08295e-18
0.1608	-8.79992e-18
0.1632	-9.54517e-18
0.1656	-1.03135e-17
0.168	-1.10983e-17
0.1704	-1.18911e-17
0.1728	-1.26812e-17
0.1752	-1.34558e-17
0.1776	-1.41994e-17
0.18	-1.4893e-17
0.1824	-1.55147e-17
0.1848	-1.60383e-17
0.1872	-1.64332e-17
0.1896	-1.6664e-17
0.192	-1.66896e-17
0.1944	-1.6463e-17
0.1968	-1.593e-17
0.1992	-1.50292e-17
0.2016	-1.36909e-17
0.204	-1.18363e-17
0.2064	-9.37646e-18
0.2088	-6.212e-18
0.2112	-2.23163e-18
0.2136	2.68855e-18
0.216	8.68605e-18
0.2184	1.5913e-17
0.2208	2.45369e-17
0.2232	3.47422e-17
0.2256	4.67304e-17
0.228	6.07215e-17
0.2304	7.69546e-17
0.2328	9.56889e-17
0.2352	1.17204e-16
0.2376	1.418e-16
0.24	1.69798e-16
0.2424	2.01541e-16
0.2448	2.37392e-16
0.2472	2.77734e-16
0.2496	3.2297e-16
0.252	3.73517e-16
0.2544	4.29811e-16
0.2568	4.92298e-16
0.2592	5.6143e-16
0.2616	6.37668e-16
0.264	7.21466e-16
0.2664	8.13273e-16
0.2688	9.13517e-16
0.2712	1.0226e-15
0.2736	1.1409e-15
0.276	1.26872e-15
0.2784	1.40631e-15
0.2808	1.55385e-15
0.2832	1.7114e-15
0.2856	1.87889e-15
0.288	2.05612e-15
0.2904	2.2427e-15
0.2928	2.43802e-15
0.2952	2.64125e-15
0.2976	2.85126e-15
0.3	3.06657e-15
0.3024	3.28535e-15
0.3048	3.50532e-15
0.3072	3.72373e-15
0.3096	3.93725e-15
0.312	4.14194e-15
0.3144	4.33316e-15
0.3168	4.50548e-15
0.3192	4.65259e-15
0.3216	4.76725e-15
0.324	4.84112e-15
0.3264	4.8647e-15
0.3288	4.8272e-15
0.3312	4.71643e-15
0.3336	4.51867e-15
0.336	4.21853e-15
0.3384	3.79882e-15
0.3408	3.24044e-15
0.3432	2.52217e-15
0.3456	1.62062e-15
0.348	5.09998e-16
0.3504	-8.37972e-16
0.3528	-2.45421e-15
0.3552	-4.37241e-15
0.3576	-6.62916e-15
0.36	-9.26404e-15
0.3624	-1.23197e-14
0.3648	-1.5842e-14
0.3672	-1.98801e-14
0.3696	-2.4486e-14
0.372	-2.97154e-14
0.3744	-3.56268e-14
0.3768	-4.22817e-14
0.3792	-4.97447e-14
0.3816	-5.80827e-14
0.384	-6.7365e-14
0.3864	-7.76626e-14
0.3888	-8.90479e-14
0.3912	-1.01594e-13
0.3936	-1.15373e-13
0.396	-1.30458e-13
0.3984	-1.46918e-13
0.4008	-1.6482e-13
0.4032	-1.84224e-13
0.4056	-2.05187e-13
0.408	-2.27754e-13
0.4104	-2.51961e-13
0.4128	-2.77832e-13
0.4152	-3.05372e-13
0.4176	-3.34571e-13
0.42	-3.65394e-13
0.4224	-3.97779e-13
0.4248	-4.31637e-13
0.4272	-4.66841e-13
0.4296	-5.03223e-13
0.432	-5.40573e-13
0.4344	-5.78624e-13
0.4368	-6.17055e-13
0.4392	-6.55476e-13
0.4416	-6.93426e-13
0.444	-7.30359e-13
0.4464	-7.65641e-13
0.4488	-7.98538e-13
0.4512	-8.28205e-13
0.4536	-8.53675e-13
0.456	-8.73852e-13
0.4584	-8.87496e-13
0.4608	-8.93209e-13
0.4632	-8.89429e-13
0.4656	-8.7441e-13
0.468	-8.46214e-13
0.4704	-8.02696e-13
0.4728	-7.41488e-13
0.4752	-6.5999e-13
0.4776	-5.55357e-13
0.48	-4.24481e-13
0.4824	-2.63986e-13
0.4848	-7.02117e-14
0.4872	1.60793e-13
0.4896	4.3328e-13
0.492	7.51808e-13
0.4944	1.12125e-12
0.4968	1.54678e-12
0.4992	2.03389e-12
0.5016	2.58838e-12
0.504	3.21636e-12
0.5064	3.92417e-12
0.5088	4.71848e-12
0.5112	5.60614e-12
0.5136	6.59422e-12
0.516	7.68996e-12
0.5184	8.90069e-12
0.5208	1.02338e-11
0.5232	1.16966e-11
0.5256	1.32965e-11
0.528	1.50403e-11
0.5304	1.6935e-11
0.5328	1.89867e-11
0.5352	2.12012e-11
0.5376	2.35834e-11
0.54	2.61374e-11
0.5424	2.8866e-11
0.5448	3.17708e-11
0.5472	3.48517e-11
0.5496	3.81068e-11
0.552	4.15319e-11
0.5544	4.51203e-11
0.5568	4.88625e-11
0.5592	5.27458e-11
0.5616	5.67537e-11
0.564	6.08655e-11
0.5664	6.5056e-11
0.5688	6.92949e-11
0.5712	7.35462e-11
0.5736	7.77675e-11
0.576	8.19096e-11
0.5784	8.59158e-11
0.5808	8.97212e-11
0.5832	9.32518e-11
0.5856	9.64241e-11
0.588	9.91442e-11
0.5904	1.01307e-10
0.5928	1.02795e-10
0.5952	1.03479e-10
0.5976	1.03216e-10
0.6	1.01846e-10
0.6024	9.91989e-11
0.6048	9.5084e-11
0.6072	8.92965e-11
0.6096	8.16136e-11
0.612	7.17949e-11
0.6144	5.95812e-11
0.6168	4.46949e-11
0.6192	2.68389e-11
0.6216	5.69693e-12
0.624	-1.90666e-11
0.6264	-4.78066e-11
0.6288	-8.08967e-11
0.6312	-1.18729e-10
0.6336	-1.61712e-10
0.636	-2.10272e-10
0.6384	-2.64848e-10
0.6408	-3.25893e-10
0.6432	-3.9387e-10
0.6456	-4.6925e-10
0.648	-5.52507e-10
0.6504	-6.44117e-10
0.6528	-7.4455e-10
0.6552	-8.5427e-10
0.6576	-9.73724e-10
0.66	-1.10334e-09
0.6624	-1.24351e-09
0.6648	-1.3946e-09
0.6672	-1.55692e-09
0.6696	-1.73073e-09
0.672	-1.91623e-09
0.6744	-2.11352e-09
0.6768	-2.32263e-09
0.6792	-2.54348e-09
0.6816	-2.77584e-09
0.684	-3.01939e-09
0.6864	-3.27361e-09
0.6888	-3.53784e-09
0.6912	-3.81118e-09
0.6936	-4.09256e-09
0.696	-4.38065e-09
0.6984	-4.67383e-09
0.7008	-4.97024e-09
0.7032	-5.26766e-09
0.7056	-5.56356e-09
0.708	-5.855e-09
0.7104	-6.13868e-09
0.7128	-6.41084e-09
0.7152	-6.66727e-09
0.7176	-6.90326e-09
0.72	-7.11358e-09
0.7224	-7.29245e-09
0.7248	-7.4335e-09
0.7272	-7.52975e-09
0.7296	-7.57357e-09
0.732	-7.55666e-09
0.7344	-7.47003e-09
0.7368	-7.30398e-09
0.7392	-7.04805e-09
0.7416	-6.69104e-09
0.744	-6.22099e-09
0.7464	-5.62516e-09
0.7488	-4.89003e-09
0.7512	-4.00132e-09
0.7536	-2.944e-09
0.756	-1.70229e-09
0.7584	-2.5971e-10
0.7608	1.40088e-09
0.7632	3.29725e-09
0.7656	5.44771e-09
0.768	7.87105e-09
0.7704	1.05864e-08
0.7728	1.36133e-08
0.7752	1.69713e-08
0.7776	2.06801e-08
0.78	2.4759e-08
0.7824	2.92273e-08
0.7848	3.41035e-08
0.7872	3.94054e-08
0.7896	4.515e-08
0.792	5.13526e-08
0.7944	5.80273e-08
0.7968	6.51861e-08
0.7992	7.28385e-08
0.8016	8.09918e-08
0.804	8.96497e-08
0.8064	9.88126e-08
0.8088	1.08477e-07
0.8112	1.18634e-07
0.8136	1.29272e-07
0.816	1.40369e-07
0.8184	1.51903e-07
0.8208	1.6384e-07
0.8232	1.7614e-07
0.8256	1.88755e-07
0.828	2.01629e-07
0.8304	2.14694e-07
0.8328	2.27873e-07
0.8352	2.41078e-07
0.8376	2.54207e-07
0.84	2.67148e-07
0.8424	2.79774e-07
0.8448	2.91942e-07
0.8472	3.03497e-07
0.8496	3.14266e-07
0.852	3.24059e-07
0.8544	3.3267e-07
0.8568	3.39875e-07
0.8592	3.45429e-07
0.8616	3.49073e-07
0.864	3.50523e-07
0.8664	3.49478e-07
0.8688	3.45617e-07
0.8712	3.38597e-07
0.8736	3.28058e-07
0.876	3.13618e-07
0.8784	2.94875e-07
0.8808	2.71409e-07
0.8832	2.42782e-07
0.8856	2.08538e-07
0.888	1.68206e-07
0.8904	1.213e-07
0.8928	6.73205e-08
0.8952	5.75981e-09
0.8976	-6.38992e-08
0.9	-1.42178e-07
0.9024	-2.29602e-07
0.9048	-3.26691e-07
0.9072	-4.33964e-07
0.9096	-5.51924e-07
0.912	-6.81065e-07
0.9144	-8.21855e-07
0.9168	-9.7474e-07
0.9192	-1.14013e-06
0.9216	-1.3184e-06
0.924	-1.50986e-06
0.9264	-1.7148e-06
0.9288	-1.93342e-06
0.9312	-2.16584e-06
0.9336	-2.41213e-06
0.936	-2.67223e-06
0.9384	-2.94601e-06
0.9408	-3.23321e-06
0.9432	-3.53344e-06
0.9456	-3.84619e-06
0.948	-4.17078e-06
0.9504	-4.50639e-06
0.9528	-4.85201e-06
0.9552	-5.20645e-06
0.9576	-5.5683e-06
0.96	-5.93596e-06
0.9624	-6.3076e-06
0.9648	-6.68112e-06
0.9672	-7.0542e-06
0.9696	-7.42424e-06
0.972	-7.78834e-06
0.9744	-8.14334e-06
0.9768	-8.48576e-06
0.9792	-8.81181e-06
0.9816	-9.11738e-06
0.984	-9.39803e-06
0.9864	-9.64897e-06
0.9888	-9.86509e-06
0.9912	-1.00409e-05
0.9936	-1.01706e-05
0.996	-1.02481e-05
0.9984	-1.02668e-05
1.0008	-1.02199e-05
1.0032	-1.01002e-05
1.0056	-9.90027e-06
1.008	-9.61232e-06
1.0104	-9.22827e-06
1.0128	-8.73982e-06
1.0152	-8.1384e-06
1.0176	-7.41528e-06
1.02	-6.56154e-06
1.0224	-5.56814e-06
1.0248	-4.42599e-06
1.0272	-3.12593e-06
1.0296	-1.65887e-06
1.032	-1.58004e-08
1.0344	1.81212e-06
1.0368	3.83351e-06
1.0392	6.05665e-06
1.0416	8.48943e-06
1.044	1.11393e-05
1.0464	1.40129e-05
1.0488	1.71165e-05
1.0512	2.04553e-05
1.0536	2.40337e-05
1.056	2.7855e-05
1.0584	3.19214e-05
1.0608	3.62336e-05
1.0632	4.07911e-05
1.0656	4.55916e-05
1.068	5.06312e-05
1.0704	5.59042e-05
1.0728	6.14026e-05
1.0752	6.71163e-05
1.0776	7.30331e-05
1.08	7.9138e-05
1.0824	8.54135e-05
1.0848	9.18392e-05
1.0872	9.83918e-05
1.0896	0.000105045
1.092	0.000111769
1.0944	0.000118531
1.0968	0.000125294
1.0992	0.000132018
1.1016	0.00013866
1.104	0.000145171
1.1064	0.000151501
1.1088	0.000157593
1.1112	0.000163388
1.1136	0.000168824
1.116	0.000173831
1.1184	0.000178339
1.1208	0.000182273
1.1232	0.000185553
1.1256	0.000188096
1.128	0.000189816
1.1304	0.000190624
1.1328	0.000190425
1.1352	0.000189125
1.1376	0.000186625
1.14	0.000182823
1.1424	0.000177618
1.1448	0.000170906
1.1472	0.00016258
1.1496	0.000152536
1.152	0.000140668
1.1544	0.000126872
1.1568	0.000111045
1.1592	9.3085e-05
1.1616	7.28944e-05
1.164	5.03788e-05
1.1664	2.54485e-05
1.1688	-1.98071e-06
1.1712	-3.19866e-05
1.1736	-6.46393e-05
1.176	-0.0001
1.1784	-0.000138122
1.1808	-0.000179045
1.1832	-0.000222799
1.1856	-0.0002694
1.188	-0.000318849
1.1904	-0.000371133
1.1928	-0.000426222
1.1952	-0.000484066
1.1976	-0.000544597
1.2	-0.000607728
1.2024	-0.000673348
1.2048	-0.000741324
1.2072	-0.000811498
1.2096	-0.000883689
1.212	-0.000957687
1.2144	-0.00103326
1.2168	-0.00111013
1.2192	-0.00118802
1.2216	-0.00126661
1.224	-0.00134553
1.2264	-0.0014244
1.2288	-0.00150281
1.2312	-0.00158032
1.2336	-0.00165643
1.236	-0.00173065
1.2384	-0.00180243
1.2408	-0.00187119
1.2432	-0.00193635
1.2456	-0.00199726
1.248	-0.00205326
1.2504	-0.00210368
1.2528	-0.00214779
1.2552	-0.00218487
1.2576	-0.00221416
1.26	-0.00223488
1.2624	-0.00224625
1.2648	-0.00224747
1.2672	-0.00223772
1.2696	-0.00221618
1.272	-0.00218203
1.2744	-0.00213445
1.2768	-0.00207264
1.2792	-0.00199579
1.2816	-0.00190312
1.284	-0.00179386
1.2864	-0.00166728
1.2888	-0.00152268
1.2912	-0.00135938
1.2936	-0.00117677
1.296	-0.000974285
1.2984	-0.000751412
1.3008	-0.000507706
1.3032	-0.000242794
1.3056	4.36187e-05
1.308	0.00035174
1.3104	0.000681685
1.3128	0.00103347
1.3152	0.001407
1.3176	0.00180208
1.32	0.00221837
1.3224	0.00265543
1.3248	0.00311267
1.3272	0.00358935
1.3296	0.00408462
1.332	0.00459743
1.3344	0.00512662
1.3368	0.00567085
1.3392	0.00622861
1.3416	0.00679823
1.344	0.00737786
1.3464	0.0079655
1.3488	0.00855895
1.3512	0.00915585
1.3536	0.00975367
1.356	0.0103497
1.3584	0.0109411
1.3608	0.0115247
1.3632	0.0120974
1.3656	0.0126559
1.368	0.0131966
1.3704	0.0137158
1.3728	0.0142098
1.3752	0.0146747
1.3776	0.0151064
1.38	0.0155009
1.3824	0.0158538
1.3848	0.0161611
1.3872	0.0164183
1.3896	0.0166211
1.392	0.0167652
1.3944	0.0168461
1.3968	0.0168595
1.3992	0.0168012
1.4016	0.0166669
1.404	0.0164525
1.4064	0.016154
1.4088	0.0157676
1.4112	0.0152897
1.4136	0.0147166
1.416	0.0140453
1.4184	0.0132727
1.4208	0.0123962
1.4232	0.0114134
1.4256	0.0103222
1.428	0.00912107
1.4304	0.00780876
1.4328	0.00638444
1.4352	0.0048478
1.4376	0.00319896
1.44	0.0014386
1.4424	-0.000432086
1.4448	-0.00241133
1.4472	-0.00449679
1.4496	-0.00668552
1.452	-0.00897394
1.4544	-0.0113578
1.4568	-0.0138324
1.4592	-0.016392
1.4616	-0.0190305
1.464	-0.0217411
1.4664	-0.0245161
1.4688	-0.0273473
1.4712	-0.0302259
1.4736	-0.0331422
1.476	-0.036086
1.4784	-0.0390464
1.4808	-0.0420119
1.4832	-0.0449704
1.4856	-0.0479091
1.488	-0.0508149
1.4904	-0.0536739
1.4928	-0.056472
1.4952	-0.0591944
1.4976	-0.061826
1.5	-0.0643516
1.5024	-0.0667553
1.5048	-0.0690213
1.5072	-0.0711334
1.5096	-0.0730755
1.512	-0.0748314
1.5144	-0.0763849
1.5168	-0.0777199
1.5192	-0.0788206
1.5216	-0.0796713
1.524	-0.0802569
1.5264	-0.0805624
1.5288	-0.0805736
1.5312	-0.0802769
1.5336	-0.0796592
1.536	-0.0787084
1.5384	-0.0774131
1.5408	-0.075763
1.5432	-0.0737488
1.5456	-0.0713623
1.548	-0.0685966
1.5504	-0.0654459
1.5528	-0.0619061
1.5552	-0.0579742
1.5576	-0.0536491
1.56	-0.0489309
1.5624	-0.0438216
1.5648	-0.038325
1.5672	-0.0324463
1.5696	-0.0261929
1.572	-0.0195738
1.5744	-0.0125999
1.5768	-0.00528426
1.5792	0.0023585
1.5816	0.0103116
1.584	0.0185564
1.5864	0.0270724
1.5888	0.035837
1.5912	0.044826
1.5936	0.0540131
1.596	0.0633704
1.5984	0.0728683
1.6008	0.0824752
1.6032	0.0921584
1.6056	0.101883
1.608	0.111614
1.6104	0.121313
1.6128	0.130943
1.6152	0.140464
1.6176	0.149835
1.62	0.159016
1.6224	0.167964
1.6248	0.176639
1.6272	0.184996
1.6296	0.192993
1.632	0.200588
1.6344	0.207738
1.6368	0.214402
1.6392	0.220538
1.6416	0.226104
1.644	0.231063
1.6464	0.235375
1.6488	0.239003
1.6512	0.241913
1.6536	0.24407
1.656	0.245442
1.6584	0.246001
1.6608	0.245719
1.6632	0.244572
1.6656	0.242539
1.668	0.239599
1.6704	0.235738
1.6728	0.230942
1.6752	0.225203
1.6776	0.218515
1.68	0.210876
1.6824	0.202286
1.6848	0.192753
1.6872	0.182283
1.6896	0.170892
1.692	0.158596
1.6944	0.145416
1.6968	0.131377
1.6992	0.116508
1.7016	0.100843
1.704	0.0844184
1.7064	0.0672756
1.7088	0.0494592
1.7112	0.0310178
1.7136	0.0120033
1.716	-0.00752867
1.7184	-0.0275192
1.7208	-0.0479063
1.7232	-0.0686251
1.7256	-0.0896079
1.728	-0.110785
1.7304	-0.132082
1.7328	-0.153427
1.7352	-0.174742
1.7376	-0.19595
1.74	-0.216972
1.7424	-0.237728
1.7448	-0.258137
1.7472	-0.278119
1.7496	-0.297593
1.752	-0.31648
1.7544	-0.334699
1.7568	-0.352172
1.7592	-0.368823
1.7616	-0.384576
1.764	-0.399358
1.7664	-0.413098
1.7688	-0.425729
1.7712	-0.437186
1.7736	-0.447407
1.776	-0.456335
1.7784	-0.463916
1.7808	-0.470102
1.7832	-0.474847
1.7856	-0.478111
1.788	-0.47986
1.7904	-0.480064
1.7928	-0.478699
1.7952	-0.475747
1.7976	-0.471195
1.8	-0.465036
1.8024	-0.457269
1.8048	-0.447901
1.8072	-0.436942
1.8096	-0.424411
1.812	-0.410332
1.8144	-0.394734
1.8168	-0.377655
1.8192	-0.359136
1.8216	-0.339227
1.824	-0.317981
1.8264	-0.295459
1.8288	-0.271725
1.8312	-0.24685
1.8336	-0.220911
1.836	-0.193986
1.8384	-0.166163
1.8408	-0.137529
1.8432	-0.108178
1.8456	-0.0782063
1.848	-0.0477137
1.8504	-0.0168028
1.8528	0.0144215
1.8552	0.0458521
1.8576	0.0773807
1.86	0.108897
1.8624	0.140292
1.8648	0.171453
1.8672	0.202272
1.8696	0.232637
1.872	0.26244
1.8744	0.291573
1.8768	0.319932
1.8792	0.347413
1.8816	0.373916
1.884	0.399344
1.8864	0.423605
1.8888	0.446608
1.8912	0.468268
1.8936	0.488507
1.896	0.507248
1.8984	0.524422
1.9008	0.539965
1.9032	0.553819
1.9056	0.565933
1.908	0.576261
1.9104	0.584764
1.9128	0.591411
1.9152	0.596177
1.9176	0.599043
1.92	0.6
1.9224	0.599043
1.9248	0.596177
1.9272	0.591411
1.9296	0.584764
1.932	0.576261
1.9344	0.565933
1.9368	0.553819
1.9392	0.539965
1.9416	0.524422
1.944	0.507248
1.9464	0.488507
1.9488	0.468268
1.9512	0.446608
1.9536	0.423605
1.956	0.399344
1.9584	0.373916
1.9608	0.347413
1.9632	0.319932
1.9656	0.291573
1.968	0.26244
1.9704	0.232637
1.9728	0.202272
1.9752	0.171453
1.9776	0.140292
1.98	0.108897
1.9824	0.0773807
1.9848	0.0458521
1.9872	0.0144215
1.9896	-0.0168028
1.992	-0.0477137
1.9944	-0.0782063
1.9968	-0.108178
1.9992	-0.137529
2.0016	-0.166163
2.004	-0.193986
2.0064	-0.220911
2.0088	-0.24685
2.0112	-0.271725
2.0136	-0.295459
2.016	-0.317981
2.0184	-0.339227
2.0208	-0.359136
2.0232	-0.377655
2.0256	-0.394734
2.028	-0.410332
2.0304	-0.424411
2.0328	-0.436942
2.0352	-0.447901
2.0376	-0.457269
2.04	-0.465036
2.0424	-0.471195
2.0448	-0.475747
2.0472	-0.478699
2.0496	-0.480064
2.052	-0.47986
2.0544	-0.478111
2.0568	-0.474847
2.0592	-0.470102
2.0616	-0.463916
2.064	-0.456335
2.0664	-0.447407
2.0688	-0.437186
2.0712	-0.425729
2.0736	-0.413098
2.076	-0.399358
2.0784	-0.384576
2.0808	-0.368823
2.0832	-0.352172
2.0856	-0.334699
2.088	-0.31648
2.0904	-0.297593
2.0928	-0.278119
2.0952	-0.258137
2.0976	-0.237728
2.1	-0.216972
2.1024	-0.19595
2.1048	-0.174742
2.1072	-0.153427
2.1096	-0.132082
2.112	-0.110785
2.1144	-0.0896079
2.1168	-0.0686251
2.1192	-0.0479063
2.1216	-0.0275192
2.124	-0.00752867
2.1264	0.0120033
2.1288	0.0310178
2.1312	0.0494592
2.1336	0.0672756
2.136	0.0844184
2.1384	0.100843
2.1408	0.116508
2.1432	0.131377
2.1456	0.145416
2.148	0.158596
2.1504	0.170892
2.1528	0.182283
2.1552	0.192753
2.1576	0.202286
2.16	0.210876
2.1624	0.218515
2.1648	0.225203
2.1672	0.230942
2.1696	0.235738
2.172	0.239599
2.1744	0.242539
2.1768	0.244572
2.1792	0.245719
2.1816	0.246001
2.184	0.245442
2.1864	0.24407
2.1888	0.241913
2.1912	0.239003
2.1936	0.235375
2.196	0.231063
2.1984	0.226104
2.2008	0.220538
2.2032	0.214402
2.2056	0.207738
2.208	0.200588
2.2104	0.192993
2.2128	0.184996
2.2152	0.176639
2.2176	0.167964
2.22	0.159016
2.2224	0.149835
2.2248	0.140464
2.2272	0.130943
2.2296	0.121313
2.232	0.111614
2.2344	0.101883
2.2368	0.0921584
2.2392	0.0824752
2.2416	0.0728683
2.244	0.0633704
2.2464	0.0540131
2.2488	0.044826
2.2512	0.035837
2.2536	0.0270724
2.256	0.0185564
2.2584	0.0103116
2.2608	0.0023585
2.2632	-0.00528426
2.2656	-0.0125999
2.268	-0.0195738
2.2704	-0.0261929
2.2728	-0.0324463
2.2752	-0.038325
2.2776	-0.0438216
2.28	-0.0489309
2.2824	-0.0536491
2.2848	-0.0579742
2.2872	-0.0619061
2.2896	-0.0654459
2.292	-0.0685966
2.2944	-0.0713623
2.2968	-0.0737488
2.2992	-0.075763
2.3016	-0.0774131
2.304	-0.0787084
2.3064	-0.0796592
2.3088	-0.0802769
2.3112	-0.0805736
2.3136	-0.0805624
2.316	-0.0802569
2.3184	-0.0796713
2.3208	-0.0788206
2.3232	-0.0777199
2.3256	-0.0763849
2.328	-0.0748314
2.3304	-0.0730755
2.3328	-0.0711334
2.3352	-0.0690213
2.3376	-0.0667553
2.34	-0.0643516
2.3424	-0.061826
2.3448	-0.0591944
2.3472	-0.056472
2.3496	-0.0536739
2.352	-0.0508149
2.3544	-0.0479091
2.3568	-0.0449704
2.3592	-0.0420119
2.3616	-0.0390464
2.364	-0.036086
2.3664	-0.0331422
2.3688	-0.0302259
2.3712	-0.0273473
2.3736	-0.0245161
2.376	-0.0217411
2.3784	-0.0190305
2.3808	-0.016392
2.3832	-0.0138324
2.3856	-0.0113578
2.388	-0.00897394
2.3904	-0.00668552
2.3928	-0.00449679
2.3952	-0.00241133
2.3976	-0.000432086
2.4	0.0014386
2.4024	0.00319896
2.4048	0.0048478
2.4072	0.00638444
2.4096	0.00780876
2.412	0.00912107
2.4144	0.0103222
2.4168	0.0114134
2.4192	0.0123962
2.4216	0.0132727
2.424	0.0140453
2.4264	0.0147166
2.4288	0.0152897
2.4312	0.0157676
2.4336	0.016154
2.436	0.0164525
2.4384	0.0166669
2.4408	0.0168012
2.4432	0.0168595
2.4456	0.0168461
2.448	0.0167652
2.4504	0.0166211
2.4528	0.0164183
2.4552	0.0161611
2.4576	0.0158538
2.46	0.0155009
2.4624	0.0151064
2.4648	0.0146747
2.4672	0.0142098
2.4696	0.0137158
2.472	0.0131966
2.4744	0.0126559
2.4768	0.0120974
2.4792	0.0115247
2.4816	0.0109411
2.484	0.0103497
2.4864	0.00975367
2.4888	0.00915585
2.4912	0.00855895
2.4936	0.0079655
2.496	0.00737786
2.4984	0.00679823
2.5008	0.00622861
2.5032	0.00567085
2.5056	0.00512662
2.508	0.00459743
2.5104	0.00408462
2.5128	0.00358935
2.5152	0.00311267
2.5176	0.00265543
2.52	0.00221837
2.5224	0.00180208
2.5248	0.001407
2.5272	0.00103347
2.5296	0.000681685
2.532	0.00035174
2.5344	4.36187e-05
2.5368	-0.000242794
2.5392	-0.000507706
2.5416	-0.000751412
2.544	-0.000974285
2.5464	-0.00117677
2.5488	-0.00135938
2.5512	-0.00152268
2.5536	-0.00166728
2.556	-0.00179386
2.5584	-0.00190312
2.5608	-0.00199579
2.5632	-0.00207264
2.5656	-0.00213445
2.568	-0.00218203
2.5704	-0.00221618
2.5728	-0.00223772
2.5752	-0.00224747
2.5776	-0.00224625
2.58	-0.00223488
2.5824	-0.00221416
2.5848	-0.00218487
2.5872	-0.00214779
2.5896	-0.00210368
2.592	-0.00205326
2.5944	-0.00199726
2.5968	-0.00193635
2.5992	-0.00187119
2.6016	-0.00180243
2.604	-0.00173065
2.6064	-0.00165643
2.6088	-0.00158032
2.6112	-0.00150281
2.6136	-0.0014244
2.616	-0.00134553
2.6184	-0.00126661
2.6208	-0.00118802
2.6232	-0.00111013
2.6256	-0.00103326
2.628	-0.000957687
2.6304	-0.000883689
2.6328	-0.000811498
2.6352	-0.000741324
2.6376	-0.000673348
2.64	-0.000607728
2.6424	-0.000544597
2.6448	-0.000484066
2.6472	-0.000426222
2.6496	-0.000371133
2.652	-0.000318849
2.6544	-0.0002694
2.6568	-0.000222799
2.6592	-0.000179045
2.6616	-0.000138122
2.664	-0.0001
2.6664	-6.46393e-05
2.6688	-3.19866e-05
2.6712	-1.98071e-06
2.6736	2.54485e-05
2.676	5.03788e-05
2.6784	7.28944e-05
2.6808	9.3085e-05
2.6832	0.000111045
2.6856	0.000126872
2.688	0.000140668
2.6904	0.000152536
2.6928	0.00016258
2.6952	0.000170906
2.6976	0.000177618
2.7	0.000182823
2.7024	0.000186625
2.7048	0.000189125
2.7072	0.000190425
2.7096	0.000190624
2.712	0.000189816
2.7144	0.000188096
2.7168	0.000185553
2.7192	0.000182273
2.7216	0.000178339
2.724	0.000173831
2.7264	0.000168824
2.7288	0.000163388
2.7312	0.000157593
2.7336	0.000151501
2.736	0.000145171
2.7384	0.00013866
2.7408	0.000132018
2.7432	0.000125294
2.7456	0.000118531
2.748	0.000111769
2.7504	0.000105045
2.7528	9.83918e-05
2.7552	9.18392e-05
2.7576	8.54135e-05
2.76	7.9138e-05
2.7624	7.30331e-05
2.7648	6.71163e-05
2.7672	6.14026e-05
2.7696	5.59042e-05
2.772	5.06312e-05
2.7744	4.55916e-05
2.7768	4.07911e-05
2.7792	3.62336e-05
2.7816	3.19214e-05
2.784	2.7855e-05
2.7864	2.40337e-05
2.7888	2.04553e-05
2.7912	1.71165e-05
2.7936	1.40129e-05
2.796	1.11393e-05
2.7984	8.48943e-06
2.8008	6.05665e-06
2.8032	3.83351e-06
2.8056	1.81212e-06
2.808	-1.58004e-08
2.8104	-1.65887e-06
2.8128	-3.12593e-06
2.8152	-4.42599e-06
2.8176	-5.56814e-06
2.82	-6.56154e-06
2.8224	-7.41528e-06
2.8248	-8.1384e-06
2.8272	-8.73982e-06
2.8296	-9.22827e-06
2.832	-9.61232e-06
2.8344	-9.90027e-06
2.8368	-1.01002e-05
2.8392	-1.02199e-05
2.8416	-1.02668e-05
2.844	-1.02481e-05
2.8464	-1.01706e-05
2.8488	-1.00409e-05
2.8512	-9.86509e-06
2.8536	-9.64897e-06
2.856	-9.39803e-06
2.8584	-9.11738e-06
2.8608	-8.81181e-06
2.8632	-8.48576e-06
2.8656	-8.14334e-06
2.868	-7.78834e-06
2.8704	-7.42424e-06
2.8728	-7.0542e-06
2.8752	-6.68112e-06
2.8776	-6.3076e-06
2.88	-5.93596e-06
2.8824	-5.5683e-06
2.8848	-5.20645e-06
2.8872	-4.85201e-06
2.8896	-4.50639e-06
2.892	-4.17078e-06
2.8944	-3.84619e-06
2.8968	-3.53344e-06
2.8992	-3.23321e-06
2.9016	-2.94601e-06
2.904	-2.67223e-06
2.9064	-2.41213e-06
2.9088	-2.16584e-06
2.9112	-1.93342e-06
2.9136	-1.7148e-06
2.916	-1.50986e-06
2.9184	-1.3184e-06
2.9208	-1.14013e-06
2.9232	-9.7474e-07
2.9256	-8.21855e-07
2.928	-6.81065e-07
2.9304	-5.51924e-07
2.9328	-4.33964e-07
2.9352	-3.26691e-07
2.9376	-2.29602e-07
2.94	-1.42178e-07
2.9424	-6.38992e-08
2.9448	5.75981e-09
2.9472	6.73205e-08
2.9496	1.213e-07
2.952	1.68206e-07
2.9544	2.08538e-07
2.9568	2.42782e-07
2.9592	2.71409e-07
2.9616	2.94875e-07
2.964	3.13618e-07
2.9664	3.28058e-07
2.9688	3.38597e-07
2.9712	3.45617e-07
2.9736	3.49478e-07
2.976	3.50523e-07
2.9784	3.49073e-07
2.9808	3.45429e-07
2.9832	3.39875e-07
2.9856	3.3267e-07
2.988	3.24059e-07
2.9904	3.14266e-07
2.9928	3.03497e-07
2.9952	2.91942e-07
2.9976	2.79774e-07
3	2.67148e-07
3.0024	2.54207e-07
3.0048	2.41078e-07
3.0072	2.27873e-07
3.0096	2.14694e-07
3.012	2.01629e-07
3.0144	1.88755e-07
3.0168	1.7614e-07
3.0192	1.6384e-07
3.0216	1.51903e-07
3.024	1.40369e-07
3.0264	1.29272e-07
3.0288	1.18634e-07
3.0312	1.08477e-07
3.0336	9.88126e-08
3.036	8.96497e-08
3.0384	8.09918e-08
3.0408	7.28385e-08
3.0432	6.51861e-08
3.0456	5.80273e-08
3.048	5.13526e-08
3.0504	4.515e-08
3.0528	3.94054e-08
3.0552	3.41035e-08
3.0576	2.92273e-08
3.06	2.4759e-08
3.0624	2.06801e-08
3.0648	1.69713e-08
3.0672	1.36133e-08
3.0696	1.05864e-08
3.072	7.87105e-09
3.0744	5.44771e-09
3.0768	3.29725e-09
3.0792	1.40088e-09
3.0816	-2.5971e-10
3.084	-1.70229e-09
3.0864	-2.944e-09
3.0888	-4.00132e-09
3.0912	-4.89003e-09
3.0936	-5.62516e-09
3.096	-6.22099e-09
3.0984	-6.69104e-09
3.1008	-7.04805e-09
3.1032	-7.30398e-09
3.1056	-7.47003e-09
3.108	-7.55666e-09
3.1104	-7.57357e-09
3.1128	-7.52975e-09
3.1152	-7.4335e-09
3.1176	-7.29245e-09
3.12	-7.11358e-09
3.1224	-6.90326e-09
3.1248	-6.66727e-09
3.1272	-6.41084e-09
3.1296	-6.13868e-09
3.132	-5.855e-09
3.1344	-5.56356e-09
3.1368	-5.26766e-09
3.1392	-4.97024e-09
3.1416	-4.67383e-09
3.144	-4.38065e-09
3.1464	-4.09256e-09
3.1488	-3.81118e-09
3.1512	-3.53784e-09
3.1536	-3.27361e-09
3.156	-3.01939e-09
3.1584	-2.77584e-09
3.1608	-2.54348e-09
3.1632	-2.32263e-09
3.1656	-2.11352e-09
3.168	-1.91623e-09
3.1704	-1.73073e-09
3.1728	-1.55692e-09
3.1752	-1.3946e-09
3.1776	-1.24351e-09
3.18	-1.10334e-09
3.1824	-9.73724e-10
3.1848	-8.5427e-10
3.1872	-7.4455e-10
3.1896	-6.44117e-10
3.192	-5.52507e-10
3.1944	-4.6925e-10
3.1968	-3.9387e-10
3.1992	-3.25893e-10
3.2016	-2.64848e-10
3.204	-2.10272e-10
3.2064	-1.61712e-10
3.2088	-1.18729e-10
3.2112	-8.08967e-11
3.2136	-4.78066e-11
3.216	-1.90666e-11
3.2184	5.69693e-12
3.2208	2.68389e-11
3.2232	4.46949e-11
3.2256	5.95812e-11
3.228	7.17949e-11
3.2304	8.16136e-11
3.2328	8.92965e-11
3.2352	9.5084e-11
3.2376	9.91989e-11
3.24	1.01846e-10
3.2424	1.03216e-10
3.2448	1.03479e-10
3.2472	1.02795e-10
3.2496	1.01307e-10
3.252	9.91442e-11
3.2544	9.64241e-11
3.2568	9.32518e-11
3.2592	8.97212e-11
3.2616	8.59158e-11
3.264	8.19096e-11
3.2664	7.77675e-11
3.2688	7.35462e-11
3.2712	6.92949e-11
3.2736	6.5056e-11
3.276	6.08655e-11
3.2784	5.67537e-11
3.2808	5.27458e-11
3.2832	4.88625e-11
3.2856	4.51203e-11
3.288	4.15319e-11
3.2904	3.81068e-11
3.2928	3.48517e-11
3.2952	3.17708e-11
3.2976	2.8866e-11
3.3	2.61374e-11
3.3024	2.35834e-11
3.3048	2.12012e-11
3.3072	1.89867e-11
3.3096	1.6935e-11
3.312	1.50403e-11
3.3144	1.32965e-11
3.3168	1.16966e-11
3.3192	1.02338e-11
3.3216	8.90069e-12
3.324	7.68996e-12
3.3264	6.59422e-12
3.3288	5.60614e-12
3.3312	4.71848e-12
3.3336	3.92417e-12
3.336	3.21636e-12
3.3384	2.58838e-12
3.3408	2.03389e-12
3.3432	1.54678e-12
3.3456	1.12125e-12
3.348	7.51808e-13
3.3504	4.3328e-13
3.3528	1.60793e-13
3.3552	-7.02117e-14
3.3576	-2.63986e-13
3.36	-4.24481e-13
3.3624	-5.55357e-13
3.3648	-6.5999e-13
3.3672	-7.41488e-13
3.3696	-8.02696e-13
3.372	-8.46214e-13
3.3744	-8.7441e-13
3.3768	-8.89429e-13
3.3792	-8.93209e-13
3.3816	-8.87496e-13
3.384	-8.73852e-13
3.3864	-8.53675e-13
3.3888	-8.28205e-13
3.3912	-7.98538e-13
3.3936	-7.65641e-13
3.396	-7.30359e-13
3.3984	-6.93426e-13
3.4008	-6.55476e-13
3.4032	-6.17055e-13
3.4056	-5.78624e-13
3.408	-5.40573e-13
3.4104	-5.03223e-13
3.4128	-4.66841e-13
3.4152	-4.31637e-13
3.4176	-3.97779e-13
3.42	-3.65394e-13
3.4224	-3.34571e-13
3.4248	-3.05372e-13
3.4272	-2.77832e-13
3.4296	-2.51961e-13
3.432	-2.27754e-13
3.4344	-2.05187e-13
3.4368	-1.84224e-13
3.4392	-1.6482e-13
3.4416	-1.46918e-13
3.444	-1.30458e-13
3.4464	-1.15373e-13
3.4488	-1.01594e-13
3.4512	-8.90479e-14
3.4536	-7.76626e-14
3.456	-6.7365e-14
3.4584	-5.80827e-14
3.4608	-4.97447e-14
3.4632	-4.22817e-14
3.4656	-3.56268e-14
3.468	-2.97154e-14
3.4704	-2.4486e-14
3.4728	-1.98801e-14
3.4752	-1.5842e-14
3.4776	-1.23197e-14
3.48	-9.26404e-15
3.4824	-6.62916e-15
3.4848	-4.37241e-15
3.4872	-2.45421e-15
3.4896	-8.37972e-16
3.492	5.09998e-16
3.4944	1.62062e-15
3.4968	2.52217e-15
3.4992	3.24044e-15
3.5016	3.79882e-15
3.504	4.21853e-15
3.5064	4.51867e-15
3.5088	4.71643e-15
3.5112	4.8272e-15
3.5136	4.8647e-15
3.516	4.84112e-15
3.5184	4.76725e-15
3.5208	4.65259e-15
3.5232	4.50548e-15
3.5256	4.33316e-15
3.528	4.14194e-15
3.5304	3.93725e-15
3.5328	3.72373e-15
3.5352	3.50532e-15
3.5376	3.28535e-15
3.54	3.06657e-15
3.5424	2.85126e-15
3.5448	2.64125e-15
3.5472	2.43802e-15
3.5496	2.2427e-15
3.552	2.05612e-15
3.5544	1.87889e-15
3.5568	1.7114e-15
3.5592	1.55385e-15
3.5616	1.40631e-15
3.564	1.26872e-15
3.5664	1.1409e-15
3.5688	1.0226e-15
3.5712	9.13517e-16
3.5736	8.13273e-16
3.576	7.21466e-16
3.5784	6.37668e-16
3.5808	5.6143e-16
3.5832	4.92298e-16
3.5856	4.29811e-16
3.588	3.73517e-16
3.5904	3.2297e-16
3.5928	2.77734e-16
3.5952	2.37392e-16
3.5976	2.01541e-16
3.6	1.69798e-16
3.6024	1.418e-16
3.6048	1.17204e-16
3.6072	9.56889e-17
3.6096	7.69546e-17
3.612	6.07215e-17
3.6144	4.67304e-17
3.6168	3.47422e-17
3.6192	2.45369e-17
3.6216	1.5913e-17
3.624	8.68605e-18
3.6264	2.68855e-18
3.6288	-2.23163e-18
3.6312	-6.212e-18
3.6336	-9.37646e-18
3.636	-1.18363e-17
3.6384	-1.36909e-17
3.6408	-1.50292e-17
3.6432	-1.593e-17
3.6456	-1.6463e-17
3.648	-1.66896e-17
3.6504	-1.6664e-17
3.6528	-1.64332e-17
3.6552	-1.60383e-17
3.6576	-1.55147e-17
3.66	-1.4893e-17
3.6624	-1.41994e-17
3.6648	-1.34558e-17
3.6672	-1.26812e-17
3.6696	-1.18911e-17
3.672	-1.10983e-17
3.6744	-1.03135e-17
3.6768	-9.54517e-18
3.6792	-8.79992e-18
3.6816	-8.08295e-18
3.684	-7.39808e-18
3.6864	-6.74802e-18
3.6888	-6.13454e-18
3.6912	-5.55859e-18
3.6936	-5.02048e-18
3.696	-4.51997e-18
3.6984	-4.05639e-18
3.7008	-3.62873e-18
3.7032	-3.23568e-18
3.7056	-2.87576e-18
3.708	-2.54734e-18
3.7104	-2.24869e-18
3.7128	-1.978e-18
3.7152	-1.73347e-18
3.7176	-1.51329e-18
3.72	-1.31568e-18
3.7224	-1.13891e-18
3.7248	-9.81291e-19
3.7272	-8.41221e-19
3.7296	-7.17169e-19
3.732	-6.07687e-19
3.7344	-5.11413e-19
3.7368	-4.27072e-19
3.7392	-3.53476e-19
3.7416	-2.89523e-19
3.744	-2.34195e-19
3.7464	-1.86558e-19
3.7488	-1.45754e-19
3.7512	-1.10999e-19
3.7536	-8.15819e-20
3.756	-5.68562e-20
3.7584	-3.62386e-20
3.7608	-1.92039e-20
3.7632	-5.28066e-21
3.7656	5.95274e-21
3.768	1.48721e-20
3.7704	2.18112e-20
3.7728	2.70654e-20
3.7752	3.08954e-20
3.7776	3.353e-20
3.78	3.51695e-20
3.7824	3.59886e-20
3.7848	3.61387e-20
3.7872	3.57507e-20
3.7896	3.4937e-20
3.792	3.3794e-20
3.7944	3.24031e-20
3.7968	3.08334e-20
3.7992	2.91427e-20
3.8016	2.73789e-20
3.804	2.55816e-20
3.8064	2.37829e-20
3.8088	2.20084e-20
3.8112	2.02785e-20
3.8136	1.86088e-20
3.816	1.70108e-20
3.8184	1.54929e-20
3.8208	1.40606e-20
3.8232	1.27171e-20
3.8256	1.14636e-20
3.828	1.02999e-20
3.8304	9.22452e-21
3.8328	8.23505e-21
3.8352	7.32828e-21
3.8376	6.5005e-21
3.84	5.74762e-21
3.8424	5.06528e-21
3.8448	4.449e-21
3.8472	3.89426e-21
3.8496	3.39656e-21
3.852	2.95148e-21
3.8544	2.55477e-21
3.8568	2.2023e-21
3.8592	1.89017e-21
3.8616	1.61467e-21
3.864	1.37232e-21
3.8664	1.15987e-21
3.8688	9.74292e-22
3.8712	8.12781e-22
3.8736	6.72759e-22
3.876	5.5186e-22
3.8784	4.47923e-22
3.8808	3.58978e-22
3.8832	2.83241e-22
3.8856	2.19101e-22
3.888	1.65105e-22
3.8904	1.19951e-22
3.8928	8.24745e-23
3.8952	5.16363e-23
3.8976	2.65146e-23
3.9	6.2929e-24
3.9024	-9.74902e-24
3.9048	-2.22445e-23
3.9072	-3.17484e-23
3.9096	-3.8745e-23
3.912	-4.36553e-23
3.9144	-4.6844e-23
3.9168	-4.86257e-23
3.9192	-4.92702e-23
3.9216	-4.90084e-23
3.924	-4.80363e-23
3.9264	-4.65195e-23
3.9288	-4.45974e-23
3.9312	-4.23859e-23
3.9336	-3.99811e-23
3.936	-3.74617e-23
3.9384	-3.48915e-23
3.9408	-3.23217e-23
3.9432	-2.97926e-23
3.9456	-2.73351e-23
3.948	-2.49728e-23
3.9504	-2.27224e-23
3.9528	-2.05956e-23
3.9552	-1.85995e-23
3.9576	-1.67376e-23
3.96	-1.50107e-23
3.9624	-1.34172e-23
3.9648	-1.19538e-23
3.9672	-1.06157e-23
3.9696	-9.39726e-24
3.972	-8.29218e-24
3.9744	-7.29364e-24
3.9768	-6.39462e-24
3.9792	-5.58802e-24
3.9816	-4.86678e-24
3.984	-4.22401e-24
3.9864	-3.65304e-24
3.9888	-3.14751e-24
3.9912	-2.70136e-24
3.9936	-2.30889e-24
3.996	-1.96478e-24
3.9984	-1.66407e-24
4.0008	-1.40217e-24
4.0032	-1.17489e-24
4.0056	-9.78347e-25
4.008	-8.09034e-25
4.0104	-6.63754e-25
4.0128	-5.39615e-25
4.0152	-4.34014e-25
4.0176	-3.44611e-25
4.02	-2.69314e-25
4.0224	-2.06259e-25
4.0248	-1.53787e-25
4.0272	-1.1043e-25
4.0296	-7.48921e-26
4.032	-4.60332e-26
4.0344	-2.28536e-26
4.0368	-4.47991e-27
4.0392	9.84853e-27
4.0416	2.07915e-26
4.044	2.89195e-26
4.0464	3.47235e-26
4.0488	3.86247e-26
4.0512	4.09827e-26
4.0536	4.21031e-26
4.056	4.22444e-26
4.0584	4.16239e-26
4.0608	4.04236e-26
4.0632	3.87945e-26
4.0656	3.68612e-26
4.068	3.47255e-26
4.0704	3.247e-26
4.0728	3.01607e-26
4.0752	2.78498e-26
4.0776	2.55777e-26
4.08	2.33751e-26
4.0824	2.12645e-26
4.0848	1.92619e-26
4.0872	1.73778e-26
4.0896	1.56181e-26
4.092	1.39853e-26
4.0944	1.24792e-26
4.0968	1.10974e-26
4.0992	9.83579e-27
4.1016	8.68924e-27
4.104	7.65166e-27
4.1064	6.71647e-27
4.1088	5.87679e-27
4.1112	5.12562e-27
4.1136	4.45601e-27
4.116	3.86114e-27
4.1184	3.33445e-27
4.1208	2.86964e-27
4.1232	2.46079e-27
4.1256	2.10231e-27
4.128	1.78902e-27
4.1304	1.51611e-27
4.1328	1.27917e-27
4.1352	1.07413e-27
4.1376	8.97315e-28
4.14	7.45381e-28
4.1424	6.15306e-28
4.1448	5.04374e-28
4.1472	4.10151e-28
4.1496	3.30464e-28
4.152	2.6338e-28
4.1544	2.07186e-28
4.1568	1.6037e-28
4.1592	1.21597e-28
4.1616	8.97e-29
4.164	6.36552e-29
4.1664	4.25712e-29
4.1688	2.56737e-29
4.1712	1.2292e-29
4.1736	1.84771e-30
4.176	-6.15651e-30
4.1784	-1.21465e-29
4.1808	-1.64857e-29
4.1832	-1.94827e-29
4.1856	-2.13985e-29
4.188	-2.24531e-29
4.1904	-2.28304e-29
4.1928	-2.26839e-29
4.1952	-2.21407e-29
4.1976	-2.13051e-29
4.2	-2.02625e-29
4.2024	-1.90818e-29
4.2048	-1.78185e-29
4.2072	-1.65161e-29
4.2096	-1.52088e-29
4.212	-1.39227e-29
4.2144	-1.26773e-29
4.2168	-1.14868e-29
4.2192	-1.03608e-29
4.2216	-9.30542e-30
4.224	-8.32409e-30
4.2264	-7.41793e-30
4.2288	-6.58636e-30
4.2312	-5.82752e-30
4.2336	-5.13858e-30
4.236	-4.51607e-30
4.2384	-3.95606e-30
4.2408	-3.45436e-30
4.2432	-3.00667e-30
4.2456	-2.60865e-30
4.248	-2.25607e-30
4.2504	-1.94483e-30
4.2528	-1.67101e-30
4.2552	-1.4309e-30
4.2576	-1.22105e-30
4.26	-1.03824e-30
4.2624	-8.79487e-31
4.2648	-7.4208e-31
4.2672	-6.23536e-31
4.2696	-5.21603e-31
4.272	-4.34251e-31
4.2744	-3.59655e-31
4.2768	-2.96181e-31
4.2792	-2.42373e-31
4.2816	-1.96938e-31
4.284	-1.58734e-31
4.2864	-1.2675e-31
4.2888	-1.00101e-31
4.2912	-7.80124e-32
4.2936	-5.98058e-32
4.296	-4.48927e-32
4.2984	-3.27625e-32
4.3008	-2.29742e-32
4.3032	-1.51477e-32
4.3056	-8.9571e-33
4.308	-4.12353e-33
4.3104	-4.09408e-34
4.3128	2.38695e-33
4.3152	4.43607e-33
4.3176	5.88157e-33
4.32	6.84383e-33
4.3224	7.4233e-33
4.3248	7.70338e-33
4.3272	7.75291e-33
4.3296	7.6284e-33
4.332	7.37587e-33
4.3344	7.03255e-33
4.3368	6.62829e-33
4.3392	6.18674e-33
4.3416	5.72644e-33
4.344	5.2617e-33
4.3464	4.80335e-33
4.3488	4.35937e-33
4.3512	3.93545e-33
4.3536	3.53546e-33
4.356	3.16177e-33
4.3584	2.81562e-33
4.3608	2.49737e-33
4.3632	2.20669e-33
4.3656	1.94278e-33
4.368	1.70445e-33
4.3704	1.49029e-33
4.3728	1.29872e-33
4.3752	1.1281e-33
4.3776	9.76754e-34
4.38	8.43013e-34
4.3824	7.25264e-34
4.3848	6.21962e-34
4.3872	5.31645e-34
4.3896	4.52945e-34
4.392	3.84593e-34
4.3944	3.25421e-34
4.3968	2.74361e-34
4.3992	2.30444e-34
4.4016	1.92792e-34
4.404	1.60617e-34
4.4064	1.33215e-34
4.4088	1.09958e-34
4.4112	9.0287e-35
4.4136	7.37109e-35
4.416	5.97959e-35
4.4184	4.81615e-35
4.4208	3.84753e-35
4.4232	3.04477e-35
4.4256	2.38273e-35
4.428	1.83965e-35
4.4304	1.39676e-35
4.4328	1.03793e-35
4.4352	7.49326e-36
4.4376	5.19158e-36
4.44	3.37377e-36
4.4424	1.95465e-36
4.4448	8.62247e-37
4.4472	3.59778e-38
4.4496	-5.74953e-37
4.452	-1.01296e-36
4.4544	-1.3133e-36
4.4568	-1.50515e-36
4.4592	-1.61253e-36
4.4616	-1.65508e-36
4.464	-1.64881e-36
4.4664	-1.60663e-36
4.4688	-1.53891e-36
4.4712	-1.45387e-36
4.4736	-1.35799e-36
4.476	-1.2563e-36
4.4784	-1.15264e-36
4.4808	-1.04988e-36
4.4832	-9.50148e-37
4.4856	-8.54914e-37
4.488	-7.65177e-37
4.4904	-6.81543e-37
4.4928	-6.04323e-37
4.4952	-5.33598e-37
4.4976	-4.69279e-37
4.5	-4.11155e-37
4.5024	-3.58927e-37
4.5048	-3.12241e-37
4.5072	-2.70708e-37
4.5096	-2.33925e-37
4.512	-2.01484e-37
4.5144	-1.72984e-37
4.5168	-1.48043e-37
4.5192	-1.26293e-37
4.5216	-1.07394e-37
4.524	-9.10261e-38
4.5264	-7.68982e-38
4.5288	-6.47434e-38
4.5312	-5.43199e-38
4.5336	-4.541e-38
4.536	-3.78183e-38
4.5384	-3.13709e-38
4.5408	-2.59134e-38
4.5432	-2.13092e-38
4.5456	-1.74385e-38
4.548	-1.41959e-38
4.5504	-1.14896e-38
4.5528	-9.23958e-39
4.5552	-7.37667e-39
4.5576	-5.84095e-39
4.56	-4.58085e-39
4.5624	-3.55213e-39
4.5648	-2.71692e-39
4.5672	-2.04294e-39
4.5696	-1.50278e-39
4.572	-1.07317e-39
4.5744	-7.34526e-40
4.5768	-4.70336e-40
4.5792	-2.66776e-40
4.5816	-1.12301e-40
4.584	2.69003e-42
4.5864	8.61517e-41
4.5888	1.44642e-40
4.5912	1.83544e-40
4.5936	2.07254e-40
4.596	2.1934e-40
4.5984	2.22686e-40
4.6008	2.19599e-40
4.6032	2.11917e-40
4.6056	2.01089e-40
4.608	1.88244e-40
4.6104	1.74253e-40
4.6128	1.59778e-40
4.6152	1.4531e-40
4.6176	1.31206e-40
4.62	1.17716e-40
4.6224	1.05008e-40
4.6248	9.31813e-41
4.6272	8.22891e-41
4.6296	7.23454e-41
4.632	6.3337e-41
4.6344	5.5231e-41
4.6368	4.79812e-41
4.6392	4.15328e-41
4.6416	3.58261e-41
4.644	3.07991e-41
4.6464	2.63901e-41
4.6488	2.2539e-41
4.6512	1.91882e-41
4.6536	1.62834e-41
4.656	1.37743e-41
4.6584	1.16145e-41
4.6608	9.76145e-42
4.6632	8.17694e-42
4.6656	6.82643e-42
4.668	5.67906e-42
4.6704	4.70742e-42
4.6728	3.88725e-42
4.6752	3.19719e-42
4.6776	2.61853e-42
4.68	2.13492e-42
4.6824	1.73217e-42
4.6848	1.39797e-42
4.6872	1.12168e-42
4.6896	8.94185e-43
4.692	7.0764e-43
4.6944	5.55357e-43
4.6968	4.31639e-43
4.6992	3.31648e-43
4.7016	2.51296e-43
4.704	1.87131e-43
4.7064	1.36256e-43
4.7088	9.62434e-44
4.7112	6.50662e-44
4.7136	4.10401e-44
4.716	2.27693e-44
4.7184	9.10173e-45
4.7208	-9.09271e-46
4.7232	-8.03847e-45
4.7256	-1.29169e-44
4.728	-1.60559e-44
4.7304	-1.78677e-44
4.7328	-1.86825e-44
4.7352	-1.8763e-44
4.7376	-1.83166e-44
4.74	-1.75059e-44
4.7424	-1.64566e-44
4.7448	-1.52651e-44
4.7472	-1.4004e-44
4.7496	-1.27272e-44
4.752	-1.14734e-44
4.7544	-1.02698e-44
4.7568	-9.13438e-45
4.7592	-8.07826e-45
4.7616	-7.10716e-45
4.764	-6.2229e-45
4.7664	-5.42443e-45
4.7688	-4.70872e-45
4.7712	-4.07134e-45
4.7736	-3.50704e-45
4.776	-3.0101e-45
4.7784	-2.57462e-45
4.7808	-2.19471e-45
4.7832	-1.86471e-45
4.7856	-1.57919e-45
4.788	-1.33311e-45
4.7904	-1.12178e-45
4.7928	-9.40945e-46
4.7952	-7.86725e-46
4.7976	-6.55643e-46
4.8	-5.4459e-46
