0.0024	-3.48824e-21
0.0048	-3.79837e-21
0.0072	-4.13024e-21
0.0096	-4.48442e-21
0.012	-4.86129e-21
0.0144	-5.26097e-21
0.0168	-5.68331e-21
0.0192	-6.12777e-21
0.0216	-6.59336e-21
0.024	-7.07854e-21
0.0264	-7.58109e-21
0.0288	-8.098e-21
0.0312	-8.6253e-21
0.0336	-9.15788e-21
0.036	-9.6893e-21
0.0384	-1.02115e-20
0.0408	-1.07146e-20
0.0432	-1.11866e-20
0.0456	-1.16128e-20
0.048	-1.19757e-20
0.0504	-1.22543e-20
0.0528	-1.24238e-20
0.0552	-1.24544e-20
0.0576	-1.23115e-20
0.06	-1.1954e-20
0.0624	-1.13341e-20
0.0648	-1.03957e-20
0.0672	-9.07356e-21
0.0696	-7.2919e-21
0.072	-4.96279e-21
0.0744	-1.98453e-21
0.0768	1.76037e-21
0.0792	6.40731e-21
0.0816	1.21121e-20
0.084	1.90538e-20
0.0864	2.74378e-20
0.0888	3.74994e-20
0.0912	4.95077e-20
0.0936	6.37703e-20
0.096	8.06381e-20
0.0984	1.00511e-19
0.1008	1.23845e-19
0.1032	1.51158e-19
0.1056	1.83037e-19
0.108	2.20152e-19
0.1104	2.6326e-19
0.1128	3.13217e-19
0.1152	3.70997e-19
0.1176	4.37697e-19
0.12	5.14557e-19
0.1224	6.02979e-19
0.1248	7.04544e-19
0.1272	8.21033e-19
0.1296	9.54452e-19
0.132	1.10706e-18
0.1344	1.2814e-18
0.1368	1.48032e-18
0.1392	1.70704e-18
0.1416	1.96514e-18
0.144	2.25867e-18
0.1464	2.59216e-18
0.1488	2.97067e-18
0.1512	3.39988e-18
0.1536	3.88613e-18
0.156	4.43654e-18
0.1584	5.05902e-18
0.1608	5.76245e-18
0.1632	6.5567e-18
0.1656	7.45282e-18
0.168	8.46309e-18
0.1704	9.60123e-18
0.1728	1.08825e-17
0.1752	1.23239e-17
0.1776	1.39442e-17
0.18	1.57646e-17
0.1824	1.78083e-17
0.1848	2.01012e-17
0.1872	2.26722e-17
0.1896	2.55532e-17
0.192	2.87794e-17
0.1944	3.23902e-17
0.1968	3.64289e-17
0.1992	4.09438e-17
0.2016	4.59878e-17
0.204	5.162e-17
0.2064	5.79053e-17
0.2088	6.49156e-17
0.2112	7.27302e-17
0.2136	8.14366e-17
0.216	9.11315e-17
0.2184	1.01921e-16
0.2208	1.13923e-16
0.2232	1.27266e-16
0.2256	1.42093e-16
0.228	1.5856e-16
0.2304	1.76839e-16
0.2328	1.97119e-16
0.2352	2.19608e-16
0.2376	2.44533e-16
0.24	2.72146e-16
0.2424	3.02719e-16
0.2448	3.36555e-16
0.2472	3.73982e-16
0.2496	4.1536e-16
0.252	4.61086e-16
0.2544	5.11589e-16
0.2568	5.67343e-16
0.2592	6.28862e-16
0.2616	6.96709e-16
0.264	7.71498e-16
0.2664	8.53898e-16
0.2688	9.44639e-16
0.2712	1.04452e-15
0.2736	1.15439e-15
0.276	1.27521e-15
0.2784	1.408e-15
0.2808	1.55386e-15
0.2832	1.714e-15
0.2856	1.88974e-15
0.288	2.08249e-15
0.2904	2.29379e-15
0.2928	2.52531e-15
0.2952	2.77884e-15
0.2976	3.05635e-15
0.3	3.35992e-15
0.3024	3.69183e-15
0.3048	4.05454e-15
0.3072	4.45068e-15
0.3096	4.8831e-15
0.312	5.35486e-15
0.3144	5.86924e-15
0.3168	6.42977e-15
0.3192	7.04025e-15
0.3216	7.70473e-15
0.324	8.42756e-15
0.3264	9.21339e-15
0.3288	1.00672e-14
0.3312	1.09942e-14
0.3336	1.20001e-14
0.336	1.3091e-14
0.3384	1.42731e-14
0.3408	1.55533e-14
0.3432	1.69387e-14
0.3456	1.8437e-14
0.348	2.0056e-14
0.3504	2.18044e-14
0.3528	2.36909e-14
0.3552	2.57249e-14
0.3576	2.79162e-14
0.36	3.02749e-14
0.3624	3.28116e-14
0.3648	3.55375e-14
0.3672	3.84639e-14
0.3696	4.16026e-14
0.372	4.49656e-14
0.3744	4.85654e-14
0.3768	5.24145e-14
0.3792	5.65257e-14
0.3816	6.09115e-14
0.384	6.55849e-14
0.3864	7.05581e-14
0.3888	7.58435e-14
0.3912	8.14526e-14
0.3936	8.73964e-14
0.396	9.36849e-14
0.3984	1.00327e-13
0.4008	1.07329e-13
0.4032	1.14698e-13
0.4056	1.22436e-13
0.408	1.30544e-13
0.4104	1.39018e-13
0.4128	1.47853e-13
0.4152	1.57036e-13
0.4176	1.66552e-13
0.42	1.76378e-13
0.4224	1.86484e-13
0.4248	1.96833e-13
0.4272	2.07379e-13
0.4296	2.18062e-13
0.432	2.28815e-13
0.4344	2.39554e-13
0.4368	2.5018e-13
0.4392	2.60577e-13
0.4416	2.70609e-13
0.444	2.80117e-13
0.4464	2.88919e-13
0.4488	2.96801e-13
0.4512	3.03521e-13
0.4536	3.088e-13
0.456	3.12321e-13
0.4584	3.1372e-13
0.4608	3.12587e-13
0.4632	3.08455e-13
0.4656	3.00799e-13
0.468	2.89022e-13
0.4704	2.72458e-13
0.4728	2.50353e-13
0.4752	2.21863e-13
0.4776	1.86045e-13
0.48	1.41839e-13
0.4824	8.80648e-14
0.4848	2.3405e-14
0.4872	-5.36088e-14
0.4896	-1.4461e-13
0.492	-2.51415e-13
0.4944	-3.7604e-13
0.4968	-5.20721e-13
0.4992	-6.87934e-13
0.5016	-8.80422e-13
0.504	-1.10122e-12
0.5064	-1.35367e-12
0.5088	-1.64147e-12
0.5112	-1.96871e-12
0.5136	-2.33986e-12
0.516	-2.75989e-12
0.5184	-3.23422e-12
0.5208	-3.76885e-12
0.5232	-4.37033e-12
0.5256	-5.04588e-12
0.528	-5.8034e-12
0.5304	-6.65157e-12
0.5328	-7.59987e-12
0.5352	-8.65869e-12
0.5376	-9.8394e-12
0.54	-1.11544e-11
0.5424	-1.26173e-11
0.5448	-1.42428e-11
0.5472	-1.60472e-11
0.5496	-1.8048e-11
0.552	-2.02644e-11
0.5544	-2.27174e-11
0.5568	-2.54296e-11
0.5592	-2.84258e-11
0.5616	-3.17329e-11
0.564	-3.53801e-11
0.5664	-3.9399e-11
0.5688	-4.38241e-11
0.5712	-4.86927e-11
0.5736	-5.40452e-11
0.576	-5.99254e-11
0.5784	-6.63808e-11
0.5808	-7.34626e-11
0.5832	-8.12264e-11
0.5856	-8.97322e-11
0.588	-9.90446e-11
0.5904	-1.09234e-10
0.5928	-1.20375e-10
0.5952	-1.3255e-10
0.5976	-1.45846e-10
0.6	-1.60359e-10
0.6024	-1.76189e-10
0.6048	-1.93446e-10
0.6072	-2.12248e-10
0.6096	-2.32722e-10
0.612	-2.55004e-10
0.6144	-2.7924e-10
0.6168	-3.05587e-10
0.6192	-3.34213e-10
0.6216	-3.65299e-10
0.624	-3.99037e-10
0.6264	-4.35635e-10
0.6288	-4.75315e-10
0.6312	-5.18312e-10
0.6336	-5.6488e-10
0.636	-6.15291e-10
0.6384	-6.69832e-10
0.6408	-7.28812e-10
0.6432	-7.92559e-10
0.6456	-8.61425e-10
0.648	-9.35783e-10
0.6504	-1.01603e-09
0.6528	-1.10259e-09
0.6552	-1.19591e-09
0.6576	-1.29646e-09
0.66	-1.40477e-09
0.6624	-1.52136e-09
0.6648	-1.6468e-09
0.6672	-1.7817e-09
0.6696	-1.9267e-09
0.672	-2.08248e-09
0.6744	-2.24975e-09
0.6768	-2.42928e-09
0.6792	-2.62185e-09
0.6816	-2.82832e-09
0.684	-3.04957e-09
0.6864	-3.28654e-09
0.6888	-3.54022e-09
0.6912	-3.81163e-09
0.6936	-4.10188e-09
0.696	-4.41209e-09
0.6984	-4.74347e-09
0.7008	-5.09728e-09
0.7032	-5.47482e-09
0.7056	-5.87747e-09
0.708	-6.30667e-09
0.7104	-6.76389e-09
0.7128	-7.25071e-09
0.7152	-7.76874e-09
0.7176	-8.31966e-09
0.72	-8.90521e-09
0.7224	-9.52722e-09
0.7248	-1.01875e-08
0.7272	-1.08881e-08
0.7296	-1.16309e-08
0.732	-1.24179e-08
0.7344	-1.32514e-08
0.7368	-1.41334e-08
0.7392	-1.50661e-08
0.7416	-1.60518e-08
0.744	-1.70927e-08
0.7464	-1.81912e-08
0.7488	-1.93496e-08
0.7512	-2.05702e-08
0.7536	-2.18554e-08
0.756	-2.32075e-08
0.7584	-2.46289e-08
0.7608	-2.61219e-08
0.7632	-2.76886e-08
0.7656	-2.93312e-08
0.768	-3.10519e-08
0.7704	-3.28526e-08
0.7728	-3.47352e-08
0.7752	-3.67012e-08
0.7776	-3.87523e-08
0.78	-4.08897e-08
0.7824	-4.31144e-08
0.7848	-4.54271e-08
0.7872	-4.78281e-08
0.7896	-5.03174e-08
0.792	-5.28947e-08
0.7944	-5.55588e-08
0.7968	-5.83083e-08
0.7992	-6.11411e-08
0.8016	-6.40543e-08
0.804	-6.70443e-08
0.8064	-7.01066e-08
0.8088	-7.32359e-08
0.8112	-7.64257e-08
0.8136	-7.96683e-08
0.816	-8.2955e-08
0.8184	-8.62754e-08
0.8208	-8.96179e-08
0.8232	-9.29689e-08
0.8256	-9.63132e-08
0.828	-9.96336e-08
0.8304	-1.02911e-07
0.8328	-1.06123e-07
0.8352	-1.09246e-07
0.8376	-1.12253e-07
0.84	-1.15114e-07
0.8424	-1.17795e-07
0.8448	-1.2026e-07
0.8472	-1.22469e-07
0.8496	-1.24378e-07
0.852	-1.25936e-07
0.8544	-1.27092e-07
0.8568	-1.27785e-07
0.8592	-1.27953e-07
0.8616	-1.27525e-07
0.864	-1.26426e-07
0.8664	-1.24572e-07
0.8688	-1.21873e-07
0.8712	-1.18233e-07
0.8736	-1.13545e-07
0.876	-1.07695e-07
0.8784	-1.00558e-07
0.8808	-9.20018e-08
0.8832	-8.18809e-08
0.8856	-7.00398e-08
0.888	-5.63106e-08
0.8904	-4.05128e-08
0.8928	-2.24521e-08
0.8952	-1.91994e-09
0.8976	2.13077e-08
0.9	4.74712e-08
0.9024	7.68278e-08
0.9048	1.09653e-07
0.9072	1.46243e-07
0.9096	1.86912e-07
0.912	2.31997e-07
0.9144	2.81859e-07
0.9168	3.36881e-07
0.9192	3.97473e-07
0.9216	4.64071e-07
0.924	5.37139e-07
0.9264	6.17172e-07
0.9288	7.04694e-07
0.9312	8.00264e-07
0.9336	9.04475e-07
0.936	1.01796e-06
0.9384	1.14137e-06
0.9408	1.27543e-06
0.9432	1.42089e-06
0.9456	1.57853e-06
0.948	1.74919e-06
0.9504	1.93376e-06
0.9528	2.13319e-06
0.9552	2.34844e-06
0.9576	2.58058e-06
0.96	2.8307e-06
0.9624	3.09996e-06
0.9648	3.38958e-06
0.9672	3.70086e-06
0.9696	4.03514e-06
0.972	4.39384e-06
0.9744	4.77847e-06
0.9768	5.19059e-06
0.9792	5.63185e-06
0.9816	6.10398e-06
0.984	6.60879e-06
0.9864	7.14819e-06
0.9888	7.72416e-06
0.9912	8.33877e-06
0.9936	8.99421e-06
0.996	9.69275e-06
0.9984	1.04368e-05
1.0008	1.12287e-05
1.0032	1.20712e-05
1.0056	1.29669e-05
1.008	1.39187e-05
1.0104	1.49293e-05
1.0128	1.6002e-05
1.0152	1.71398e-05
1.0176	1.83461e-05
1.02	1.96241e-05
1.0224	2.09775e-05
1.0248	2.241e-05
1.0272	2.39252e-05
1.0296	2.55271e-05
1.032	2.72199e-05
1.0344	2.90076e-05
1.0368	3.08946e-05
1.0392	3.28853e-05
1.0416	3.49844e-05
1.044	3.71966e-05
1.0464	3.95268e-05
1.0488	4.198e-05
1.0512	4.45613e-05
1.0536	4.72759e-05
1.056	5.01294e-05
1.0584	5.31273e-05
1.0608	5.62751e-05
1.0632	5.95787e-05
1.0656	6.3044e-05
1.068	6.66771e-05
1.0704	7.04839e-05
1.0728	7.44707e-05
1.0752	7.86439e-05
1.0776	8.30098e-05
1.08	8.7575e-05
1.0824	9.23458e-05
1.0848	9.73289e-05
1.0872	0.000102531
1.0896	0.000107959
1.092	0.000113618
1.0944	0.000119517
1.0968	0.000125661
1.0992	0.000132058
1.1016	0.000138713
1.104	0.000145633
1.1064	0.000152824
1.1088	0.000160294
1.1112	0.000168046
1.1136	0.000176089
1.116	0.000184427
1.1184	0.000193065
1.1208	0.000202009
1.1232	0.000211264
1.1256	0.000220834
1.128	0.000230723
1.1304	0.000240934
1.1328	0.000251472
1.1352	0.000262338
1.1376	0.000273535
1.14	0.000285064
1.1424	0.000296926
1.1448	0.00030912
1.1472	0.000321646
1.1496	0.000334502
1.152	0.000347686
1.1544	0.000361193
1.1568	0.00037502
1.1592	0.000389161
1.1616	0.000403607
1.164	0.000418351
1.1664	0.000433384
1.1688	0.000448693
1.1712	0.000464267
1.1736	0.00048009
1.176	0.000496146
1.1784	0.000512417
1.1808	0.000528884
1.1832	0.000545523
1.1856	0.000562311
1.188	0.000579221
1.1904	0.000596224
1.1928	0.000613288
1.1952	0.00063038
1.1976	0.000647461
1.2	0.000664493
1.2024	0.000681432
1.2048	0.000698232
1.2072	0.000714843
1.2096	0.000731214
1.212	0.000747286
1.2144	0.000763
1.2168	0.000778292
1.2192	0.000793093
1.2216	0.000807331
1.224	0.000820929
1.2264	0.000833806
1.2288	0.000845875
1.2312	0.000857046
1.2336	0.000867223
1.236	0.000876305
1.2384	0.000884185
1.2408	0.000890751
1.2432	0.000895887
1.2456	0.000899469
1.248	0.000901366
1.2504	0.000901445
1.2528	0.000899562
1.2552	0.00089557
1.2576	0.000889314
1.26	0.000880632
1.2624	0.000869356
1.2648	0.000855309
1.2672	0.000838309
1.2696	0.000818166
1.272	0.000794681
1.2744	0.00076765
1.2768	0.000736859
1.2792	0.000702087
1.2816	0.000663105
1.284	0.000619676
1.2864	0.000571555
1.2888	0.000518487
1.2912	0.000460212
1.2936	0.000396458
1.296	0.000326948
1.2984	0.000251393
1.3008	0.000169498
1.3032	8.09577e-05
1.3056	-1.45397e-05
1.308	-0.000117316
1.3104	-0.000227702
1.3128	-0.000346035
1.3152	-0.000472663
1.3176	-0.000607941
1.32	-0.000752233
1.3224	-0.000905909
1.3248	-0.00106935
1.3272	-0.00124294
1.3296	-0.00142709
1.332	-0.00162218
1.3344	-0.00182863
1.3368	-0.00204686
1.3392	-0.00227729
1.3416	-0.00252036
1.344	-0.00277649
1.3464	-0.00304613
1.3488	-0.00332973
1.3512	-0.00362774
1.3536	-0.00394062
1.356	-0.00426883
1.3584	-0.00461283
1.3608	-0.00497309
1.3632	-0.00535009
1.3656	-0.0057443
1.368	-0.00615619
1.3704	-0.00658623
1.3728	-0.00703491
1.3752	-0.00750269
1.3776	-0.00799005
1.38	-0.00849747
1.3824	-0.0090254
1.3848	-0.00957432
1.3872	-0.0101447
1.3896	-0.0107369
1.392	-0.0113516
1.3944	-0.011989
1.3968	-0.0126496
1.3992	-0.0133338
1.4016	-0.0140422
1.404	-0.014775
1.4064	-0.0155326
1.4088	-0.0163154
1.4112	-0.0171239
1.4136	-0.0179582
1.416	-0.0188189
1.4184	-0.019706
1.4208	-0.0206201
1.4232	-0.0215612
1.4256	-0.0225297
1.428	-0.0235258
1.4304	-0.0245496
1.4328	-0.0256014
1.4352	-0.0266813
1.4376	-0.0277894
1.44	-0.0289257
1.4424	-0.0300903
1.4448	-0.0312833
1.4472	-0.0325046
1.4496	-0.0337542
1.452	-0.0350318
1.4544	-0.0363376
1.4568	-0.0376711
1.4592	-0.0390323
1.4616	-0.0404208
1.464	-0.0418364
1.4664	-0.0432786
1.4688	-0.0447472
1.4712	-0.0462415
1.4736	-0.0477612
1.476	-0.0493057
1.4784	-0.0508743
1.4808	-0.0524664
1.4832	-0.0540812
1.4856	-0.0557181
1.488	-0.0573761
1.4904	-0.0590543
1.4928	-0.0607518
1.4952	-0.0624676
1.4976	-0.0642006
1.5	-0.0659496
1.5024	-0.0677135
1.5048	-0.0694909
1.5072	-0.0712806
1.5096	-0.073081
1.512	-0.0748908
1.5144	-0.0767083
1.5168	-0.0785321
1.5192	-0.0803603
1.5216	-0.0821914
1.524	-0.0840233
1.5264	-0.0858544
1.5288	-0.0876826
1.5312	-0.0895058
1.5336	-0.0913221
1.536	-0.0931293
1.5384	-0.0949251
1.5408	-0.0967074
1.5432	-0.0984736
1.5456	-0.100221
1.548	-0.101948
1.5504	-0.103652
1.5528	-0.10533
1.5552	-0.106979
1.5576	-0.108596
1.56	-0.11018
1.5624	-0.111726
1.5648	-0.113233
1.5672	-0.114697
1.5696	-0.116116
1.572	-0.117485
1.5744	-0.118803
1.5768	-0.120066
1.5792	-0.121271
1.5816	-0.122415
1.584	-0.123494
1.5864	-0.124506
1.5888	-0.125447
1.5912	-0.126314
1.5936	-0.127104
1.596	-0.127813
1.5984	-0.128437
1.6008	-0.128975
1.6032	-0.129422
1.6056	-0.129775
1.608	-0.13003
1.6104	-0.130185
1.6128	-0.130236
1.6152	-0.13018
1.6176	-0.130014
1.62	-0.129733
1.6224	-0.129337
1.6248	-0.12882
1.6272	-0.12818
1.6296	-0.127414
1.632	-0.126519
1.6344	-0.125492
1.6368	-0.12433
1.6392	-0.123031
1.6416	-0.121591
1.644	-0.120008
1.6464	-0.118279
1.6488	-0.116402
1.6512	-0.114375
1.6536	-0.112195
1.656	-0.10986
1.6584	-0.107368
1.6608	-0.104717
1.6632	-0.101905
1.6656	-0.0989311
1.668	-0.0957929
1.6704	-0.0924891
1.6728	-0.0890186
1.6752	-0.0853801
1.6776	-0.0815726
1.68	-0.0775953
1.6824	-0.0734475
1.6848	-0.0691287
1.6872	-0.0646385
1.6896	-0.0599766
1.692	-0.0551431
1.6944	-0.050138
1.6968	-0.0449618
1.6992	-0.039615
1.7016	-0.0340981
1.704	-0.0284122
1.7064	-0.0225582
1.7088	-0.0165375
1.7112	-0.0103515
1.7136	-0.00400178
1.716	0.00250972
1.7184	0.00918099
1.7208	0.0160098
1.7232	0.0229936
1.7256	0.0301299
1.728	0.0374157
1.7304	0.0448481
1.7328	0.0524238
1.7352	0.0601393
1.7376	0.067991
1.74	0.0759751
1.7424	0.0840875
1.7448	0.092324
1.7472	0.10068
1.7496	0.109151
1.752	0.117733
1.7544	0.12642
1.7568	0.135207
1.7592	0.144089
1.7616	0.15306
1.764	0.162114
1.7664	0.171247
1.7688	0.180451
1.7712	0.189722
1.7736	0.199051
1.776	0.208434
1.7784	0.217863
1.7808	0.227331
1.7832	0.236833
1.7856	0.24636
1.788	0.255907
1.7904	0.265465
1.7928	0.275028
1.7952	0.284588
1.7976	0.294138
1.8	0.303671
1.8024	0.313178
1.8048	0.322652
1.8072	0.332086
1.8096	0.341472
1.812	0.350803
1.8144	0.36007
1.8168	0.369265
1.8192	0.378382
1.8216	0.387412
1.824	0.396348
1.8264	0.405182
1.8288	0.413906
1.8312	0.422513
1.8336	0.430996
1.836	0.439346
1.8384	0.447556
1.8408	0.455619
1.8432	0.463528
1.8456	0.471276
1.848	0.478856
1.8504	0.48626
1.8528	0.493483
1.8552	0.500516
1.8576	0.507355
1.86	0.513992
1.8624	0.520422
1.8648	0.526638
1.8672	0.532635
1.8696	0.538407
1.872	0.543948
1.8744	0.549254
1.8768	0.554318
1.8792	0.559138
1.8816	0.563707
1.884	0.568022
1.8864	0.572078
1.8888	0.575872
1.8912	0.5794
1.8936	0.582658
1.896	0.585643
1.8984	0.588353
1.9008	0.590785
1.9032	0.592936
1.9056	0.594805
1.908	0.596389
1.9104	0.597687
1.9128	0.598698
1.9152	0.599421
1.9176	0.599855
1.92	0.6
1.9224	0.599855
1.9248	0.599421
1.9272	0.598698
1.9296	0.597687
1.932	0.596389
1.9344	0.594805
1.9368	0.592936
1.9392	0.590785
1.9416	0.588353
1.944	0.585643
1.9464	0.582658
1.9488	0.5794
1.9512	0.575872
1.9536	0.572078
1.956	0.568022
1.9584	0.563707
1.9608	0.559138
1.9632	0.554318
1.9656	0.549254
1.968	0.543948
1.9704	0.538407
1.9728	0.532635
1.9752	0.526638
1.9776	0.520422
1.98	0.513992
1.9824	0.507355
1.9848	0.500516
1.9872	0.493483
1.9896	0.48626
1.992	0.478856
1.9944	0.471276
1.9968	0.463528
1.9992	0.455619
2.0016	0.447556
2.004	0.439346
2.0064	0.430996
2.0088	0.422513
2.0112	0.413906
2.0136	0.405182
2.016	0.396348
2.0184	0.387412
2.0208	0.378382
2.0232	0.369265
2.0256	0.36007
2.028	0.350803
2.0304	0.341472
2.0328	0.332086
2.0352	0.322652
2.0376	0.313178
2.04	0.303671
2.0424	0.294138
2.0448	0.284588
2.0472	0.275028
2.0496	0.265465
2.052	0.255907
2.0544	0.24636
2.0568	0.236833
2.0592	0.227331
2.0616	0.217863
2.064	0.208434
2.0664	0.199051
2.0688	0.189722
2.0712	0.180451
2.0736	0.171247
2.076	0.162114
2.0784	0.15306
2.0808	0.144089
2.0832	0.135207
2.0856	0.12642
2.088	0.117733
2.0904	0.109151
2.0928	0.10068
2.0952	0.092324
2.0976	0.0840875
2.1	0.0759751
2.1024	0.067991
2.1048	0.0601393
2.1072	0.0524238
2.1096	0.0448481
2.112	0.0374157
2.1144	0.0301299
2.1168	0.0229936
2.1192	0.0160098
2.1216	0.00918099
2.124	0.00250972
2.1264	-0.00400178
2.1288	-0.0103515
2.1312	-0.0165375
2.1336	-0.0225582
2.136	-0.0284122
2.1384	-0.0340981
2.1408	-0.039615
2.1432	-0.0449618
2.1456	-0.050138
2.148	-0.0551431
2.1504	-0.0599766
2.1528	-0.0646385
2.1552	-0.0691287
2.1576	-0.0734475
2.16	-0.0775953
2.1624	-0.0815726
2.1648	-0.0853801
2.1672	-0.0890186
2.1696	-0.0924891
2.172	-0.0957929
2.1744	-0.0989311
2.1768	-0.101905
2.1792	-0.104717
2.1816	-0.107368
2.184	-0.10986
2.1864	-0.112195
2.1888	-0.114375
2.1912	-0.116402
2.1936	-0.118279
2.196	-0.120008
2.1984	-0.121591
2.2008	-0.123031
2.2032	-0.12433
2.2056	-0.125492
2.208	-0.126519
2.2104	-0.127414
2.2128	-0.12818
2.2152	-0.12882
2.2176	-0.129337
2.22	-0.129733
2.2224	-0.130014
2.2248	-0.13018
2.2272	-0.130236
2.2296	-0.130185
2.232	-0.13003
2.2344	-0.129775
2.2368	-0.129422
2.2392	-0.128975
2.2416	-0.128437
2.244	-0.127813
2.2464	-0.127104
2.2488	-0.126314
2.2512	-0.125447
2.2536	-0.124506
2.256	-0.123494
2.2584	-0.122415
2.2608	-0.121271
2.2632	-0.120066
2.2656	-0.118803
2.268	-0.117485
2.2704	-0.116116
2.2728	-0.114697
2.2752	-0.113233
2.2776	-0.111726
2.28	-0.11018
2.2824	-0.108596
2.2848	-0.106979
2.2872	-0.10533
2.2896	-0.103652
2.292	-0.101948
2.2944	-0.100221
2.2968	-0.0984736
2.2992	-0.0967074
2.3016	-0.0949251
2.304	-0.0931293
2.3064	-0.0913221
2.3088	-0.0895058
2.3112	-0.0876826
2.3136	-0.0858544
2.316	-0.0840233
2.3184	-0.0821914
2.3208	-0.0803603
2.3232	-0.0785321
2.3256	-0.0767083
2.328	-0.0748908
2.3304	-0.073081
2.3328	-0.0712806
2.3352	-0.0694909
2.3376	-0.0677135
2.34	-0.0659496
2.3424	-0.0642006
2.3448	-0.0624676
2.3472	-0.0607518
2.3496	-0.0590543
2.352	-0.0573761
2.3544	-0.0557181
2.3568	-0.0540812
2.3592	-0.0524664
2.3616	-0.0508743
2.364	-0.0493057
2.3664	-0.0477612
2.3688	-0.0462415
2.3712	-0.0447472
2.3736	-0.0432786
2.376	-0.0418364
2.3784	-0.0404208
2.3808	-0.0390323
2.3832	-0.0376711
2.3856	-0.0363376
2.388	-0.0350318
2.3904	-0.0337542
2.3928	-0.0325046
2.3952	-0.0312833
2.3976	-0.0300903
2.4	-0.0289257
2.4024	-0.0277894
2.4048	-0.0266813
2.4072	-0.0256014
2.4096	-0.0245496
2.412	-0.0235258
2.4144	-0.0225297
2.4168	-0.0215612
2.4192	-0.0206201
2.4216	-0.019706
2.424	-0.0188189
2.4264	-0.0179582
2.4288	-0.0171239
2.4312	-0.0163154
2.4336	-0.0155326
2.436	-0.014775
2.4384	-0.0140422
2.4408	-0.0133338
2.4432	-0.0126496
2.4456	-0.011989
2.448	-0.0113516
2.4504	-0.0107369
2.4528	-0.0101447
2.4552	-0.00957432
2.4576	-0.0090254
2.46	-0.00849747
2.4624	-0.00799005
2.4648	-0.00750269
2.4672	-0.00703491
2.4696	-0.00658623
2.472	-0.00615619
2.4744	-0.0057443
2.4768	-0.00535009
2.4792	-0.00497309
2.4816	-0.00461283
2.484	-0.00426883
2.4864	-0.00394062
2.4888	-0.00362774
2.4912	-0.00332973
2.4936	-0.00304613
2.496	-0.00277649
2.4984	-0.00252036
2.5008	-0.00227729
2.5032	-0.00204686
2.5056	-0.00182863
2.508	-0.00162218
2.5104	-0.00142709
2.5128	-0.00124294
2.5152	-0.00106935
2.5176	-0.000905909
2.52	-0.000752233
2.5224	-0.000607941
2.5248	-0.000472663
2.5272	-0.000346035
2.5296	-0.000227702
2.532	-0.000117316
2.5344	-1.45397e-05
2.5368	8.09577e-05
2.5392	0.000169498
2.5416	0.000251393
2.544	0.000326948
2.5464	0.000396458
2.5488	0.000460212
2.5512	0.000518487
2.5536	0.000571555
2.556	0.000619676
2.5584	0.000663105
2.5608	0.000702087
2.5632	0.000736859
2.5656	0.00076765
2.568	0.000794681
2.5704	0.000818166
2.5728	0.000838309
2.5752	0.000855309
2.5776	0.000869356
2.58	0.000880632
2.5824	0.000889314
2.5848	0.00089557
2.5872	0.000899562
2.5896	0.000901445
2.592	0.000901366
2.5944	0.000899469
2.5968	0.000895887
2.5992	0.000890751
2.6016	0.000884185
2.604	0.000876305
2.6064	0.000867223
2.6088	0.000857046
2.6112	0.000845875
2.6136	0.000833806
2.616	0.000820929
2.6184	0.000807331
2.6208	0.000793093
2.6232	0.000778292
2.6256	0.000763
2.628	0.000747286
2.6304	0.000731214
2.6328	0.000714843
2.6352	0.000698232
2.6376	0.000681432
2.64	0.000664493
2.6424	0.000647461
2.6448	0.00063038
2.6472	0.000613288
2.6496	0.000596224
2.652	0.000579221
2.6544	0.000562311
2.6568	0.000545523
2.6592	0.000528884
2.6616	0.000512417
2.664	0.000496146
2.6664	0.00048009
2.6688	0.000464267
2.6712	0.000448693
2.6736	0.000433384
2.676	0.000418351
2.6784	0.000403607
2.6808	0.000389161
2.6832	0.00037502
2.6856	0.000361193
2.688	0.000347686
2.6904	0.000334502
2.6928	0.000321646
2.6952	0.00030912
2.6976	0.000296926
2.7	0.000285064
2.7024	0.000273535
2.7048	0.000262338
2.7072	0.000251472
2.7096	0.000240934
2.712	0.000230723
2.7144	0.000220834
2.7168	0.000211264
2.7192	0.000202009
2.7216	0.000193065
2.724	0.000184427
2.7264	0.000176089
2.7288	0.000168046
2.7312	0.000160294
2.7336	0.000152824
2.736	0.000145633
2.7384	0.000138713
2.7408	0.000132058
2.7432	0.000125661
2.7456	0.000119517
2.748	0.000113618
2.7504	0.000107959
2.7528	0.000102531
2.7552	9.73289e-05
2.7576	9.23458e-05
2.76	8.7575e-05
2.7624	8.30098e-05
2.7648	7.86439e-05
2.7672	7.44707e-05
2.7696	7.04839e-05
2.772	6.66771e-05
2.7744	6.3044e-05
2.7768	5.95787e-05
2.7792	5.62751e-05
2.7816	5.31273e-05
2.784	5.01294e-05
2.7864	4.72759e-05
2.7888	4.45613e-05
2.7912	4.198e-05
2.7936	3.95268e-05
2.796	3.71966e-05
2.7984	3.49844e-05
2.8008	3.28853e-05
2.8032	3.08946e-05
2.8056	2.90076e-05
2.808	2.72199e-05
2.8104	2.55271e-05
2.8128	2.39252e-05
2.8152	2.241e-05
2.8176	2.09775e-05
2.82	1.96241e-05
2.8224	1.83461e-05
2.8248	1.71398e-05
2.8272	1.6002e-05
2.8296	1.49293e-05
2.832	1.39187e-05
2.8344	1.29669e-05
2.8368	1.20712e-05
2.8392	1.12287e-05
2.8416	1.04368e-05
2.844	9.69275e-06
2.8464	8.99421e-06
2.8488	8.33877e-06
2.8512	7.72416e-06
2.8536	7.14819e-06
2.856	6.60879e-06
2.8584	6.10398e-06
2.8608	5.63185e-06
2.8632	5.19059e-06
2.8656	4.77847e-06
2.868	4.39384e-06
2.8704	4.03514e-06
2.8728	3.70086e-06
2.8752	3.38958e-06
2.8776	3.09996e-06
2.88	2.8307e-06
2.8824	2.58058e-06
2.8848	2.34844e-06
2.8872	2.13319e-06
2.8896	1.93376e-06
2.892	1.74919e-06
2.8944	1.57853e-06
2.8968	1.42089e-06
2.8992	1.27543e-06
2.9016	1.14137e-06
2.904	1.01796e-06
2.9064	9.04475e-07
2.9088	8.00264e-07
2.9112	7.04694e-07
2.9136	6.17172e-07
2.916	5.37139e-07
2.9184	4.64071e-07
2.9208	3.97473e-07
2.9232	3.36881e-07
2.9256	2.81859e-07
2.928	2.31997e-07
2.9304	1.86912e-07
2.9328	1.46243e-07
2.9352	1.09653e-07
2.9376	7.68278e-08
2.94	4.74712e-08
2.9424	2.13077e-08
2.9448	-1.91994e-09
2.9472	-2.24521e-08
2.9496	-4.05128e-08
2.952	-5.63106e-08
2.9544	-7.00398e-08
2.9568	-8.18809e-08
2.9592	-9.20018e-08
2.9616	-1.00558e-07
2.964	-1.07695e-07
2.9664	-1.13545e-07
2.9688	-1.18233e-07
2.9712	-1.21873e-07
2.9736	-1.24572e-07
2.976	-1.26426e-07
2.9784	-1.27525e-07
2.9808	-1.27953e-07
2.9832	-1.27785e-07
2.9856	-1.27092e-07
2.988	-1.25936e-07
2.9904	-1.24378e-07
2.9928	-1.22469e-07
2.9952	-1.2026e-07
2.9976	-1.17795e-07
3	-1.15114e-07
3.0024	-1.12253e-07
3.0048	-1.09246e-07
3.0072	-1.06123e-07
3.0096	-1.02911e-07
3.012	-9.96336e-08
3.0144	-9.63132e-08
3.0168	-9.29689e-08
3.0192	-8.96179e-08
3.0216	-8.62754e-08
3.024	-8.2955e-08
3.0264	-7.96683e-08
3.0288	-7.64257e-08
3.0312	-7.32359e-08
3.0336	-7.01066e-08
3.036	-6.70443e-08
3.0384	-6.40543e-08
3.0408	-6.11411e-08
3.0432	-5.83083e-08
3.0456	-5.55588e-08
3.048	-5.28947e-08
3.0504	-5.03174e-08
3.0528	-4.78281e-08
3.0552	-4.54271e-08
3.0576	-4.31144e-08
3.06	-4.08897e-08
3.0624	-3.87523e-08
3.0648	-3.67012e-08
3.0672	-3.47352e-08
3.0696	-3.28526e-08
3.072	-3.10519e-08
3.0744	-2.93312e-08
3.0768	-2.76886e-08
3.0792	-2.61219e-08
3.0816	-2.46289e-08
3.084	-2.32075e-08
3.0864	-2.18554e-08
3.0888	-2.05702e-08
3.0912	-1.93496e-08
3.0936	-1.81912e-08
3.096	-1.70927e-08
3.0984	-1.60518e-08
3.1008	-1.50661e-08
3.1032	-1.41334e-08
3.1056	-1.32514e-08
3.108	-1.24179e-08
3.1104	-1.16309e-08
3.1128	-1.08881e-08
3.1152	-1.01875e-08
3.1176	-9.52722e-09
3.12	-8.90521e-09
3.1224	-8.31966e-09
3.1248	-7.76874e-09
3.1272	-7.25071e-09
3.1296	-6.76389e-09
3.132	-6.30667e-09
3.1344	-5.87747e-09
3.1368	-5.47482e-09
3.1392	-5.09728e-09
3.1416	-4.74347e-09
3.144	-4.41209e-09
3.1464	-4.10188e-09
3.1488	-3.81163e-09
3.1512	-3.54022e-09
3.1536	-3.28654e-09
3.156	-3.04957e-09
3.1584	-2.82832e-09
3.1608	-2.62185e-09
3.1632	-2.42928e-09
3.1656	-2.24975e-09
3.168	-2.08248e-09
3.1704	-1.9267e-09
3.1728	-1.7817e-09
3.1752	-1.6468e-09
3.1776	-1.52136e-09
3.18	-1.40477e-09
3.1824	-1.29646e-09
3.1848	-1.19591e-09
3.1872	-1.10259e-09
3.1896	-1.01603e-09
3.192	-9.35783e-10
3.1944	-8.61425e-10
3.1968	-7.92559e-10
3.1992	-7.28812e-10
3.2016	-6.69832e-10
3.204	-6.15291e-10
3.2064	-5.6488e-10
3.2088	-5.18312e-10
3.2112	-4.75315e-10
3.2136	-4.35635e-10
3.216	-3.99037e-10
3.2184	-3.65299e-10
3.2208	-3.34213e-10
3.2232	-3.05587e-10
3.2256	-2.7924e-10
3.228	-2.55004e-10
3.2304	-2.32722e-10
3.2328	-2.12248e-10
3.2352	-1.93446e-10
3.2376	-1.76189e-10
3.24	-1.60359e-10
3.2424	-1.45846e-10
3.2448	-1.3255e-10
3.2472	-1.20375e-10
3.2496	-1.09234e-10
3.252	-9.90446e-11
3.2544	-8.97322e-11
3.2568	-8.12264e-11
3.2592	-7.34626e-11
3.2616	-6.63808e-11
3.264	-5.99254e-11
3.2664	-5.40452e-11
3.2688	-4.86927e-11
3.2712	-4.38241e-11
3.2736	-3.9399e-11
3.276	-3.53801e-11
3.2784	-3.17329e-11
3.2808	-2.84258e-11
3.2832	-2.54296e-11
3.2856	-2.27174e-11
3.288	-2.02644e-11
3.2904	-1.8048e-11
3.2928	-1.60472e-11
3.2952	-1.42428e-11
3.2976	-1.26173e-11
3.3	-1.11544e-11
3.3024	-9.8394e-12
3.3048	-8.65869e-12
3.3072	-7.59987e-12
3.3096	-6.65157e-12
3.312	-5.8034e-12
3.3144	-5.04588e-12
3.3168	-4.37033e-12
3.3192	-3.76885e-12
3.3216	-3.23422e-12
3.324	-2.75989e-12
3.3264	-2.33986e-12
3.3288	-1.96871e-12
3.3312	-1.64147e-12
3.3336	-1.35367e-12
3.336	-1.10122e-12
3.3384	-8.80422e-13
3.3408	-6.87934e-13
3.3432	-5.20721e-13
3.3456	-3.7604e-13
3.348	-2.51415e-13
3.3504	-1.4461e-13
3.3528	-5.36088e-14
3.3552	2.3405e-14
3.3576	8.80648e-14
3.36	1.41839e-13
3.3624	1.86045e-13
3.3648	2.21863e-13
3.3672	2.50353e-13
3.3696	2.72458e-13
3.372	2.89022e-13
3.3744	3.00799e-13
3.3768	3.08455e-13
3.3792	3.12587e-13
3.3816	3.1372e-13
3.384	3.12321e-13
3.3864	3.088e-13
3.3888	3.03521e-13
3.3912	2.96801e-13
3.3936	2.88919e-13
3.396	2.80117e-13
3.3984	2.70609e-13
3.4008	2.60577e-13
3.4032	2.5018e-13
3.4056	2.39554e-13
3.408	2.28815e-13
3.4104	2.18062e-13
3.4128	2.07379e-13
3.4152	1.96833e-13
3.4176	1.86484e-13
3.42	1.76378e-13
3.4224	1.66552e-13
3.4248	1.57036e-13
3.4272	1.47853e-13
3.4296	1.39018e-13
3.432	1.30544e-13
3.4344	1.22436e-13
3.4368	1.14698e-13
3.4392	1.07329e-13
3.4416	1.00327e-13
3.444	9.36849e-14
3.4464	8.73964e-14
3.4488	8.14526e-14
3.4512	7.58435e-14
3.4536	7.05581e-14
3.456	6.55849e-14
3.4584	6.09115e-14
3.4608	5.65257e-14
3.4632	5.24145e-14
3.4656	4.85654e-14
3.468	4.49656e-14
3.4704	4.16026e-14
3.4728	3.84639e-14
3.4752	3.55375e-14
3.4776	3.28116e-14
3.48	3.02749e-14
3.4824	2.79162e-14
3.4848	2.57249e-14
3.4872	2.36909e-14
3.4896	2.18044e-14
3.492	2.0056e-14
3.4944	1.8437e-14
3.4968	1.69387e-14
3.4992	1.55533e-14
3.5016	1.42731e-14
3.504	1.3091e-14
3.5064	1.20001e-14
3.5088	1.09942e-14
3.5112	1.00672e-14
3.5136	9.21339e-15
3.516	8.42756e-15
3.5184	7.70473e-15
3.5208	7.04025e-15
3.5232	6.42977e-15
3.5256	5.86924e-15
3.528	5.35486e-15
3.5304	4.8831e-15
3.5328	4.45068e-15
3.5352	4.05454e-15
3.5376	3.69183e-15
3.54	3.35992e-15
3.5424	3.05635e-15
3.5448	2.77884e-15
3.5472	2.52531e-15
3.5496	2.29379e-15
3.552	2.08249e-15
3.5544	1.88974e-15
3.5568	1.714e-15
3.5592	1.55386e-15
3.5616	1.408e-15
3.564	1.27521e-15
3.5664	1.15439e-15
3.5688	1.04452e-15
3.5712	9.44639e-16
3.5736	8.53898e-16
3.576	7.71498e-16
3.5784	6.96709e-16
3.5808	6.28862e-16
3.5832	5.67343e-16
3.5856	5.11589e-16
3.588	4.61086e-16
3.5904	4.1536e-16
3.5928	3.73982e-16
3.5952	3.36555e-16
3.5976	3.02719e-16
3.6	2.72146e-16
3.6024	2.44533e-16
3.6048	2.19608e-16
3.6072	1.97119e-16
3.6096	1.76839e-16
3.612	1.5856e-16
3.6144	1.42093e-16
3.6168	1.27266e-16
3.6192	1.13923e-16
3.6216	1.01921e-16
3.624	9.11315e-17
3.6264	8.14366e-17
3.6288	7.27302e-17
3.6312	6.49156e-17
3.6336	5.79053e-17
3.636	5.162e-17
3.6384	4.59878e-17
3.6408	4.09438e-17
3.6432	3.64289e-17
3.6456	3.23902e-17
3.648	2.87794e-17
3.6504	2.55532e-17
3.6528	2.26722e-17
3.6552	2.01012e-17
3.6576	1.78083e-17
3.66	1.57646e-17
3.6624	1.39442e-17
3.6648	1.23239e-17
3.6672	1.08825e-17
3.6696	9.60123e-18
3.672	8.46309e-18
3.6744	7.45282e-18
3.6768	6.5567e-18
3.6792	5.76245e-18
3.6816	5.05902e-18
3.684	4.43654e-18
3.6864	3.88613e-18
3.6888	3.39988e-18
3.6912	2.97067e-18
3.6936	2.59216e-18
3.696	2.25867e-18
3.6984	1.96514e-18
3.7008	1.70704e-18
3.7032	1.48032e-18
3.7056	1.2814e-18
3.708	1.10706e-18
3.7104	9.54452e-19
3.7128	8.21033e-19
3.7152	7.04544e-19
3.7176	6.02979e-19
3.72	5.14557e-19
3.7224	4.37697e-19
3.7248	3.70997e-19
3.7272	3.13217e-19
3.7296	2.6326e-19
3.732	2.20152e-19
3.7344	1.83037e-19
3.7368	1.51158e-19
3.7392	1.23845e-19
3.7416	1.00511e-19
3.744	8.06381e-20
3.7464	6.37703e-20
3.7488	4.95077e-20
3.7512	3.74994e-20
3.7536	2.74378e-20
3.756	1.90538e-20
3.7584	1.21121e-20
3.7608	6.40731e-21
3.7632	1.76037e-21
3.7656	-1.98453e-21
3.768	-4.96279e-21
3.7704	-7.2919e-21
3.7728	-9.07356e-21
3.7752	-1.03957e-20
3.7776	-1.13341e-20
3.78	-1.1954e-20
3.7824	-1.23115e-20
3.7848	-1.24544e-20
3.7872	-1.24238e-20
3.7896	-1.22543e-20
3.792	-1.19757e-20
3.7944	-1.16128e-20
3.7968	-1.11866e-20
3.7992	-1.07146e-20
3.8016	-1.02115e-20
3.804	-9.6893e-21
3.8064	-9.15788e-21
3.8088	-8.6253e-21
3.8112	-8.098e-21
3.8136	-7.58109e-21
3.816	-7.07854e-21
3.8184	-6.59336e-21
3.8208	-6.12777e-21
3.8232	-5.68331e-21
3.8256	-5.26097e-21
3.828	-4.86129e-21
3.8304	-4.48442e-21
3.8328	-4.13024e-21
3.8352	-3.79837e-21
3.8376	-3.48824e-21
3.84	-3.19916e-21
3.8424	-2.93032e-21
3.8448	-2.68082e-21
3.8472	-2.44973e-21
3.8496	-2.2361e-21
3.852	-2.03893e-21
3.8544	-1.85727e-21
3.8568	-1.69013e-21
3.8592	-1.53659e-21
3.8616	-1.39573e-21
3.864	-1.26666e-21
3.8664	-1.14856e-21
3.8688	-1.04061e-21
3.8712	-9.42046e-22
3.8736	-8.52158e-22
3.876	-7.70264e-22
3.8784	-6.95728e-22
3.8808	-6.27953e-22
3.8832	-5.66382e-22
3.8856	-5.10499e-22
3.888	-4.5982e-22
3.8904	-4.13901e-22
3.8928	-3.72328e-22
3.8952	-3.34719e-22
3.8976	-3.00723e-22
3.9	-2.70015e-22
3.9024	-2.42297e-22
3.9048	-2.17297e-22
3.9072	-1.94763e-22
3.9096	-1.74466e-22
3.912	-1.56196e-22
3.9144	-1.39762e-22
3.9168	-1.24988e-22
3.9192	-1.11715e-22
3.9216	-9.97975e-23
3.924	-8.91042e-23
3.9264	-7.95148e-23
3.9288	-7.09204e-23
3.9312	-6.32222e-23
3.9336	-5.63307e-23
3.936	-5.01649e-23
3.9384	-4.46515e-23
3.9408	-3.9724e-23
3.9432	-3.53227e-23
3.9456	-3.13934e-23
3.948	-2.78875e-23
3.9504	-2.47609e-23
3.9528	-2.19741e-23
3.9552	-1.94914e-23
3.9576	-1.72809e-23
3.96	-1.53136e-23
3.9624	-1.35636e-23
3.9648	-1.20079e-23
3.9672	-1.06255e-23
3.9696	-9.39765e-24
3.972	-8.3077e-24
3.9744	-7.34062e-24
3.9768	-6.48299e-24
3.9792	-5.72279e-24
3.9816	-5.04928e-24
3.984	-4.45288e-24
3.9864	-3.925e-24
3.9888	-3.45802e-24
3.9912	-3.0451e-24
3.9936	-2.68017e-24
3.996	-2.35781e-24
3.9984	-2.07319e-24
4.0008	-1.82201e-24
4.0032	-1.60046e-24
4.0056	-1.40514e-24
4.008	-1.23303e-24
4.0104	-1.08144e-24
4.0128	-9.47996e-25
4.0152	-8.30583e-25
4.0176	-7.27328e-25
4.02	-6.3657e-25
4.0224	-5.56836e-25
4.0248	-4.86823e-25
4.0272	-4.25379e-25
4.0296	-3.71481e-25
4.032	-3.24229e-25
4.0344	-2.82825e-25
4.0368	-2.46564e-25
4.0392	-2.14825e-25
4.0416	-1.87059e-25
4.044	-1.62781e-25
4.0464	-1.41567e-25
4.0488	-1.23039e-25
4.0512	-1.06866e-25
4.0536	-9.2758e-26
4.056	-8.0458e-26
4.0584	-6.97408e-26
4.0608	-6.04084e-26
4.0632	-5.22869e-26
4.0656	-4.52237e-26
4.068	-3.90847e-26
4.0704	-3.37526e-26
4.0728	-2.91243e-26
4.0752	-2.51098e-26
4.0776	-2.163e-26
4.08	-1.86159e-26
4.0824	-1.6007e-26
4.0848	-1.37507e-26
4.0872	-1.18007e-26
4.0896	-1.01168e-26
4.092	-8.66386e-27
4.0944	-7.41128e-27
4.0968	-6.33236e-27
4.0992	-5.40386e-27
4.1016	-4.60555e-27
4.104	-3.91984e-27
4.1064	-3.33143e-27
4.1088	-2.82704e-27
4.1112	-2.39515e-27
4.1136	-2.02576e-27
4.116	-1.71019e-27
4.1184	-1.44094e-27
4.1208	-1.21151e-27
4.1232	-1.01628e-27
4.1256	-8.50391e-28
4.128	-7.09655e-28
4.1304	-5.90451e-28
4.1328	-4.89662e-28
4.1352	-4.04601e-28
4.1376	-3.32958e-28
4.14	-2.72745e-28
4.1424	-2.22257e-28
4.1448	-1.8003e-28
4.1472	-1.4481e-28
4.1496	-1.15523e-28
4.152	-9.12512e-29
4.1544	-7.12105e-29
4.1568	-5.47322e-29
4.1592	-4.12466e-29
4.1616	-3.02693e-29
4.164	-2.13889e-29
4.1664	-1.42565e-29
4.1688	-8.57674e-30
4.1712	-4.10003e-30
4.1736	-6.15915e-31
4.176	2.05275e-30
4.1784	4.05472e-30
4.1808	5.51463e-30
4.1832	6.53659e-30
4.1856	7.20735e-30
4.188	7.59897e-30
4.1904	7.77108e-30
4.1928	7.77284e-30
4.1952	7.64459e-30
4.1976	7.41929e-30
4.2	7.1237e-30
4.2024	6.77942e-30
4.2048	6.40372e-30
4.2072	6.01034e-30
4.2096	5.61001e-30
4.212	5.21107e-30
4.2144	4.81985e-30
4.2168	4.44104e-30
4.2192	4.07801e-30
4.2216	3.73309e-30
4.224	3.40773e-30
4.2264	3.10273e-30
4.2288	2.81834e-30
4.2312	2.55442e-30
4.2336	2.31053e-30
4.236	2.08597e-30
4.2384	1.87992e-30
4.2408	1.69141e-30
4.2432	1.51944e-30
4.2456	1.36295e-30
4.248	1.22087e-30
4.2504	1.09216e-30
4.2528	9.75801e-31
4.2552	8.70793e-31
4.2576	7.76198e-31
4.26	6.91123e-31
4.2624	6.14728e-31
4.2648	5.46228e-31
4.2672	4.8489e-31
4.2696	4.30038e-31
4.272	3.81048e-31
4.2744	3.37344e-31
4.2768	2.98401e-31
4.2792	2.63737e-31
4.2816	2.32915e-31
4.284	2.05536e-31
4.2864	1.81239e-31
4.2888	1.59698e-31
4.2912	1.40616e-31
4.2936	1.23728e-31
4.296	1.08794e-31
4.2984	9.55985e-32
4.3008	8.39487e-32
4.3032	7.36713e-32
4.3056	6.46116e-32
4.308	5.6631e-32
4.3104	4.9606e-32
4.3128	4.34266e-32
4.3152	3.79946e-32
4.3176	3.32228e-32
4.32	2.90338e-32
4.3224	2.53587e-32
4.3248	2.21365e-32
4.3272	1.93131e-32
4.3296	1.68407e-32
4.332	1.4677e-32
4.3344	1.27844e-32
4.3368	1.11301e-32
4.3392	9.68478e-33
4.3416	8.4228e-33
4.344	7.32152e-33
4.3464	6.36099e-33
4.3488	5.52369e-33
4.3512	4.7942e-33
4.3536	4.15898e-33
4.356	3.60614e-33
4.3584	3.12524e-33
4.3608	2.70714e-33
4.3632	2.34383e-33
4.3656	2.02829e-33
4.368	1.75437e-33
4.3704	1.51672e-33
4.3728	1.31062e-33
4.3752	1.13198e-33
4.3776	9.77215e-34
4.38	8.43204e-34
4.3824	7.2722e-34
4.3848	6.26887e-34
4.3872	5.40136e-34
4.3896	4.65165e-34
4.392	4.00405e-34
4.3944	3.44494e-34
4.3968	2.96246e-34
4.3992	2.5463e-34
4.4016	2.18754e-34
4.404	1.87839e-34
4.4064	1.61214e-34
4.4088	1.38294e-34
4.4112	1.18573e-34
4.4136	1.01613e-34
4.416	8.70343e-35
4.4184	7.45095e-35
4.4208	6.37542e-35
4.4232	5.4523e-35
4.4256	4.66041e-35
4.428	3.98142e-35
4.4304	3.39953e-35
4.4328	2.90112e-35
4.4352	2.47442e-35
4.4376	2.10932e-35
4.44	1.79708e-35
4.4424	1.53019e-35
4.4448	1.30218e-35
4.4472	1.1075e-35
4.4496	9.41364e-36
4.452	7.99668e-36
4.4544	6.78881e-36
4.4568	5.75979e-36
4.4592	4.88362e-36
4.4616	4.13803e-36
4.464	3.50395e-36
4.4664	2.96501e-36
4.4688	2.50722e-36
4.4712	2.11861e-36
4.4736	1.78893e-36
4.476	1.50941e-36
4.4784	1.2726e-36
4.4808	1.07209e-36
4.4832	9.02434e-37
4.4856	7.5899e-37
4.488	6.37794e-37
4.4904	5.35471e-37
4.4928	4.49147e-37
4.4952	3.76376e-37
4.4976	3.15081e-37
4.5	2.63494e-37
4.5024	2.20114e-37
4.5048	1.83668e-37
4.5072	1.53074e-37
4.5096	1.27418e-37
4.512	1.05924e-37
4.5144	8.79341e-38
4.5168	7.28935e-38
4.5192	6.03324e-38
4.5216	4.98541e-38
4.524	4.11238e-38
4.5264	3.38591e-38
4.5288	2.78219e-38
4.5312	2.28119e-38
4.5336	1.86605e-38
4.536	1.52259e-38
4.5384	1.23891e-38
4.5408	1.00502e-38
4.5432	8.12551e-39
4.5456	6.54492e-39
4.548	5.24977e-39
4.5504	4.19104e-39
4.5528	3.32783e-39
4.5552	2.62603e-39
4.5576	2.05725e-39
4.56	1.59786e-39
4.5624	1.22826e-39
4.5648	9.32187e-40
4.5672	6.96172e-40
4.5696	5.09088e-40
4.572	3.6175e-40
4.5744	2.46595e-40
4.5768	1.57406e-40
4.5792	8.90817e-41
4.5816	3.74498e-41
4.584	-8.96678e-43
4.5864	-2.87309e-41
4.5888	-4.83036e-41
4.5912	-6.14352e-41
4.5936	-6.9593e-41
4.596	-7.39546e-41
4.5984	-7.54606e-41
4.6008	-7.48585e-41
4.6032	-7.27388e-41
4.6056	-6.95644e-41
4.608	-6.56951e-41
4.6104	-6.14083e-41
4.6128	-5.69145e-41
4.6152	-5.23713e-41
4.6176	-4.78945e-41
4.62	-4.35665e-41
4.6224	-3.94439e-41
4.6248	-3.55632e-41
4.6272	-3.19455e-41
4.6296	-2.86e-41
4.632	-2.55276e-41
4.6344	-2.27225e-41
4.6368	-2.01746e-41
4.6392	-1.78708e-41
4.6416	-1.57962e-41
4.644	-1.39346e-41
4.6464	-1.22695e-41
4.6488	-1.07846e-41
4.6512	-9.46396e-42
4.6536	-8.29228e-42
4.656	-7.25513e-42
4.6584	-6.33898e-42
4.6608	-5.53131e-42
4.6632	-4.82056e-42
4.6656	-4.19617e-42
4.668	-3.64853e-42
4.6704	-3.16893e-42
4.6728	-2.74952e-42
4.6752	-2.38324e-42
4.6776	-2.06377e-42
4.68	-1.78547e-42
4.6824	-1.54332e-42
4.6848	-1.33285e-42
4.6872	-1.15013e-42
4.6896	-9.91643e-43
4.692	-8.54324e-43
4.6944	-7.35456e-43
4.6968	-6.32654e-43
4.6992	-5.43825e-43
4.7016	-4.67137e-43
4.704	-4.00984e-43
4.7064	-3.43966e-43
4.7088	-2.9486e-43
4.7112	-2.526e-43
4.7136	-2.16259e-43
4.716	-1.8503e-43
4.7184	-1.58214e-43
4.7208	-1.35203e-43
4.7232	-1.15469e-43
4.7256	-9.85585e-44
4.728	-8.40758e-44
4.7304	-7.16805e-44
4.7328	-6.10785e-44
4.7352	-5.20157e-44
4.7376	-4.42734e-44
4.74	-3.76632e-44
4.7424	-3.20228e-44
4.7448	-2.72127e-44
4.7472	-2.3113e-44
4.7496	-1.96207e-44
4.752	-1.66475e-44
4.7544	-1.41176e-44
4.7568	-1.19662e-44
4.7592	-1.01375e-44
4.7616	-8.58392e-45
4.764	-7.26484e-45
4.7664	-6.14542e-45
4.7688	-5.19593e-45
4.7712	-4.39098e-45
4.7736	-3.70892e-45
4.776	-3.13128e-45
4.7784	-2.64232e-45
4.7808	-2.22864e-45
4.7832	-1.87881e-45
4.7856	-1.58312e-45
4.788	-1.33333e-45
4.7904	-1.12241e-45
4.7928	-9.44403e-46
4.7952	-7.94241e-46
4.7976	-6.67632e-46
4.8	-5.60934e-46
