<Coefficient>
	 5 Total number of radial orbitals.
	Type	L	Zeta-Orbital
	  1 	0	    1
	  -0.37029626965523
	  -0.32845607399940
	  -0.05236993357539
	   0.16915917396545
	   0.16208435595036
	   0.16317158937454
	   0.06008159369230
	   0.06111942231655
	  -0.01554259378463
	   0.02477064356208
	  -0.03000785224140
	   0.02776389382780
	  -0.02820792980492
	   0.03330243378878
	  -0.03134765848517
	   0.03595250099897
	  -0.03872996568680
	   0.04586529359221
	  -0.08364135026932
	Type	L	Zeta-Orbital
	  1 	0	    2
	   0.44759389758110
	   0.05423882603645
	   0.09421791136265
	  -0.04740507528186
	   0.15205667912960
	  -0.06914632022381
	   0.11768817901611
	  -0.08118863403797
	   0.09447790682316
	  -0.08625630289316
	   0.07484791427851
	  -0.07580946385860
	   0.06302624940872
	  -0.05698876082897
	   0.05341921746731
	  -0.04328351095319
	   0.04037299007177
	  -0.03715490549803
	   0.04147742688656
	Type	L	Zeta-Orbital
	  1 	1	    1
	  -0.03850352764130
	   0.78923970460892
	   0.45826691389084
	   0.35484749078751
	  -0.10603722929955
	   0.11701935529709
	  -0.13467907905579
	   0.08430394530296
	  -0.09366131573915
	   0.07933947443962
	  -0.05581488460302
	   0.04933071136475
	  -0.03924917057157
	   0.02653631381691
	  -0.02039544284344
	   0.01263934932649
	  -0.00650039361790
	   0.00118041725364
	   0.06417543441057
	Type	L	Zeta-Orbital
	  1 	1	    2
	   0.16830199956894
	  -0.28665229678154
	  -0.14189192652702
	  -0.17033232748508
	   0.08038503676653
	  -0.07949967682362
	   0.08882774412632
	  -0.06532122939825
	   0.07081296294928
	  -0.06477906554937
	   0.05393818393350
	  -0.05239685997367
	   0.04906428605318
	  -0.04467587545514
	   0.04411740228534
	  -0.04331725090742
	   0.04480121657252
	  -0.04789821431041
	   0.16592700779438
	Type	L	Zeta-Orbital
	  1 	2	    1
	  -0.26238062977791
	  -0.54614186286926
	  -0.46579909324646
	  -0.32306829094887
	  -0.19440701603889
	  -0.18322914838791
	  -0.12065424025059
	  -0.11036488413811
	  -0.05986255407333
	  -0.06028308346868
	  -0.02166043967009
	  -0.02877865545452
	  -0.00323722697794
	  -0.01622269488871
	   0.00376422237605
	  -0.00851553026587
	   0.00649465387687
	  -0.00904022529721
	   0.00542650418356
</Coefficient>
