0.002478752177 0.121387755535 -0.630133571374 0.003388902675 0.001307784363 -0.000013291337
0.002503664050 0.121387830485 -0.630133458036 0.003422959291 0.001320928236 -0.000013559880
0.002528826292 0.121387906949 -0.630133342408 0.003457358109 0.001334204220 -0.000013833811
0.002554241419 0.121387984958 -0.630133224444 0.003492102564 0.001347613643 -0.000014113279
0.002579911972 0.121388064543 -0.630133104097 0.003527196128 0.001361157847 -0.000014398413
0.002605840518 0.121388145735 -0.630132981319 0.003562642308 0.001374838186 -0.000014689278
0.002632029651 0.121388228568 -0.630132856061 0.003598444645 0.001388656029 -0.000014985953
0.002658481989 0.121388313074 -0.630132728272 0.003634606716 0.001402612759 -0.000015288692
0.002685200177 0.121388399287 -0.630132597902 0.003671132133 0.001416709772 -0.000015597621
0.002712186887 0.121388487242 -0.630132464898 0.003708024546 0.001430948478 -0.000015912691
0.002739444819 0.121388576974 -0.630132329207 0.003745287640 0.001445330301 -0.000016234155
0.002766976697 0.121388668518 -0.630132190775 0.003782925137 0.001459856681 -0.000016562038
0.002794785275 0.121388761912 -0.630132049547 0.003820940799 0.001474529072 -0.000016896637
0.002822873334 0.121388857193 -0.630131905465 0.003859338421 0.001489348939 -0.000017237960
0.002851243683 0.121388954398 -0.630131758473 0.003898121840 0.001504317768 -0.000017586214
0.002879899158 0.121389053567 -0.630131608511 0.003937294930 0.001519437054 -0.000017941451
0.002908842626 0.121389154740 -0.630131455520 0.003976861604 0.001534708312 -0.000018303878
0.002938076980 0.121389257956 -0.630131299439 0.004016825814 0.001550133068 -0.000018673661
0.002967605145 0.121389363258 -0.630131140204 0.004057191552 0.001565712867 -0.000019050864
0.002997430072 0.121389470686 -0.630130977753 0.004097962850 0.001581449266 -0.000019435718
0.003027554745 0.121389580285 -0.630130812020 0.004139143779 0.001597343841 -0.000019828376
0.003057982176 0.121389692099 -0.630130642938 0.004180738453 0.001613398182 -0.000020228907
0.003088715408 0.121389806171 -0.630130470441 0.004222751026 0.001629613895 -0.000020637537
0.003119757514 0.121389922547 -0.630130294460 0.004265185694 0.001645992602 -0.000021054455
0.003151111598 0.121390041275 -0.630130114923 0.004308046695 0.001662535944 -0.000021479772
0.003182780797 0.121390162401 -0.630129931760 0.004351338309 0.001679245574 -0.000021913701
0.003214768275 0.121390285974 -0.630129744896 0.004395064859 0.001696123165 -0.000022356334
0.003247077234 0.121390412043 -0.630129554257 0.004439230713 0.001713170406 -0.000022807949
0.003279710902 0.121390540659 -0.630129359767 0.004483840280 0.001730389002 -0.000023268728
0.003312672545 0.121390671874 -0.630129161349 0.004528898014 0.001747780678 -0.000023738715
0.003345965457 0.121390805739 -0.630128958921 0.004574408416 0.001765347172 -0.000024218321
0.003379592969 0.121390942309 -0.630128752405 0.004620376029 0.001783090243 -0.000024707534
0.003413558443 0.121391081637 -0.630128541717 0.004666805442 0.001801011666 -0.000025206679
0.003447865276 0.121391223780 -0.630128326772 0.004713701292 0.001819113236 -0.000025715876
0.003482516898 0.121391368795 -0.630128107485 0.004761068260 0.001837396762 -0.000026235340
0.003517516775 0.121391516740 -0.630127883769 0.004808911076 0.001855864076 -0.000026765352
0.003552868406 0.121391667673 -0.630127655533 0.004857234516 0.001874517025 -0.000027306007
0.003588575327 0.121391821655 -0.630127422686 0.004906043404 0.001893357475 -0.000027857637
0.003624641109 0.121391978749 -0.630127185135 0.004955342612 0.001912387314 -0.000028420390
0.003661069358 0.121392139015 -0.630126942786 0.005005137061 0.001931608444 -0.000028994489
0.003697863716 0.121392302520 -0.630126695540 0.005055431723 0.001951022790 -0.000029580181
0.003735027865 0.121392469327 -0.630126443300 0.005106231616 0.001970632295 -0.000030177750
0.003772565519 0.121392639505 -0.630126185965 0.005157541813 0.001990438921 -0.000030787352
0.003810480433 0.121392813120 -0.630125923431 0.005209367433 0.002010444651 -0.000031409306
0.003848776398 0.121392990243 -0.630125655593 0.005261713649 0.002030651487 -0.000032043784
0.003887457243 0.121393170944 -0.630125382345 0.005314585685 0.002051061452 -0.000032691117
0.003926526838 0.121393355296 -0.630125103576 0.005367988818 0.002071676589 -0.000033351500
0.003965989089 0.121393543372 -0.630124819176 0.005421928378 0.002092498960 -0.000034025230
0.004005847942 0.121393735247 -0.630124529031 0.005476409745 0.002113530651 -0.000034712558
0.004046107383 0.121393930999 -0.630124233024 0.005531438358 0.002134773767 -0.000035413778
0.004086771438 0.121394130705 -0.630123931038 0.005587019706 0.002156230434 -0.000036129178
0.004127844174 0.121394334446 -0.630123622951 0.005643159335 0.002177902799 -0.000036858997
0.004169329698 0.121394542303 -0.630123308640 0.005699862846 0.002199793033 -0.000037603567
0.004211232158 0.121394754359 -0.630122987980 0.005757135897 0.002221903327 -0.000038363189
0.004253555745 0.121394970699 -0.630122660842 0.005814984200 0.002244235894 -0.000039138178
0.004296304691 0.121395191410 -0.630122327095 0.005873413527 0.002266792970 -0.000039928789
0.004339483271 0.121395416579 -0.630121986606 0.005932429705 0.002289576813 -0.000040735380
0.004383095803 0.121395646297 -0.630121639238 0.005992038623 0.002312589705 -0.000041558266
0.004427146648 0.121395880657 -0.630121284854 0.006052246224 0.002335833949 -0.000042397759
0.004471640211 0.121396119751 -0.630120923310 0.006113058514 0.002359311872 -0.000043254224
0.004516580943 0.121396363675 -0.630120554462 0.006174481557 0.002383025826 -0.000044128004
0.004561973336 0.121396612527 -0.630120178164 0.006236521480 0.002406978184 -0.000045019423
0.004607821930 0.121396866406 -0.630119794263 0.006299184468 0.002431171345 -0.000045928847
0.004654131310 0.121397125415 -0.630119402607 0.006362476769 0.002455607731 -0.000046856615
0.004700906108 0.121397389656 -0.630119003039 0.006426404696 0.002480289790 -0.000047803159
0.004748150999 0.121397659235 -0.630118595399 0.006490974620 0.002505219992 -0.000048768808
0.004795870710 0.121397934261 -0.630118179524 0.006556192981 0.002530400835 -0.000049753956
0.004844070012 0.121398214843 -0.630117755248 0.006622066278 0.002555834839 -0.000050759039
0.004892753725 0.121398501093 -0.630117322401 0.006688601079 0.002581524552 -0.000051784396
0.004941926718 0.121398793126 -0.630116880810 0.006755804015 0.002607472548 -0.000052830465
0.004991593907 0.121399091059 -0.630116430298 0.006823681786 0.002633681423 -0.000053897672
0.005041760260 0.121399395011 -0.630115970684 0.006892241155 0.002660153804 -0.000054986420
0.005092430793 0.121399705104 -0.630115501786 0.006961488954 0.002686892342 -0.000056097178
0.005143610573 0.121400021462 -0.630115023416 0.007031432086 0.002713899714 -0.000057230371
0.005195304719 0.121400344210 -0.630114535381 0.007102077518 0.002741178626 -0.000058386458
0.005247518399 0.121400673479 -0.630114037488 0.007173432290 0.002768731811 -0.000059565886
0.005300256836 0.121401009401 -0.630113529536 0.007245503510 0.002796562028 -0.000060769143
0.005353525303 0.121401352109 -0.630113011323 0.007318298359 0.002824672065 -0.000061996698
0.005407329126 0.121401701740 -0.630112482642 0.007391824087 0.002853064738 -0.000063249076
0.005461673688 0.121402058435 -0.630111943280 0.007466088018 0.002881742891 -0.000064526713
0.005516564421 0.121402422337 -0.630111393022 0.007541097549 0.002910709398 -0.000065830185
0.005572006815 0.121402793590 -0.630110831648 0.007616860149 0.002939967161 -0.000067159977
0.005628006414 0.121403172344 -0.630110258933 0.007693383364 0.002969519110 -0.000068516624
0.005684568819 0.121403558749 -0.630109674649 0.007770674812 0.002999368208 -0.000069900680
0.005741699686 0.121403952962 -0.630109078561 0.007848742189 0.003029517444 -0.000071312680
0.005799404727 0.121404355138 -0.630108470431 0.007927593267 0.003059969839 -0.000072753225
0.005857689713 0.121404765440 -0.630107850016 0.008007235895 0.003090728446 -0.000074222849
0.005916560474 0.121405184031 -0.630107217068 0.008087678001 0.003121796346 -0.000075722178
0.005976022895 0.121405611079 -0.630106571333 0.008168927591 0.003153176653 -0.000077251770
0.006036082924 0.121406046755 -0.630105912553 0.008250992750 0.003184872513 -0.000078812274
0.006096746566 0.121406491233 -0.630105240465 0.008333881644 0.003216887100 -0.000080404285
0.006158019887 0.121406944690 -0.630104554800 0.008417602521 0.003249223625 -0.000082028467
0.006219909016 0.121407407309 -0.630103855283 0.008502163710 0.003281885329 -0.000083685441
0.006282420141 0.121407879275 -0.630103141634 0.008587573623 0.003314875484 -0.000085375890
0.006345559513 0.121408360776 -0.630102413569 0.008673840755 0.003348197399 -0.000087100494
0.006409333446 0.121408852005 -0.630101670796 0.008760973685 0.003381854414 -0.000088859916
0.006473748318 0.121409353158 -0.630100913017 0.008848981080 0.003415849903 -0.000090654888
0.006538810571 0.121409864436 -0.630100139930 0.008937871689 0.003450187274 -0.000092486108
0.006604526709 0.121410386044 -0.630099351226 0.009027654350 0.003484869970 -0.000094354327
0.006670903306 0.121410918191 -0.630098546588 0.009118337989 0.003519901469 -0.000096260272
0.006737946999 0.121411461089 -0.630097725695 0.009209931620 0.003555285282 -0.000098204706
0.006805664492 0.121412014955 -0.630096888219 0.009302444344 0.003591024959 -0.000100188432
0.006874062557 0.121412580012 -0.630096033824 0.009395885357 0.003627124084 -0.000102212219
0.006943148035 0.121413156484 -0.630095162169 0.009490263942 0.003663586276 -0.000104276887
0.007012927833 0.121413744604 -0.630094272905 0.009585589475 0.003700415193 -0.000106383248
0.007083408929 0.121414344606 -0.630093365677 0.009681871425 0.003737614529 -0.000108532156
0.007154598372 0.121414956731 -0.630092440121 0.009779119357 0.003775188015 -0.000110724472
0.007226503281 0.121415581223 -0.630091495867 0.009877342926 0.003813139420 -0.000112961062
0.007299130847 0.121416218332 -0.630090532537 0.009976551886 0.003851472552 -0.000115242837
0.007372488331 0.121416868313 -0.630089549747 0.010076756086 0.003890191257 -0.000117570693
0.007446583071 0.121417531427 -0.630088547102 0.010177965473 0.003929299418 -0.000119945557
0.007521422475 0.121418207939 -0.630087524203 0.010280190092 0.003968800960 -0.000122368395
0.007597014028 0.121418898119 -0.630086480638 0.010383440087 0.004008699848 -0.000124840178
0.007673365288 0.121419602243 -0.630085415992 0.010487725703 0.004049000084 -0.000127361878
0.007750483891 0.121420320594 -0.630084329839 0.010593057285 0.004089705714 -0.000129934507
0.007828377549 0.121421053459 -0.630083221743 0.010699445281 0.004130820823 -0.000132559104
0.007907054052 0.121421801131 -0.630082091261 0.010806900240 0.004172349538 -0.000135236690
0.007986521266 0.121422563910 -0.630080937942 0.010915432819 0.004214296028 -0.000137968377
0.008066787139 0.121423342100 -0.630079761324 0.011025053776 0.004256664503 -0.000140755225
0.008147859698 0.121424136014 -0.630078560935 0.011135773977 0.004299459218 -0.000143598370
0.008229747049 0.121424945968 -0.630077336297 0.011247604394 0.004342684468 -0.000146498933
0.008312457382 0.121425772287 -0.630076086919 0.011360556108 0.004386344596 -0.000149458075
0.008395998967 0.121426615303 -0.630074812301 0.011474640309 0.004430443985 -0.000152476982
0.008480380160 0.121427475351 -0.630073511933 0.011589868296 0.004474987063 -0.000155556863
0.008565609397 0.121428352776 -0.630072185295 0.011706251480 0.004519978306 -0.000158698945
0.008651695203 0.121429247931 -0.630070831857 0.011823801384 0.004565422232 -0.000161904487
0.008738646185 0.121430161172 -0.630069451077 0.011942529643 0.004611323406 -0.000165174772
0.008826471040 0.121431092865 -0.630068042402 0.012062448008 0.004657686440 -0.000168511107
0.008915178548 0.121432043383 -0.630066605270 0.012183568343 0.004704515992 -0.000171914818
0.009004777582 0.121433013108 -0.630065139104 0.012305902632 0.004751816769 -0.000175387267
0.009095277102 0.121434002426 -0.630063643319 0.012429462973 0.004799593523 -0.000178929854
0.009186686156 0.121435011734 -0.630062117317 0.012554261583 0.004847851056 -0.000182543988
0.009279013887 0.121436041436 -0.630060560486 0.012680310800 0.004896594219 -0.000186231103
0.009372269527 0.121437091944 -0.630058972204 0.012807623082 0.004945827912 -0.000189992688
0.009466462402 0.121438163678 -0.630057351835 0.012936211009 0.004995557085 -0.000193830235
0.009561601931 0.121439257068 -0.630055698732 0.013066087284 0.005045786737 -0.000197745287
0.009657697628 0.121440372551 -0.630054012233 0.013197264734 0.005096521920 -0.000201739403
0.009754759102 0.121441510574 -0.630052291663 0.013329756310 0.005147767737 -0.000205814186
0.009852796061 0.121442671592 -0.630050536333 0.013463575092 0.005199529340 -0.000209971252
0.009951818308 0.121443856070 -0.630048745543 0.013598734285 0.005251811939 -0.000214212275
0.010051835745 0.121445064482 -0.630046918575 0.013735247224 0.005304620791 -0.000218538941
0.010152858373 0.121446297312 -0.630045054698 0.013873127374 0.005357961211 -0.000222952978
0.010254896296 0.121447555054 -0.630043153167 0.014012388330 0.005411838567 -0.000227456163
0.010357959718 0.121448838210 -0.630041213221 0.014153043820 0.005466258280 -0.000232050287
0.010462058943 0.121450147295 -0.630039234084 0.014295107706 0.005521225828 -0.000236737177
0.010567204384 0.121451482834 -0.630037214964 0.014438593983 0.005576746745 -0.000241518726
0.010673406554 0.121452845359 -0.630035155053 0.014583516784 0.005632826620 -0.000246396825
0.010780676073 0.121454235418 -0.630033053528 0.014729890376 0.005689471101 -0.000251373437
0.010889023669 0.121455653566 -0.630030909547 0.014877729167 0.005746685892 -0.000256450546
0.010998460176 0.121457100371 -0.630028722253 0.015027047704 0.005804476756 -0.000261630174
0.011108996538 0.121458576413 -0.630026490771 0.015177860674 0.005862849515 -0.000266914396
0.011220643810 0.121460082282 -0.630024214208 0.015330182907 0.005921810049 -0.000272305325
0.011333413155 0.121461618582 -0.630021891652 0.015484029374 0.005981364301 -0.000277805112
0.011447315851 0.121463185928 -0.630019522176 0.015639415193 0.006041518272 -0.000283415959
0.011562363287 0.121464784947 -0.630017104831 0.015796355628 0.006102278025 -0.000289140105
0.011678566970 0.121466416279 -0.630014638650 0.015954866088 0.006163649687 -0.000294979833
0.011795938520 0.121468080579 -0.630012122646 0.016114962131 0.006225639445 -0.000300937479
0.011914489673 0.121469778511 -0.630009555813 0.016276659465 0.006288253551 -0.000307015422
0.012034232285 0.121471510756 -0.630006937124 0.016439973950 0.006351498321 -0.000313216090
0.012155178330 0.121473278009 -0.630004265530 0.016604921597 0.006415380134 -0.000319541960
0.012277339903 0.121475080976 -0.630001539964 0.016771518571 0.006479905436 -0.000325995562
0.012400729220 0.121476920379 -0.629998759335 0.016939781191 0.006545080740 -0.000332579470
0.012525358621 0.121478796956 -0.629995922530 0.017109725933 0.006610912624 -0.000339296313
0.012651240568 0.121480711457 -0.629993028414 0.017281369432 0.006677407733 -0.000346148779
0.012778387650 0.121482664650 -0.629990075830 0.017454728479 0.006744572783 -0.000353139599
0.012906812580 0.121484657317 -0.629987063596 0.017629820027 0.006812414556 -0.000360271568
0.013036528203 0.121486690255 -0.629983990507 0.017806661190 0.006880939906 -0.000367547536
0.013167547490 0.121488764280 -0.629980855334 0.017985269246 0.006950155755 -0.000374970404
0.013299883542 0.121490880222 -0.629977656821 0.018165661636 0.007020069099 -0.000382543139
0.013433549594 0.121493038928 -0.629974393691 0.018347855968 0.007090687004 -0.000390268767
0.013568559012 0.121495241263 -0.629971064636 0.018531870016 0.007162016610 -0.000398150368
0.013704925297 0.121497488110 -0.629967668325 0.018717721722 0.007234065129 -0.000406191095
0.013842662086 0.121499780368 -0.629964203399 0.018905429200 0.007306839849 -0.000414394151
0.013981783153 0.121502118956 -0.629960668472 0.019095010733 0.007380348131 -0.000422762822
0.014122302410 0.121504504810 -0.629957062130 0.019286484777 0.007454597415 -0.000431300439
0.014264233909 0.121506938887 -0.629953382929 0.019479869963 0.007529595214 -0.000440010416
0.014407591843 0.121509422161 -0.629949629398 0.019675185097 0.007605349122 -0.000448896229
0.014552390548 0.121511955627 -0.629945800034 0.019872449161 0.007681866810 -0.000457961427
0.014698644505 0.121514540302 -0.629941893306 0.020071681317 0.007759156028 -0.000467209625
0.014846368338 0.121517177219 -0.629937907651 0.020272900904 0.007837224606 -0.000476644517
0.014995576820 0.121519867435 -0.629933841473 0.020476127445 0.007916080457 -0.000486269871
0.015146284873 0.121522612030 -0.629929693146 0.020681380643 0.007995731572 -0.000496089525
0.015298507567 0.121525412102 -0.629925461010 0.020888680387 0.008076186028 -0.000506107402
0.015452260124 0.121528268773 -0.629921143372 0.021098046749 0.008157451986 -0.000516327497
0.015607557920 0.121531183189 -0.629916738504 0.021309499989 0.008239537690 -0.000526753893
0.015764416485 0.121534156516 -0.629912244643 0.021523060555 0.008322451469 -0.000537390746
0.015922851505 0.121537189948 -0.629907659992 0.021738749086 0.008406201740 -0.000548242304
0.016082878823 0.121540284699 -0.629902982716 0.021956586408 0.008490797007 -0.000559312896
0.016244514442 0.121543442010 -0.629898210944 0.022176593545 0.008576245863 -0.000570606940
0.016407774526 0.121546663147 -0.629893342766 0.022398791709 0.008662556989 -0.000582128942
0.016572675402 0.121549949400 -0.629888376234 0.022623202312 0.008749739158 -0.000593883498
0.016739233559 0.121553302087 -0.629883309362 0.022849846959 0.008837801232 -0.000605875298
0.016907465653 0.121556722552 -0.629878140121 0.023078747456 0.008926752169 -0.000618109128
0.017077388507 0.121560212166 -0.629872866443 0.023309925807 0.009016601016 -0.000630589866
0.017249019115 0.121563772328 -0.629867486218 0.023543404218 0.009107356919 -0.000643322491
0.017422374639 0.121567404466 -0.629861997294 0.023779205094 0.009199029116 -0.000656312083
0.017597472416 0.121571110035 -0.629856397473 0.024017351049 0.009291626943 -0.000669563820
0.017774329954 0.121574890522 -0.629850684515 0.024257864897 0.009385159834 -0.000683082989
0.017952964940 0.121578747441 -0.629844856134 0.024500769662 0.009479637322 -0.000696874982
0.018133395237 0.121582682341 -0.629838909998 0.024746088575 0.009575069038 -0.000710945297
0.018315638889 0.121586696799 -0.629832843727 0.024993845075 0.009671464715 -0.000725299547
0.018499714120 0.121590792424 -0.629826654894 0.025244062813 0.009768834190 -0.000739943453
0.018685639338 0.121594970859 -0.629820341022 0.025496765652 0.009867187402 -0.000754882853
0.018873433135 0.121599233781 -0.629813899585 0.025751977667 0.009966534392 -0.000770123707
0.019063114292 0.121603582899 -0.629807328004 0.026009723149 0.010066885311 -0.000785672087
0.019254701775 0.121608019957 -0.629800623651 0.026270026605 0.010168250414 -0.000801534191
0.019448214745 0.121612546736 -0.629793783843 0.026532912759 0.010270640065 -0.000817716344
0.019643672553 0.121617165050 -0.629786805841 0.026798406553 0.010374064737 -0.000834224991
0.019841094744 0.121621876755 -0.629779686854 0.027066533150 0.010478535014 -0.000851066716
0.020040501062 0.121626683738 -0.629772424033 0.027337317935 0.010584061592 -0.000868248227
0.020241911446 0.121631587930 -0.629765014471 0.027610786512 0.010690655280 -0.000885776374
0.020445346038 0.121636591298 -0.629757455203 0.027886964714 0.010798327001 -0.000903658135
0.020650825182 0.121641695849 -0.629749743204 0.028165878594 0.010907087795 -0.000921900641
0.020858369425 0.121646903633 -0.629741875387 0.028447554435 0.011016948817 -0.000940511154
0.021067999523 0.121652216740 -0.629733848604 0.028732018744 0.011127921342 -0.000959497091
0.021279736438 0.121657637301 -0.629725659643 0.029019298260 0.011240016766 -0.000978866012
0.021493601345 0.121663167493 -0.629717305225 0.029309419950 0.011353246603 -0.000998625632
0.021709615630 0.121668809535 -0.629708782008 0.029602411011 0.011467622494 -0.001018783818
0.021927800894 0.121674565692 -0.629700086580 0.029898298875 0.011583156200 -0.001039348600
0.022148178957 0.121680438276 -0.629691215461 0.030197111203 0.011699859610 -0.001060328166
0.022370771856 0.121686429644 -0.629682165101 0.030498875894 0.011817744741 -0.001081730866
0.022595601851 0.121692542202 -0.629672931878 0.030803621080 0.011936823735 -0.001103565222
0.022822691425 0.121698778405 -0.629663512095 0.031111375129 0.012057108867 -0.001125839925
0.023052063287 0.121705140756 -0.629653901983 0.031422166649 0.012178612544 -0.001148563839
0.023283740375 0.121711631811 -0.629644097696 0.031736024481 0.012301347304 -0.001171746010
0.023517745856 0.121718254177 -0.629634095309 0.032052977710 0.012425325823 -0.001195395662
0.023754103131 0.121725010515 -0.629623890818 0.032373055659 0.012550560910 -0.001219522205
0.023992835837 0.121731903538 -0.629613480140 0.032696287890 0.012677065514 -0.001244135235
0.024233967846 0.121738936016 -0.629602859107 0.033022704210 0.012804852724 -0.001269244547
0.024477523272 0.121746110775 -0.629592023468 0.033352334665 0.012933935770 -0.001294860126
0.024723526470 0.121753430696 -0.629580968886 0.033685209546 0.013064328025 -0.001320992159
0.024972002042 0.121760898723 -0.629569690935 0.034021359387 0.013196043008 -0.001347651040
0.025222974835 0.121768517856 -0.629558185102 0.034360814966 0.013329094383 -0.001374847368
0.025476469947 0.121776291158 -0.629546446780 0.034703607306 0.013463495964 -0.001402591955
0.025732512726 0.121784221753 -0.629534471272 0.035049767676 0.013599261716 -0.001430895830
0.025991128779 0.121792312830 -0.629522253782 0.035399327590 0.013736405753 -0.001459770244
0.026252343966 0.121800567641 -0.629509789421 0.035752318809 0.013874942347 -0.001489226671
0.026516184409 0.121808989506 -0.629497073199 0.036108773340 0.014014885923 -0.001519276816
0.026782676493 0.121817581812 -0.629484100024 0.036468723438 0.014156251066 -0.001549932617
0.027051846866 0.121826348014 -0.629470864705 0.036832201603 0.014299052521 -0.001581206256
0.027323722447 0.121835291638 -0.629457361941 0.037199240585 0.014443305192 -0.001613110151
0.027598330423 0.121844416282 -0.629443586328 0.037569873380 0.014589024151 -0.001645656974
0.027875698255 0.121853725616 -0.629429532350 0.037944133232 0.014736224633 -0.001678859649
0.028155853680 0.121863223387 -0.629415194381 0.038322053631 0.014884922042 -0.001712731359
0.028438824714 0.121872913417 -0.629400566681 0.038703668318 0.015035131955 -0.001747285548
0.028724639654 0.121882799604 -0.629385643393 0.039089011276 0.015186870116 -0.001782535933
0.029013327082 0.121892885928 -0.629370418542 0.039478116741 0.015340152450 -0.001818496501
0.029304915867 0.121903176450 -0.629354886033 0.039871019190 0.015494995053 -0.001855181521
0.029599435168 0.121913675312 -0.629339039647 0.040267753350 0.015651414204 -0.001892605547
0.029896914437 0.121924386742 -0.629322873038 0.040668354192 0.015809426363 -0.001930783422
0.030197383422 0.121935315054 -0.629306379735 0.041072856931 0.015969048173 -0.001969730288
0.030500872171 0.121946464647 -0.629289553131 0.041481297030 0.016130296464 -0.002009461586
0.030807411033 0.121957840015 -0.629272386491 0.041893710191 0.016293188254 -0.002049993068
0.031117030661 0.121969445739 -0.629254872940 0.042310132363 0.016457740753 -0.002091340800
0.031429762018 0.121981286496 -0.629237005465 0.042730599732 0.016623971364 -0.002133521167
0.031745636378 0.121993367057 -0.629218776912 0.043155148728 0.016791897687 -0.002176550881
0.032064685328 0.122005692291 -0.629200179980 0.043583816019 0.016961537520 -0.002220446988
0.032386940773 0.122018267167 -0.629181207222 0.044016638511 0.017132908864 -0.002265226876
0.032712434939 0.122031096753 -0.629161851041 0.044453653346 0.017306029923 -0.002310908273
0.033041200376 0.122044186224 -0.629142103685 0.044894897901 0.017480919108 -0.002357509269
0.033373269960 0.122057540858 -0.629121957244 0.045340409785 0.017657595041 -0.002405048305
0.033708676900 0.122071166042 -0.629101403652 0.045790226840 0.017836076556 -0.002453544197
0.034047454735 0.122085067272 -0.629080434676 0.046244387135 0.018016382701 -0.002503016132
0.034389637343 0.122099250156 -0.629059041917 0.046702928967 0.018198532745 -0.002553483677
0.034735258945 0.122113720420 -0.629037216808 0.047165890858 0.018382546176 -0.002604966793
0.035084354101 0.122128483903 -0.629014950606 0.047633311550 0.018568442709 -0.002657485833
0.035436957722 0.122143546564 -0.628992234394 0.048105230007 0.018756242286 -0.002711061559
0.035793105068 0.122158914486 -0.628969059071 0.048581685407 0.018945965077 -0.002765715143
0.036152831754 0.122174593876 -0.628945415356 0.049062717143 0.019137631490 -0.002821468178
0.036516173754 0.122190591065 -0.628921293777 0.049548364818 0.019331262167 -0.002878342686
0.036883167401 0.122206912517 -0.628896684671 0.050038668243 0.019526877993 -0.002936361126
0.037253849396 0.122223564826 -0.628871578180 0.050533667430 0.019724500096 -0.002995546404
0.037628256807 0.122240554724 -0.628845964246 0.051033402593 0.019924149851 -0.003055921879
0.038006427075 0.122257889077 -0.628819832607 0.051537914140 0.020125848884 -0.003117511373
0.038388398018 0.122275574894 -0.628793172795 0.052047242673 0.020329619076 -0.003180339183
0.038774207832 0.122293619327 -0.628765974129 0.052561428979 0.020535482567 -0.003244430083
0.039163895099 0.122312029675 -0.628738225711 0.053080514028 0.020743461756 -0.003309809342
0.039557498788 0.122330813387 -0.628709916423 0.053604538968 0.020953579311 -0.003376502727
0.039955058261 0.122349978062 -0.628681034922 0.054133545119 0.021165858168 -0.003444536516
0.040356613272 0.122369531459 -0.628651569637 0.054667573970 0.021380321536 -0.003513937506
0.040762203978 0.122389481493 -0.628621508759 0.055206667169 0.021596992902 -0.003584733024
0.041171870939 0.122409836243 -0.628590840243 0.055750866523 0.021815896035 -0.003656950938
0.041585655121 0.122430603953 -0.628559551799 0.056300213987 0.022037054990 -0.003730619667
0.042003597903 0.122451793037 -0.628527630889 0.056854751659 0.022260494109 -0.003805768190
0.042425741081 0.122473412081 -0.628495064719 0.057414521775 0.022486238033 -0.003882426058
0.042852126867 0.122495469849 -0.628461840239 0.057979566699 0.022714311697 -0.003960623406
0.043282797902 0.122517975284 -0.628427944131 0.058549928918 0.022944740342 -0.004040390963
0.043717797253 0.122540937512 -0.628393362810 0.059125651036 0.023177549515 -0.004121760064
0.044157168420 0.122564365849 -0.628358082416 0.059706775760 0.023412765078 -0.004204762660
0.044600955340 0.122588269800 -0.628322088807 0.060293345898 0.023650413207 -0.004289431334
0.045049202394 0.122612659068 -0.628285367554 0.060885404348 0.023890520402 -0.004375799306
0.045501954405 0.122637543555 -0.628247903938 0.061482994088 0.024133113488 -0.004463900454
0.045959256649 0.122662933366 -0.628209682939 0.062086158168 0.024378219624 -0.004553769318
0.046421154857 0.122688838816 -0.628170689236 0.062694939701 0.024625866305 -0.004645441120
0.046887695220 0.122715270430 -0.628130907194 0.063309381850 0.024876081367 -0.004738951772
0.047358924391 0.122742238953 -0.628090320865 0.063929527822 0.025128892996 -0.004834337891
0.047834889494 0.122769755350 -0.628048913974 0.064555420850 0.025384329730 -0.004931636811
0.048315638126 0.122797830812 -0.628006669918 0.065187104192 0.025642420465 -0.005030886601
0.048801218362 0.122826476762 -0.627963571760 0.065824621108 0.025903194462 -0.005132126072
0.049291678760 0.122855704858 -0.627919602215 0.066468014856 0.026166681352 -0.005235394798
0.049787068368 0.122885526999 -0.627874743651 0.067117328677 0.026432911140 -0.005340733125
0.050287436724 0.122915955331 -0.627828978079 0.067772605779 0.026701914217 -0.005448182189
0.050792833865 0.122947002250 -0.627782287142 0.068433889327 0.026973721357 -0.005557783929
0.051303310332 0.122978680409 -0.627734652114 0.069101222429 0.027248363732 -0.005669581104
0.051818917173 0.123011002722 -0.627686053889 0.069774648116 0.027525872914 -0.005783617306
0.052339705948 0.123043982371 -0.627636472973 0.070454209335 0.027806280881 -0.005899936977
0.052865728738 0.123077632812 -0.627585889476 0.071139948927 0.028089620025 -0.006018585425
0.053397038145 0.123111967777 -0.627534283106 0.071831909612 0.028375923158 -0.006139608842
0.053933687300 0.123147001286 -0.627481633160 0.072530133974 0.028665223522 -0.006263054315
0.054475729869 0.123182747647 -0.627427918514 0.073234664443 0.028957554792 -0.006388969848
0.055023220056 0.123219221468 -0.627373117616 0.073945543275 0.029252951082 -0.006517404379
0.055576212611 0.123256437657 -0.627317208477 0.074662812536 0.029551446960 -0.006648407792
0.056134762834 0.123294411433 -0.627260168662 0.075386514079 0.029853077446 -0.006782030941
0.056698926580 0.123333158331 -0.627201975281 0.076116689531 0.030157878027 -0.006918325665
0.057268760265 0.123372694211 -0.627142604979 0.076853380263 0.030465884661 -0.007057344804
0.057844320875 0.123413035259 -0.627082033930 0.077596627377 0.030777133785 -0.007199142223
0.058425665965 0.123454198002 -0.627020237820 0.078346471678 0.031091662326 -0.007343772826
0.059012853669 0.123496199308 -0.626957191845 0.079102953657 0.031409507705 -0.007491292576
0.059605942709 0.123539056398 -0.626892870698 0.079866113460 0.031730707848 -0.007641758517
0.060204992392 0.123582786851 -0.626827248557 0.080635990871 0.032055301196 -0.007795228791
0.060810062625 0.123627408614 -0.626760299076 0.081412625284 0.032383326712 -0.007951762659
0.061421213915 0.123672940008 -0.626691995375 0.082196055675 0.032714823887 -0.008111420521
0.062038507377 0.123719399735 -0.626622310028 0.082986320581 0.033049832755 -0.008274263937
0.062662004742 0.123766806889 -0.626551215053 0.083783458065 0.033388393900 -0.008440355650
0.063291768360 0.123815180964 -0.626478681899 0.084587505695 0.033730548462 -0.008609759603
0.063927861207 0.123864541861 -0.626404681437 0.085398500509 0.034076338154 -0.008782540964
0.064570346893 0.123914909895 -0.626329183945 0.086216478990 0.034425805265 -0.008958766147
0.065219289668 0.123966305811 -0.626252159097 0.087041477028 0.034778992673 -0.009138502835
0.065874754426 0.124018750786 -0.626173575954 0.087873529898 0.035135943856 -0.009321820001
0.066536806715 0.124072266440 -0.626093402947 0.088712672215 0.035496702901 -0.009508787933
0.067205512740 0.124126874848 -0.626011607864 0.089558937912 0.035861314517 -0.009699478256
0.067880939372 0.124182598549 -0.625928157843 0.090412360195 0.036229824042 -0.009893963957
0.068563154154 0.124239460555 -0.625843019351 0.091272971514 0.036602277460 -0.010092319407
0.069252225309 0.124297484359 -0.625756158174 0.092140803522 0.036978721407 -0.010294620389
0.069948221745 0.124356693953 -0.625667539406 0.093015887039 0.037359203184 -0.010500944118
0.070651213060 0.124417113830 -0.625577127429 0.093898252011 0.037743770772 -0.010711369270
0.071361269556 0.124478768999 -0.625484885902 0.094787927472 0.038132472840 -0.010925976006
0.072078462239 0.124541684999 -0.625390777744 0.095684941499 0.038525358760 -0.011144845998
0.072802862827 0.124605887905 -0.625294765125 0.096589321174 0.038922478618 -0.011368062453
0.073534543763 0.124671404342 -0.625196809440 0.097501092534 0.039323883229 -0.011595710146
0.074273578214 0.124738261500 -0.625096871304 0.098420280533 0.039729624147 -0.011827875438
0.075020040085 0.124806487140 -0.624994910530 0.099346908991 0.040139753681 -0.012064646311
0.075774004023 0.124876109612 -0.624890886114 0.100281000546 0.040554324908 -0.012306112391
0.076535545424 0.124947157865 -0.624784756217 0.101222576608 0.040973391687 -0.012552364977
0.077304740443 0.125019661464 -0.624676478151 0.102171657308 0.041397008671 -0.012803497072
0.078081666001 0.125093650596 -0.624566008359 0.103128261445 0.041825231325 -0.013059603406
0.078866399791 0.125169156092 -0.624453302399 0.104092406433 0.042258115938 -0.013320780472
0.079659020286 0.125246209435 -0.624338314925 0.105064108250 0.042695719640 -0.013587126550
0.080459606750 0.125324842777 -0.624220999668 0.106043381379 0.043138100415 -0.013858741739
0.081268239241 0.125405088954 -0.624101309418 0.107030238752 0.043585317119 -0.014135727987
0.082084998624 0.125486981502 -0.623979196005 0.108024691692 0.044037429493 -0.014418189121
0.082909966575 0.125570554667 -0.623854610278 0.109026749850 0.044494498183 -0.014706230878
0.083743225592 0.125655843428 -0.623727502086 0.110036421150 0.044956584753 -0.014999960936
0.084584859002 0.125742883509 -0.623597820260 0.111053711718 0.045423751704 -0.015299488947
0.085434950967 0.125831711395 -0.623465512585 0.112078625825 0.045896062488 -0.015604926566
0.086293586499 0.125922364351 -0.623330525788 0.113111165814 0.046373581530 -0.015916387486
0.087160851462 0.126014880438 -0.623192805509 0.114151332037 0.046856374242 -0.016233987467
0.088036832582 0.126109298533 -0.623052296281 0.115199122785 0.047344507042 -0.016557844373
0.088921617459 0.126205658342 -0.622908941509 0.116254534215 0.047838047372 -0.016888078202
0.089815294572 0.126304000424 -0.622762683447 0.117317560281 0.048337063719 -0.017224811121
0.090717953289 0.126404366206 -0.622613463169 0.118388192655 0.048841625630 -0.017568167499
0.091629683878 0.126506798006 -0.622461220554 0.119466420658 0.049351803733 -0.017918273941
0.092550577510 0.126611339048 -0.622305894254 0.120552231174 0.049867669759 -0.018275259323
0.093480726278 0.126718033488 -0.622147421670 0.121645608579 0.050389296558 -0.018639254824
0.094420223196 0.126826926428 -0.621985738932 0.122746534656 0.050916758121 -0.019010393965
0.095369162216 0.126938063945 -0.621820780867 0.123854988514 0.051450129601 -0.019388812640
0.096327638230 0.127051493107 -0.621652480972 0.124970946501 0.051989487333 -0.019774649155
0.097295747090 0.127167261995 -0.621480771394 0.126094382122 0.052534908854 -0.020168044261
0.098273585604 0.127285419731 -0.621305582893 0.127225265951 0.053086472928 -0.020569141189
0.099261251560 0.127406016495 -0.621126844821 0.128363565539 0.053644259565 -0.020978085688
0.100258843723 0.127529103555 -0.620944485090 0.129509245324 0.054208350043 -0.021395026062
0.101266461854 0.127654733284 -0.620758430142 0.130662266540 0.054778826932 -0.021820113202
0.102284206716 0.127782959193 -0.620568604921 0.131822587123 0.055355774116 -0.022253500627
0.103312180083 0.127913835950 -0.620374932840 0.132990161612 0.055939276814 -0.022695344517
0.104350484755 0.128047419409 -0.620177335753 0.134164941054 0.056529421608 -0.023145803753
0.105399224562 0.128183766638 -0.619975733921 0.135346872904 0.057126296462 -0.023605039951
0.106458504379 0.128322935942 -0.619770045977 0.136535900924 0.057729990748 -0.024073217499
0.107528430136 0.128464986895 -0.619560188898 0.137731965080 0.058340595271 -0.024550503596
0.108609108825 0.128609980368 -0.619346077969 0.138935001441 0.058958202289 -0.025037068287
0.109700648516 0.128757978556 -0.619127626746 0.140144942069 0.059582905545 -0.025533084499
0.110803158362 0.128909045010 -0.618904747024 0.141361714916 0.060214800285 -0.026038728082
0.111916748617 0.129063244667 -0.618677348799 0.142585243712 0.060853983287 -0.026554177839
0.113041530640 0.129220643881 -0.618445340235 0.143815447860 0.061500552885 -0.027079615571
0.114177616911 0.129381310455 -0.618208627620 0.145052242319 0.062154608997 -0.027615226104
0.115325121038 0.129545313676 -0.617967115333 0.146295537498 0.062816253145 -0.028161197335
0.116484157773 0.129712724343 -0.617720705806 0.147545239136 0.063485588487 -0.028717720260
0.117654843022 0.129883614810 -0.617469299478 0.148801248193 0.064162719841 -0.029284989015
0.118837293852 0.130058059011 -0.617212794761 0.150063460731 0.064847753711 -0.029863200911
0.120031628511 0.130236132503 -0.616951087995 0.151331767798 0.065540798313 -0.030452556467
0.121237966433 0.130417912502 -0.616684073409 0.152606055311 0.066241963602 -0.031053259446
0.122456428253 0.130603477916 -0.616411643073 0.153886203937 0.066951361297 -0.031665516891
0.123687135817 0.130792909388 -0.616133686859 0.155172088975 0.067669104913 -0.032289539159
0.124930212199 0.130986289334 -0.615850092396 0.156463580236 0.068395309780 -0.032925539951
0.126185781705 0.131183701982 -0.615560745020 0.157760541923 0.069130093075 -0.033573736349
0.127453969895 0.131385233412 -0.615265527732 0.159062832512 0.069873573847 -0.034234348849
0.128734903588 0.131590971603 -0.614964321150 0.160370304630 0.070625873042 -0.034907601388
0.130028710878 0.131801006470 -0.614657003459 0.161682804938 0.071387113532 -0.035593721380
0.131335521148 0.132015429908 -0.614343450361 0.163000174007 0.072157420140 -0.036292939745
0.132655465080 0.132234335844 -0.614023535030 0.164322246203 0.072936919666 -0.037005490936
0.133988674669 0.132457820272 -0.613697128055 0.165648849565 0.073725740911 -0.037731612970
0.135335283237 0.132685981308 -0.613364097390 0.166979805689 0.074524014708 -0.038471547456
0.136695425446 0.132918919234 -0.613024308302 0.168314929611 0.075331873940 -0.039225539621
0.138069237311 0.133156736548 -0.612677623315 0.169654029688 0.076149453570 -0.039993838331
0.139456856215 0.133399538010 -0.612323902157 0.170996907492 0.076976890663 -0.040776696125
0.140858420921 0.133647430700 -0.611963001702 0.172343357689 0.077814324412 -0.041574369228
0.142274071587 0.133900524063 -0.611594775911 0.173693167935 0.078661896159 -0.042387117577
0.143703949778 0.134158929965 -0.611219075778 0.175046118765 0.079519749417 -0.043215204841
0.145148198484 0.134422762747 -0.610835749268 0.176401983490 0.080388029896 -0.044058898441
0.146606962130 0.134692139278 -0.610444641256 0.177760528096 0.081266885521 -0.044918469563
0.148080386595 0.134967179014 -0.610045593467 0.179121511144 0.082156466453 -0.045794193176
0.149568619223 0.135248004053 -0.609638444410 0.180484683675 0.083056925108 -0.046686348044
0.151071808836 0.135534739197 -0.609223029319 0.181849789124 0.083968416177 -0.047595216739
0.152590105757 0.135827512005 -0.608799180082 0.183216563226 0.084891096642 -0.048521085648
0.154123661815 0.136126452862 -0.608366725180 0.184584733947 0.085825125793 -0.049464244982
0.155672630368 0.136431695032 -0.607925489617 0.185954021399 0.086770665241 -0.050424988781
0.157237166314 0.136743374729 -0.607475294850 0.187324137775 0.087727878935 -0.051403614914
0.158817426107 0.137061631178 -0.607015958722 0.188694787288 0.088696933171 -0.052400425082
0.160413567775 0.137386606679 -0.606547295388 0.190065666114 0.089677996601 -0.053415724813
0.162025750934 0.137718446674 -0.606069115246 0.191436462343 0.090671240247 -0.054449823457
0.163654136803 0.138057299817 -0.605581224860 0.192806855944 0.091676837504 -0.055503034180
0.165298888222 0.138403318041 -0.605083426887 0.194176518730 0.092694964142 -0.056575673948
0.166960169667 0.138756656630 -0.604575520000 0.195545114339 0.093725798316 -0.057668063515
0.168638147269 0.139117474286 -0.604057298811 0.196912298223 0.094769520559 -0.058780527405
0.170332988825 0.139485933206 -0.603528553795 0.198277717647 0.095826313785 -0.059913393888
0.172044863823 0.139862199153 -0.602989071203 0.199641011702 0.096896363280 -0.061066994959
0.173773943450 0.140246441532 -0.602438632988 0.201001811330 0.097979856701 -0.062241666303
0.175520400617 0.140638833464 -0.601877016721 0.202359739358 0.099076984056 -0.063437747267
0.177284409970 0.141039551866 -0.601303995503 0.203714410551 0.100187937700 -0.064655580820
0.179066147911 0.141448777523 -0.600719337885 0.205065431681 0.101312912314 -0.065895513509
0.180865792617 0.141866695175 -0.600122807779 0.206412401601 0.102452104883 -0.067157895418
0.182683524053 0.142293493590 -0.599514164371 0.207754911354 0.103605714676 -0.068443080112
0.184519523993 0.142729365650 -0.598893162032 0.209092544280 0.104773943217 -0.069751424584
0.186373976039 0.143174508427 -0.598259550229 0.210424876157 0.105956994251 -0.071083289190
0.188247065639 0.143629123273 -0.597613073430 0.211751475352 0.107155073711 -0.072439037586
0.190138980102 0.144093415898 -0.596953471018 0.213071902999 0.108368389676 -0.073819036655
0.192049908621 0.144567596458 -0.596280477189 0.214385713194 0.109597152326 -0.075223656426
0.193980042291 0.145051879637 -0.595593820865 0.215692453219 0.110841573890 -0.076653269994
0.195929574127 0.145546484734 -0.594893225589 0.216991663779 0.112101868593 -0.078108253426
0.197898699084 0.146051635753 -0.594178409438 0.218282879282 0.113378252593 -0.079588985668
0.199887614075 0.146567561482 -0.593449084914 0.219565628127 0.114670943914 -0.081095848438
0.201896517995 0.147094495590 -0.592704958853 0.220839433032 0.115980162375 -0.082629226118
0.203925611734 0.147632676708 -0.591945732317 0.222103811389 0.117306129509 -0.084189505633
0.205975098205 0.148182348517 -0.591171100498 0.223358275643 0.118649068475 -0.085777076330
0.208045182357 0.148743759841 -0.590380752612 0.224602333717 0.120009203971 -0.087392329844
0.210136071201 0.149317164731 -0.589574371798 0.225835489450 0.121386762127 -0.089035659954
0.212247973827 0.149902822554 -0.588751635009 0.227057243092 0.122781970402 -0.090707462439
0.214381101427 0.150500998082 -0.587912212910 0.228267091818 0.124195057467 -0.092408134917
0.216535667316 0.151111961579 -0.587055769773 0.229464530288 0.125626253082 -0.094138076680
0.218711886952 0.151735988886 -0.586181963365 0.230649051244 0.127075787961 -0.095897688519
0.220909977959 0.152373361510 -0.585290444845 0.231820146149 0.128543893635 -0.097687372537
0.223130160148 0.153024366709 -0.584380858653 0.232977305868 0.130030802299 -0.099507531960
0.225372655539 0.153689297573 -0.583452842405 0.234120021388 0.131536746652 -0.101358570927
0.227637688384 0.154368453113 -0.582506026779 0.235247784593 0.133061959730 -0.103240894280
0.229925485187 0.155062138336 -0.581540035409 0.236360089075 0.134606674724 -0.105154907337
0.232236274730 0.155770664330 -0.580554484774 0.237456431003 0.136171124787 -0.107101015659
0.234570288094 0.156494348340 -0.579548984091 0.238536310036 0.137755542839 -0.109079624801
0.236927758682 0.157233513844 -0.578523135200 0.239599230290 0.139360161348 -0.111091140057
0.239308922244 0.157988490625 -0.577476532460 0.240644701355 0.140985212109 -0.113135966186
0.241714016897 0.158759614843 -0.576408762637 0.241672239371 0.142630926005 -0.115214507139
0.244143283153 0.159547229103 -0.575319404797 0.242681368159 0.144297532762 -0.117327165756
0.246596963942 0.160351682517 -0.574208030195 0.243671620405 0.145985260684 -0.119474343468
0.249075304632 0.161173330765 -0.573074202171 0.244642538908 0.147694336378 -0.121656439976
0.251578553060 0.162012536154 -0.571917476042 0.245593677885 0.149424984469 -0.123873852917
0.254106959553 0.162869667664 -0.570737398996 0.246524604339 0.151177427297 -0.126126977522
0.256660776954 0.163745101000 -0.569533509990 0.247434899488 0.152951884601 -0.128416206259
0.259240260646 0.164639218632 -0.568305339647 0.248324160260 0.154748573188 -0.130741928455
0.261845668580 0.165552409830 -0.567052410155 0.249192000849 0.156567706588 -0.133104529919
0.264477261300 0.166485070694 -0.565774235167 0.250038054336 0.158409494699 -0.135504392530
0.267135301966 0.167437604177 -0.564470319709 0.250861974382 0.160274143405 -0.137941893834
0.269820056385 0.168410420102 -0.563140160081 0.251663436982 0.162161854194 -0.140417406603
0.272531793034 0.169403935166 -0.561783243772 0.252442142285 0.164072823745 -0.142931298399
0.275270783090 0.170418572946 -0.560399049366 0.253197816486 0.166007243510 -0.145483931108
0.278037300453 0.171454763883 -0.558987046462 0.253930213782 0.167965299278 -0.148075660469
0.280831621778 0.172512945270 -0.557546695593 0.254639118395 0.169947170722 -0.150706835578
0.283654026500 0.173593561217 -0.556077448147 0.255324346662 0.171953030924 -0.153377798384
0.286504796860 0.174697062615 -0.554578746299 0.255985749189 0.173983045898 -0.156088883169
0.289384217939 0.175823907087 -0.553050022938 0.256623213075 0.176037374085 -0.158840416002
0.292292577681 0.176974558918 -0.551490701614 0.257236664191 0.178116165833 -0.161632714191
0.295230166924 0.178149488986 -0.549900196474 0.257826069529 0.180219562870 -0.164466085708
0.298197279430 0.179349174670 -0.548277912214 0.258391439605 0.182347697752 -0.167340828603
0.301194211912 0.180574099745 -0.546623244040 0.258932830922 0.184500693298 -0.170257230400
0.304221264067 0.181824754261 -0.544935577626 0.259450348487 0.186678662014 -0.173215567478
0.307278738601 0.183101634413 -0.543214289090 0.259944148377 0.188881705499 -0.176216104431
0.310366941265 0.184405242383 -0.541458744969 0.260414440360 0.191109913834 -0.179259093419
0.313486180883 0.185736086175 -0.539668302214 0.260861490547 0.193363364968 -0.182344773500
0.316636769379 0.187094679420 -0.537842308180 0.261285624095 0.195642124075 -0.185473369940
0.319819021816 0.188481541172 -0.535980100639 0.261687227932 0.197946242915 -0.188645093519
0.323033256422 0.189897195680 -0.534081007796 0.262066753521 0.200275759172 -0.191860139806
0.326279794623 0.191342172132 -0.532144348320 0.262424719634 0.202630695790 -0.195118688437
0.329558961075 0.192817004385 -0.530169431382 0.262761715147 0.205011060293 -0.198420902358
0.332871083698 0.194322230669 -0.528155556712 0.263078401831 0.207416844101 -0.201766927071
0.336216493707 0.195858393263 -0.526102014662 0.263375517156 0.209848021839 -0.205156889851
0.339595525645 0.197426038153 -0.524008086292 0.263653877062 0.212304550639 -0.208590898959
0.343008517419 0.199025714650 -0.521873043464 0.263914378725 0.214786369441 -0.212069042835
0.346455810330 0.200657974997 -0.519696148952 0.264158003276 0.217293398289 -0.215591389282
0.349937749111 0.202323373936 -0.517476656573 0.264385818481 0.219825537631 -0.219157984632
0.353454681959 0.204022468248 -0.515213811329 0.264598981360 0.222382667616 -0.222768852910
0.357006960569 0.205755816264 -0.512906849575 0.264798740732 0.224964647402 -0.226423994973
0.360594940173 0.207523977341 -0.510554999199 0.264986439674 0.227571314464 -0.230123387649
0.364218979572 0.209327511310 -0.508157479825 0.265163517876 0.230202483915 -0.233866982862
0.367879441171 0.211166977889 -0.505713503042 0.265331513873 0.232857947841 -0.237654706748
0.371576691022 0.213042936053 -0.503222272641 0.265492067143 0.235537474646 -0.241486458766
0.375311098851 0.214955943386 -0.500682984894 0.265646920044 0.238240808417 -0.245362110792
0.379083038103 0.216906555377 -0.498094828843 0.265797919576 0.240967668316 -0.249281506226
0.382892885975 0.218895324694 -0.495456986618 0.265947018946 0.243717747985 -0.253244459069
0.386741023455 0.220922800414 -0.492768633782 0.266096278907 0.246490714993 -0.257250753020
0.390627835359 0.222989527213 -0.490028939707 0.266247868860 0.249286210307 -0.261300140553
0.394553710372 0.225096044518 -0.487237067970 0.266404067681 0.252103847800 -0.265392342004
0.398519041085 0.227242885623 -0.484392176786 0.266567264264 0.254943213803 -0.269527044649
0.402524224034 0.229430576761 -0.481493419468 0.266739957732 0.257803866701 -0.273703901792
0.406569659741 0.231659636135 -0.478539944920 0.266924757311 0.260685336580 -0.277922531852
0.410655752752 0.233930572913 -0.475530898162 0.267124381828 0.263587124921 -0.282182517451
0.414782911682 0.236243886176 -0.472465420892 0.267341658792 0.266508704367 -0.286483404517
0.418951549248 0.238600063834 -0.469342652078 0.267579523059 0.269449518540 -0.290824701386
0.423162082318 0.240999581492 -0.466161728593 0.267841015018 0.272408981939 -0.295205877923
0.427414931949 0.243442901284 -0.462921785881 0.268129278285 0.275386479907 -0.299626364643
0.431710523429 0.245930470663 -0.459621958665 0.268447556867 0.278381368676 -0.304085551859
0.436049286322 0.248462721155 -0.456261381698 0.268799191771 0.281392975506 -0.308582788833
0.440431654506 0.251040067077 -0.452839190548 0.269187617009 0.284420598905 -0.313117382956
0.444858066223 0.253662904213 -0.449354522427 0.269616354990 0.287463508956 -0.317688598937
0.449328964117 0.256331608462 -0.445806517069 0.270089011243 0.290520947733 -0.322295658023
0.453844795282 0.259046534450 -0.442194317643 0.270609268458 0.293592129838 -0.326937737235
0.458406011305 0.261808014107 -0.438517071717 0.271180879803 0.296676243039 -0.331613968641
0.463013068311 0.264616355229 -0.434773932263 0.271807661489 0.299772449034 -0.336323438642
0.467666427010 0.267471839992 -0.430964058715 0.272493484551 0.302879884329 -0.341065187305
0.472366552741 0.270374723468 -0.427086618069 0.273242265827 0.305997661253 -0.345838207721
0.477113915521 0.273325232098 -0.423140786033 0.274057958097 0.309124869092 -0.350641445397
0.481908990090 0.276323562165 -0.419125748225 0.274944539363 0.312260575372 -0.355473797692
0.486752255960 0.279369878250 -0.415040701420 0.275906001246 0.315403827267 -0.360334113291
0.491644197461 0.282464311672 -0.410884854851 0.276946336492 0.318553653155 -0.365221191720
0.496585303791 0.285606958939 -0.406657431552 0.278069525557 0.321709064320 -0.370133782910
0.501576069066 0.288797880187 -0.402357669761 0.279279522266 0.324869056794 -0.375070586807
0.506616992366 0.292037097635 -0.397984824363 0.280580238544 0.328032613343 -0.380030253035
0.511708577787 0.295324594047 -0.393538168395 0.281975528213 0.331198705610 -0.385011380609
0.516851334492 0.298660311219 -0.389016994588 0.283469169853 0.334366296387 -0.390012517705
0.522045776761 0.302044148483 -0.384420616976 0.285064848752 0.337534342041 -0.395032161490
0.527292424043 0.305475961254 -0.379748372535 0.286766137943 0.340701795074 -0.400068758011
0.532591801007 0.308955559606 -0.374999622890 0.288576478367 0.343867606817 -0.405120702145
0.537944437595 0.312482706903 -0.370173756056 0.290499158188 0.347030730255 -0.410186337621
0.543350869074 0.316057118480 -0.365270188237 0.292537291292 0.350190122968 -0.415263957103
0.548811636094 0.319678460394 -0.360288365665 0.294693795040 0.353344750186 -0.420351802347
0.554327284735 0.323346348239 -0.355227766484 0.296971367315 0.356493587940 -0.425448064432
0.559898366565 0.327060346047 -0.350087902688 0.299372462942 0.359635626310 -0.430550884067
0.565525438700 0.330819965276 -0.344868322086 0.301899269562 0.362769872727 -0.435658351967
0.571209063849 0.334624663901 -0.339568610319 0.304553683055 0.365895355348 -0.440768509325
0.576949810380 0.338473845606 -0.334188392914 0.307337282614 0.369011126455 -0.445879348351
0.582748252374 0.342366859097 -0.328727337370 0.310251305592 0.372116265869 -0.450988812905
0.588604969678 0.346302997543 -0.323185155283 0.313296622253 0.375209884362 -0.456094799213
0.594520547970 0.350281498147 -0.317561604499 0.316473710579 0.378291127016 -0.461195156680
0.600495578812 0.354301541864 -0.311856491301 0.319782631283 0.381359176536 -0.466287688780
0.606530659713 0.358362253270 -0.306069672615 0.323223003220 0.384413256449 -0.471370154059
0.612626394184 0.362462700593 -0.300201058249 0.326793979371 0.387452634181 -0.476440267220
0.618783391806 0.366601895908 -0.294250613142 0.330494223617 0.390476623960 -0.481495700315
0.625002268283 0.370778795505 -0.288218359634 0.334321888523 0.393484589517 -0.486534084038
0.631283645507 0.374992300448 -0.282104379754 0.338274594357 0.396475946534 -0.491553009121
0.637628151622 0.379241257300 -0.275908817509 0.342349409613 0.399450164799 -0.496550027840
0.644036421083 0.383524459056 -0.269631881189 0.346542833282 0.402406770018 -0.501522655627
0.650509094723 0.387840646254 -0.263273845661 0.350850779163 0.405345345246 -0.506468372802
0.657046819815 0.392188508281 -0.256835054679 0.355268562494 0.408265531870 -0.511384626415
0.663650250136 0.396566684879 -0.250315923173 0.359790889203 0.411167030104 -0.516268832213
0.670320046036 0.400973767823 -0.243716939543 0.364411848093 0.414049598938 -0.521118376728
0.677056874498 0.405408302804 -0.237038667927 0.369124906267 0.416913055491 -0.525930619491
0.683861409212 0.409868791472 -0.230281750466 0.373922908121 0.419757273701 -0.530702895383
0.690734330637 0.414353693664 -0.223446909540 0.378798078217 0.422582182311 -0.535432517112
0.697676326071 0.418861429773 -0.216534949989 0.383742028370 0.425387762089 -0.540116777840
0.704688089719 0.423390383280 -0.209546761299 0.388745769254 0.428174042228 -0.544752953944
0.711770322763 0.427938903394 -0.202483319769 0.393799726842 0.430941095876 -0.549338307934
0.718923733432 0.432505307810 -0.195345690639 0.398893763972 0.433689034748 -0.553870091523
0.726149037074 0.437087885546 -0.188135030188 0.404017207325 0.436418002768 -0.558345548850
0.733446956224 0.441684899838 -0.180852587798 0.409158880071 0.439128168712 -0.562761919875
0.740818220682 0.446294591058 -0.173499707972 0.414307140410 0.441819717804 -0.567116443940
0.748263567579 0.450915179628 -0.166077832327 0.419449926215 0.444492842232 -0.571406363503
0.755783741456 0.455544868888 -0.158588501537 0.424574805925 0.447147730585 -0.575628928053
0.763379494337 0.460181847883 -0.151033357238 0.429669035820 0.449784556163 -0.579781398210
0.771051585804 0.464824294017 -0.143414143901 0.434719623724 0.452403464191 -0.583861050014
0.778800783071 0.469470375532 -0.135732710660 0.439713399143 0.455004557915 -0.587865179404
0.786627861067 0.474118253766 -0.127991013105 0.444637089786 0.457587883617 -0.591791106899
0.794533602503 0.478766085123 -0.120191115041 0.449477404322 0.460153414580 -0.595636182474
0.802518797962 0.483412022720 -0.112335190215 0.454221121152 0.462701034046 -0.599397790641
0.810584245970 0.488054217630 -0.104425524012 0.458855182909 0.465230517233 -0.603073355726
0.818730753078 0.492690819677 -0.096464515128 0.463366796268 0.467741512496 -0.606660347353
0.826959133943 0.497319977721 -0.088454677219 0.467743536575 0.470233521736 -0.610156286119
0.835270211411 0.501939839362 -0.080398640536 0.471973456679 0.472705880157 -0.613558749471
0.843664816596 0.506548550012 -0.072299153540 0.476045199258 0.475157735545 -0.616865377755
0.852143788966 0.511144251274 -0.064159084522 0.479948111779 0.477588027201 -0.620073880454
0.860707976425 0.515725078560 -0.055981423207 0.483672363152 0.479995464723 -0.623182042574
0.869358235399 0.520289157912 -0.047769282374 0.487209060987 0.482378506848 -0.626187731188
0.878095430921 0.524834601954 -0.039525899471 0.490550368238 0.484735340571 -0.629088902091
0.886920436717 0.529359504952 -0.031254638253 0.493689617925 0.487063860800 -0.631883606559
0.895834135297 0.533861936928 -0.022958990429 0.496621424461 0.489361650805 -0.634569998173
0.904837418036 0.538339936812 -0.014642577334 0.499341790046 0.491625963768 -0.637146339676
0.913931185271 0.542791504602 -0.006309151624 0.501848204439 0.493853705723 -0.639611009815
0.923116346387 0.547214592537 0.002037401015 0.504139736362 0.496041420223 -0.641962510130
0.932393819906 0.551607095281 0.010393060121 0.506217114681 0.498185275069 -0.644199471629
0.941764533584 0.555966839148 0.018753668699 0.508082797463 0.500281051442 -0.646320661281
0.951229424501 0.560291570396 0.027114931442 0.509741026959 0.502324135799 -0.648324988285
0.960789439152 0.564578942667 0.035472412945 0.511197868538 0.504309514885 -0.650211510002
0.970445533549 0.568826503626 0.043821535916 0.512461231626 0.506231774208 -0.651979437505
0.980198673307 0.573031680923 0.052157579400 0.513540870716 0.508085100326 -0.653628140628
0.990049833749 0.577191767586 0.060475677025 0.514448364614 0.509863287266 -0.655157152438
1.000000000000 0.581303906997 0.068770815305 0.515197072201 0.511559747379 -0.656566173017
1.010050167084 0.585365077627 0.077037832001 0.515802063133 0.513167526909 -0.657855072451
1.020201340027 0.589372077721 0.085271414592 0.516280022123 0.514679326488 -0.659023892901
1.030454533954 0.593321510166 0.093466098862 0.516649125692 0.516087526774 -0.660072849662
1.040810774192 0.597209767786 0.101616267668 0.516928890589 0.517384219320 -0.661002331061
1.051271096376 0.601033019342 0.109716149903 0.517139993418 0.518561242774 -0.661812897101
1.061836546545 0.604787196542 0.117759819721 0.517304061449 0.519610224362 -0.662505276702
1.072508181254 0.608467982363 0.125741196062 0.517443435021 0.520522626580 -0.663080363454
1.083287067675 0.612070801053 0.133654042540 0.517580902484 0.521289798883 -0.663539209741
1.094174283705 0.615590810146 0.141491967747 0.517739409169 0.521903034095 -0.663883019148
1.105170918076 0.619022894870 0.149248426048 0.517941742498 0.522353629122 -0.664113137063
1.116278070459 0.622361665318 0.156916718916 0.518210195981 0.522632949460 -0.664231039380
1.127496851579 0.625601456758 0.164489996898 0.518566215509 0.522732496860 -0.664238319262
1.138828383325 0.628736333452 0.171961262270 0.519030032081 0.522643979389 -0.664136671920
1.150273798857 0.631760096340 0.179323372459 0.519620285764 0.522359383021 -0.663927877400
1.161834242728 0.634666294915 0.186569044317 0.520353646409 0.521871043740 -0.663613781392
1.173510870992 0.637448243602 0.193690859296 0.521244437305 0.521171719060 -0.663196274136
1.185304851320 0.640099042893 0.200681269625 0.522304268602 0.520254657745 -0.662677267498
1.197217363122 0.642611605444 0.207532605537 0.523541687895 0.519113666407 -0.662058670368
1.209249597657 0.644978687291 0.214237083619 0.524961855854 0.517743171620 -0.661342362560
1.221402758160 0.647192924234 0.220786816339 0.526566255179 0.516138276093 -0.660530167454
1.233678059957 0.649246873402 0.227173822803 0.528352441403 0.514294807446 -0.659623823653
1.246076730587 0.651133059859 0.233390040775 0.530313844174 0.512209358111 -0.658624956018
1.258600009929 0.652844028054 0.239427339997 0.532439627572 0.509879314939 -0.657535046449
1.271249150321 0.654372397774 0.245277536817 0.534714617698 0.507302877132 -0.656355404895
1.284025416688 0.655710924139 0.250932410135 0.537119305309 0.504479061266 -0.655087141061
1.296930086666 0.656852561062 0.256383718643 0.539629930453 0.501407692307 -0.653731137385
1.309964450733 0.657790527434 0.261623219330 0.542218655080 0.498089379739 -0.652288023881
1.323129812337 0.658518375207 0.266642687214 0.544853828243 0.494525478167 -0.650758155458
1.336427488025 0.659030058360 0.271433936216 0.547500346954 0.490718032084 -0.649141592395
1.349858807576 0.659320001647 0.275988841104 0.550120113863 0.486669704813 -0.647438084634
1.363425114132 0.659383167896 0.280299360394 0.552672590754 0.482383692058 -0.645647060562
1.377127764336 0.659215122520 0.284357560098 0.555115444479 0.477863620922 -0.643767620945
1.390968128464 0.658812093826 0.288155638159 0.557405279291 0.473113435737 -0.641798538641
1.404947590564 0.658171027648 0.291685949451 0.559498446704 0.468137272534 -0.639738264653
1.419067548593 0.657289634801 0.294941031143 0.561351921075 0.462939324497 -0.637584941022
1.433329414560 0.656166429855 0.297913628283 0.562924226084 0.457523701282 -0.635336420955
1.447734614663 0.654800759777 0.300596719397 0.564176394260 0.451894285546 -0.632990296442
1.462284589434 0.653192821084 0.302983541932 0.565072938844 0.446054590519 -0.630543933500
1.476980793883 0.651343664268 0.305067617344 0.565582814586 0.440007622871 -0.627994514958
1.491824697641 0.649255184477 0.306842775670 0.565680341739 0.433755755449 -0.625339090550
1.506817785113 0.646930097634 0.308303179396 0.565346065626 0.427300614710 -0.622574633821
1.521961555619 0.644371901508 0.309443346474 0.564567522861 0.420642987806 -0.619698105140
1.537257523548 0.641584821570 0.310258172342 0.563339884720 0.413782754237 -0.616706519844
1.552707218511 0.638573741888 0.310742950840 0.561666448434 0.406718846833 -0.613597020296
1.568312185490 0.635344121709 0.310893393912 0.559558948389 0.399449246420 -0.610366950375
1.584073984994 0.631901898903 0.310705650034 0.557037661536 0.391971013986 -0.607013930660
1.599994193217 0.628253381879 0.310176321320 0.554131284728 0.384280363374 -0.603535932352
1.616074402193 0.624405132144 0.309302479296 0.550876566387 0.376372776522 -0.599931347777
1.632316219955 0.620363840124 0.308081679324 0.547317680728 0.368243162084 -0.596199055135
1.648721270700 0.616136197387 0.306511973728 0.543505339841 0.359886056837 -0.592338475086
1.665291194946 0.611728768800 0.304591923633 0.539495647063 0.351295867701 -0.588349616696
1.682027649699 0.607147868544 0.302320609569 0.535348704209 0.342467150477 -0.584233110315
1.698932308619 0.602399444177 0.299697640872 0.531126995078 0.333394919545 -0.579990225101
1.716006862185 0.597488973080 0.296723163906 0.526893578055 0.324074980934 -0.575622869106
1.733253017867 0.592421375666 0.293397869094 0.522710131117 0.314504279275 -0.571133570193
1.750672500296 0.587200949586 0.289722996717 0.518634902863 0.304681247464 -0.566525436506
1.768267051434 0.581831328844 0.285700341387 0.514720632732 0.294606146268 -0.561802095735
1.786038430750 0.576315471239 0.281332255033 0.511012511990 0.284281379899 -0.556967613140
1.803988415398 0.570655676854 0.276621648169 0.507546263634 0.273711772708 -0.552026389002
1.822118800391 0.564853639378 0.271571989155 0.504346423721 0.262904791823 -0.546983037061
1.840431398782 0.558910531000 0.266187301040 0.501424908101 0.251870700773 -0.541842246382
1.858928041846 0.552827120280 0.260472155563 0.498779946645 0.240622630097 -0.536608630031
1.877610579264 0.546603921062 0.254431663771 0.496395461440 0.229176552595 -0.531286564882
1.896480879305 0.540241368903 0.248071462698 0.494240955663 0.217551153356 -0.525880027768
1.915540829014 0.533740019987 0.241397697521 0.492271965816 0.205767587972 -0.520392433961
1.934792334402 0.527100765898 0.234416998626 0.490431111729 0.193849126414 -0.514826484659
1.954237320636 0.520325056196 0.227136453084 0.488649756365 0.181820684789 -0.509184030575
1.973877732230 0.513415119430 0.219563570133 0.486850261537 0.169708252599 -0.503465958952
1.993715533243 0.506374172232 0.211706240454 0.484948796887 0.157538228843 -0.497672111223
2.013752707470 0.499206605430 0.203572689255 0.482858628861 0.145336686317 -0.491801238104
2.033991258647 0.491918135959 0.195171423458 0.480493785279 0.133128589331 -0.485850998074
2.054433210644 0.484515913593 0.186511173685 0.477772961022 0.120936995524 -0.479818004007
2.075080607674 0.477008572479 0.177600832106 0.474623503003 0.108782277188 -0.473697921063
2.095935514494 0.469406218955 0.168449387726 0.470985289982 0.096681401047 -0.467485616973
2.117000016613 0.461720349354 0.159065861113 0.466814306856 0.084647307492 -0.461175363498
2.138276220497 0.453963694302 0.149459241121 0.462085705728 0.072688430373 -0.454761085208
2.159766253785 0.446149989461 0.139638426549 0.456796149124 0.060808396422 -0.448236648965
2.181472265498 0.438293676513 0.129612176114 0.450965245621 0.049005938812 -0.441596184632
2.203396426256 0.430409542446 0.119389070383 0.444635915837 0.037275052290 -0.434834424795
2.225540928492 0.422512309505 0.108977489413 0.437873567526 0.025605407610 -0.427947048847
2.247907986676 0.414616192449 0.098385609835 0.430764012062 0.013983030925 -0.420931014735
2.270499837532 0.406734443591 0.087621424747 0.423410119424 0.002391239602 -0.413784860368
2.293318740264 0.398878909289 0.076692789277 0.415927282669 -0.009188189709 -0.406508956156
2.316366976781 0.391059623749 0.065607493760 0.408437842479 -0.020773661372 -0.399105690628
2.339646851926 0.383284466896 0.054373365318 0.401064703247 -0.032382266302 -0.391579572749
2.363160693706 0.375558912425 0.042998397173 0.393924449289 -0.044028224585 -0.383937237350
2.386910853524 0.367885889734 0.031490903284 0.387120337211 -0.055721349574 -0.376187344214
2.410899706417 0.360265779165 0.019859693976 0.380735592061 -0.067465626612 -0.368340366541
2.435129651290 0.352696553784 0.008114266208 0.374827464533 -0.079258003461 -0.360408270815
2.459603111157 0.345174073037 -0.003734999919 0.369422508625 -0.091087487396 -0.352404097012
2.484322533385 0.337692524158 -0.015676648671 0.364513509146 -0.102934635084 -0.344341455500
2.509290389936 0.330244996808 -0.027697972014 0.360058423700 -0.114771505283 -0.336233964271
2.534509177618 0.322824165471 -0.039784861610 0.355981603338 -0.126562121156 -0.328094656825
2.559981418329 0.315423043604 -0.051921702707 0.352177422333 -0.138263459221 -0.319935396616
2.585709659316 0.308035764046 -0.064091322590 0.348516285380 -0.149826946829 -0.311766337710
2.611696473423 0.300658332878 -0.076275004815 0.344852798616 -0.161200411579 -0.303595472786
2.637944459354 0.293289299540 -0.088452577806 0.341035700560 -0.172330386650 -0.295428308301
2.664456241929 0.285930285466 -0.100602582693 0.336918964909 -0.183164638806 -0.287267702128
2.691234472349 0.278586317490 -0.112702520517 0.332373325455 -0.193654754134 -0.279113891296
2.718281828459 0.271265921103 -0.124729173234 0.327297351573 -0.203758593992 -0.270964726481
2.745601015017 0.263980942504 -0.136658986761 0.321627137857 -0.213442423519 -0.262816116229
2.773194763964 0.256746086717 -0.148468497798 0.315343678195 -0.222682520209 -0.254662668040
2.801065834699 0.249578181234 -0.160134780059 0.308477083843 -0.231466092459 -0.246498496556
2.829217014352 0.242495199002 -0.171635880286 0.301106981847 -0.239791378291 -0.238318152321
2.857651118063 0.235515099617 -0.182951210709 0.293358691887 -0.247666851719 -0.230117609501
2.886370989268 0.228654570756 -0.194061863119 0.285395115016 -0.255109535803 -0.221895239060
2.915379499977 0.221927770977 -0.204950810942 0.277404656131 -0.262142502603 -0.213652686839
2.944679551066 0.215345187309 -0.215602970173 0.269585913440 -0.268791724659 -0.205395575112
2.974274072563 0.208912724359 -0.226005097899 0.262130265061 -0.275082522327 -0.197133952465
3.004166023946 0.202631134074 -0.236145518427 0.255203822175 -0.281035917470 -0.188882430929
3.034358394436 0.196495875783 -0.246013681236 0.248930455237 -0.286665247694 -0.180659970793
3.064854203293 0.190497464783 -0.255599571404 0.243377692868 -0.291973408294 -0.172489301554
3.095656500125 0.184622325712 -0.264893010484 0.238547209009 -0.296951065177 -0.164396000228
3.126768365186 0.178854117136 -0.273882902547 0.234371333175 -0.301576118014 -0.156407282896
3.158192909690 0.173175440177 -0.282556494408 0.230716541022 -0.305814589592 -0.148550598819
3.189933276116 0.167569791933 -0.290898728810 0.227394230497 -0.309622980326 -0.140852144682
3.221992638529 0.162023580150 -0.298891772804 0.224178310273 -0.312951966803 -0.133335435908
3.254374202890 0.156527985364 -0.306514798890 0.220828293721 -0.315751155355 -0.126020078833
3.287081207383 0.151080446595 -0.313744082700 0.217115795109 -0.317974445140 -0.118920879343
3.320116922737 0.145685561197 -0.320553457826 0.212851669078 -0.319585431150 -0.112047398949
3.353484652549 0.140355231151 -0.326915136482 0.207910625043 -0.320562206857 -0.105404028754
3.387187733621 0.135107956388 -0.332800866190 0.202250077372 -0.320900926534 -0.098990597760
3.421229536290 0.129967266556 -0.338183350549 0.195920324913 -0.320617570041 -0.092803469274
3.455613464763 0.124959388314 -0.343037821000 0.189063911578 -0.319747520490 -0.086837014250
3.490342957462 0.120110354371 -0.347343611190 0.181903170889 -0.318342808573 -0.081085291477
3.525421487365 0.115442859190 -0.351085561850 0.174716407986 -0.316467175158 -0.075543720125
3.560852562356 0.110973239370 -0.354255077067 0.167804768553 -0.314189422704 -0.070210508735
3.596639725569 0.106708989595 -0.356850666680 0.161453381733 -0.311575823594 -0.065087612667
3.632786555753 0.102647206113 -0.358877846570 0.155891609823 -0.308682582234 -0.060181033018
3.669296667619 0.098774272628 -0.360348328383 0.151257958440 -0.305549461820 -0.055500343424
3.706173712210 0.095066969291 -0.361278509269 0.147575200812 -0.302195649397 -0.051057431544
3.743421377261 0.091495004224 -0.361687363433 0.144740428726 -0.298618724328 -0.046864558902
3.781043387569 0.088024757701 -0.361593930606 0.142533052025 -0.294797219765 -0.042931961155
3.819043505366 0.084623819346 -0.361014679160 0.140641356332 -0.290696756247 -0.039265312699
3.857425530697 0.081265721210 -0.359961079966 0.138705366480 -0.286279142341 -0.035863446225
3.896193301795 0.077934158767 -0.358437748110 0.136370850122 -0.281513264614 -0.032716732580
3.935350695470 0.074625977569 -0.356441483287 0.133346815802 -0.276386128145 -0.029806478036
3.974901627495 0.071352305440 -0.353961461244 0.129457312860 -0.270912159091 -0.027105581800
4.014850052994 0.068137432137 -0.350980700256 0.124678156284 -0.265138923648 -0.024580524241
4.055199966845 0.065015363888 -0.347478758993 0.119150642813 -0.259147796797 -0.022194545007
4.095955404071 0.062024370573 -0.343435434313 0.113167409576 -0.253048818815 -0.019911649994
4.137120440251 0.059200240311 -0.338835045647 0.107130021311 -0.246969933389 -0.017700894046
4.178699191923 0.056569288738 -0.333670747146 0.101483049325 -0.241041870206 -0.015540261704
4.220695816997 0.054142364134 -0.327948229725 0.096634454353 -0.235380929746 -0.013419445785
4.263114515169 0.051911082555 -0.321688187245 0.092875992170 -0.230072638281 -0.011340925004
4.305959528345 0.049847282763 -0.314927037530 0.090319144696 -0.225159472691 -0.009318970163
4.349235141063 0.047906212623 -0.307715607147 0.088861006488 -0.220635473820 -0.007376541966
4.392945680919 0.046033298248 -0.300115786991 0.088190349977 -0.216449542699 -0.005540436175
4.437095519004 0.044173604748 -0.292195503156 0.087837092644 -0.212517647621 -0.003835415818
4.481689070338 0.042282411602 -0.284022668557 0.087259613310 -0.208742303029 -0.002278366705
4.526730794314 0.040334852686 -0.275659022643 0.085955427707 -0.205035871462 -0.000873644595
4.572225195142 0.038332454394 -0.267154870404 0.083573609962 -0.201342905952 0.000389307058
4.618176822300 0.036304740548 -0.258545655998 0.080003988881 -0.197656286862 0.001535321988
4.664590270988 0.034304874467 -0.249851038228 0.075420017576 -0.194022585015 0.002599658821
4.711470182591 0.032399487137 -0.241076700284 0.070259819481 -0.190533954650 0.003621411924
4.758821245138 0.030654198739 -0.232218590462 0.065142467247 -0.187306696367 0.004635350293
4.806648193775 0.029117595273 -0.223268753976 0.060731879403 -0.184449913386 0.005663881492
4.854955811237 0.027807250508 -0.214221496592 0.057575500873 -0.182030672045 0.006711063202
4.903748928327 0.026701496162 -0.205078431771 0.055955297590 -0.180043944903 0.007760390009
4.953032424395 0.025739862592 -0.195851084143 0.055791021128 -0.178395654457 0.008777431319
5.002811227834 0.024833447021 -0.186560174283 0.056628037376 -0.176904976019 0.009717356182
5.053090316564 0.023884154033 -0.177231437156 0.057724389322 -0.175327847129 0.010536133089
5.103874718537 0.022809255106 -0.167888694941 0.058227067322 -0.173398117789 0.011203011475
5.155169512235 0.021565647185 -0.158545719425 0.057401169699 -0.170877245824 0.011711095660
5.206979827180 0.020167199224 -0.149198962407 0.054854852394 -0.167599475018 0.012082702189
5.259310844447 0.018689161842 -0.139823317572 0.050694722903 -0.163498514750 0.012366927724
5.312167797181 0.017255963001 -0.130372604133 0.045555506771 -0.158604793243 0.012628439517
5.365555971122 0.016012557702 -0.120785463721 0.040475158737 -0.153009329382 0.012928696485
5.419480705131 0.015084094013 -0.110996018034 0.036627548642 -0.146799900803 0.013303156646
5.473947391727 0.014532858650 -0.100947205088 0.034969712852 -0.139985033872 0.013739911029
5.528961477624 0.014323884568 -0.090602972581 0.035896166880 -0.132427463124 0.014165876531
5.584528464276 0.014309215555 -0.079949456322 0.039003162026 -0.123800896880 0.014444758609
5.640653908428 0.014230037669 -0.068948222196 0.043023539805 -0.113527335920 0.014381288487
5.697343422672 0.013706203485 -0.057350287747 0.045844419782 -0.100511063337 0.013700420030
5.754602676006 0.012181665986 -0.044407176340 0.044408808885 -0.082624325679 0.011977766071
5.812437394403 0.009059476563 -0.029326571795 0.035314684900 -0.057547314980 0.008757905794
5.870853361383 0.004633088908 -0.013676675103 0.018941217295 -0.028007198810 0.004415313676
5.929856418591 0.001020670573 -0.002836387946 0.004296639863 -0.005977220648 0.000963294151
