---------------------------------------------------------------------------
Element                    Li
Energy Cutoff(Ry)           50
Radius Cutoff(a.u.)         6
Lmax                        2
Number of Sorbital-->       2
Number of Porbital-->       2
Number of Dorbital-->       1
---------------------------------------------------------------------------
SUMMARY  END

Mesh                        601
dr                          0.01
                Type                   L                   N
                   0                   0                   0
 3.841312135740e-01 3.840433099436e-01 3.837797645246e-01 3.833410732764e-01
 3.827280612719e-01 3.819418804143e-01 3.809840062516e-01 3.798562338992e-01
 3.785606730856e-01 3.770997423369e-01 3.754761623207e-01 3.736929483721e-01
 3.717534022270e-01 3.696611029908e-01 3.674198973734e-01 3.650338892238e-01
 3.625074283989e-01 3.598450990052e-01 3.570517070524e-01 3.541322675609e-01
 3.510919911654e-01 3.479362702616e-01 3.446706647400e-01 3.413008873556e-01
 3.378327887816e-01 3.342723423971e-01 3.306256288578e-01 3.268988205017e-01
 3.230981656391e-01 3.192299727796e-01 3.153005948463e-01 3.113164134269e-01
 3.072838231143e-01 3.032092159842e-01 2.990989662597e-01 2.949594152104e-01
 2.907968563325e-01 2.866175208561e-01 2.824275636226e-01 2.782330493750e-01
 2.740399395015e-01 2.698540792713e-01 2.656811855981e-01 2.615268353665e-01
 2.573964543534e-01 2.532953067730e-01 2.492284854738e-01 2.452009028106e-01
 2.412172822148e-01 2.372821504815e-01 2.333998307894e-01 2.295744364672e-01
 2.258098655179e-01 2.221097959077e-01 2.184776816249e-01 2.149167495111e-01
 2.114299968633e-01 2.080201898036e-01 2.046898624098e-01 2.014413165983e-01
 1.982766227464e-01 1.951976210400e-01 1.922059235297e-01 1.893029168758e-01
 1.864897657598e-01 1.837674169388e-01 1.811366039158e-01 1.785978521991e-01
 1.761514851182e-01 1.737976301665e-01 1.715362258362e-01 1.693670289106e-01
 1.672896221768e-01 1.653034225229e-01 1.634076893795e-01 1.616015334674e-01
 1.598839258113e-01 1.582537069783e-01 1.567095965022e-01 1.552502024504e-01
 1.538740310945e-01 1.525794966432e-01 1.513649309962e-01 1.502285934809e-01
 1.491686805320e-01 1.481833352745e-01 1.472706569752e-01 1.464287103236e-01
 1.456555345095e-01 1.449491520621e-01 1.443075774194e-01 1.437288251970e-01
 1.432109181271e-01 1.427518946420e-01 1.423498160761e-01 1.420027734635e-01
 1.417088939110e-01 1.414663465270e-01 1.412733478905e-01 1.411281670460e-01
 1.410291300112e-01 1.409746237901e-01 1.409630998824e-01 1.409930772850e-01
 1.410631449837e-01 1.411719639337e-01 1.413182685324e-01 1.415008675879e-01
 1.417186447906e-01 1.419705586960e-01 1.422556422308e-01 1.425730017341e-01
 1.429218155495e-01 1.433013321853e-01 1.437108680598e-01 1.441498048552e-01
 1.446175864982e-01 1.451137157941e-01 1.456377507378e-01 1.461893005266e-01
 1.467680213050e-01 1.473736116656e-01 1.480058079392e-01 1.486643792999e-01
 1.493491227177e-01 1.500598577893e-01 1.507964214755e-01 1.515586627791e-01
 1.523464373921e-01 1.531596023442e-01 1.539980106817e-01 1.548615062084e-01
 1.557499183163e-01 1.566630569363e-01 1.576007076348e-01 1.585626268854e-01
 1.595485375391e-01 1.605581245200e-01 1.615910307671e-01 1.626468534469e-01
 1.637251404544e-01 1.648253872240e-01 1.659470338652e-01 1.670894626399e-01
 1.682519957940e-01 1.694338937565e-01 1.706343537139e-01 1.718525085699e-01
 1.730874262953e-01 1.743381096723e-01 1.756034964359e-01 1.768824598114e-01
 1.781738094473e-01 1.794762927391e-01 1.807885965386e-01 1.821093492409e-01
 1.834371232398e-01 1.847704377402e-01 1.861077619148e-01 1.874475183904e-01
 1.887880870472e-01 1.901278091142e-01 1.914649915409e-01 1.927979116247e-01
 1.941248218736e-01 1.954439550798e-01 1.967535295813e-01 1.980517546871e-01
 1.993368362398e-01 2.006069822900e-01 2.018604088557e-01 2.030953457401e-01
 2.043100423796e-01 2.055027736956e-01 2.066718459223e-01 2.078156023821e-01
 2.089324291838e-01 2.100207608143e-01 2.110790855994e-01 2.121059510068e-01
 2.130999687675e-01 2.140598197902e-01 2.149842588470e-01 2.158721190067e-01
 2.167223157958e-01 2.175338510679e-01 2.183058165612e-01 2.190373971292e-01
 2.197278736281e-01 2.203766254472e-01 2.209831326694e-01 2.215469778524e-01
 2.220678474206e-01 2.225455326609e-01 2.229799303171e-01 2.233710427796e-01
 2.237189778676e-01 2.240239482055e-01 2.242862701936e-01 2.245063625790e-01
 2.246847446294e-01 2.248220339204e-01 2.249189437420e-01 2.249762801377e-01
 2.249949385867e-01 2.249759003445e-01 2.249202284560e-01 2.248290634589e-01
 2.247036187959e-01 2.245451759531e-01 2.243550793491e-01 2.241347309924e-01
 2.238855849326e-01 2.236091415288e-01 2.233069415582e-01 2.229805601919e-01
 2.226316008618e-01 2.222616890464e-01 2.218724660009e-01 2.214655824582e-01
 2.210426923283e-01 2.206054464220e-01 2.201554862262e-01 2.196944377562e-01
 2.192239055118e-01 2.187454665617e-01 2.182606647819e-01 2.177710052713e-01
 2.172779489679e-01 2.167829074885e-01 2.162872382121e-01 2.157922396279e-01
 2.152991469664e-01 2.148091281315e-01 2.143232799494e-01 2.138426247494e-01
 2.133681072899e-01 2.129005920412e-01 2.124408608349e-01 2.119896108893e-01
 2.115474532164e-01 2.111149114165e-01 2.106924208632e-01 2.102803282807e-01
 2.098788917129e-01 2.094882808830e-01 2.091085779396e-01 2.087397785833e-01
 2.083817935687e-01 2.080344505716e-01 2.076974964107e-01 2.073705996144e-01
 2.070533533168e-01 2.067452784699e-01 2.064458273553e-01 2.061543873779e-01
 2.058702851239e-01 2.055927906620e-01 2.053211220690e-01 2.050544501562e-01
 2.047919033759e-01 2.045325728838e-01 2.042755177335e-01 2.040197701800e-01
 2.037643410653e-01 2.035082252638e-01 2.032504071603e-01 2.029898661358e-01
 2.027255820374e-01 2.024565406048e-01 2.021817388310e-01 2.019001902315e-01
 2.016109299989e-01 2.013130200194e-01 2.010055537283e-01 2.006876607840e-01
 2.003585115386e-01 2.000173212853e-01 1.996633542655e-01 1.992959274154e-01
 1.989144138389e-01 1.985182459889e-01 1.981069185454e-01 1.976799909781e-01
 1.972370897819e-01 1.967779103763e-01 1.963022186626e-01 1.958098522311e-01
 1.953007212153e-01 1.947748087897e-01 1.942321713105e-01 1.936729380997e-01
 1.930973108754e-01 1.925055628312e-01 1.918980373713e-01 1.912751465073e-01
 1.906373689269e-01 1.899852477424e-01 1.893193879335e-01 1.886404534942e-01
 1.879491643010e-01 1.872462927158e-01 1.865326599419e-01 1.858091321498e-01
 1.850766163924e-01 1.843360563293e-01 1.835884277806e-01 1.828347341325e-01
 1.820760016155e-01 1.813132744787e-01 1.805476100837e-01 1.797800739401e-01
 1.790117347075e-01 1.782436591871e-01 1.774769073270e-01 1.767125272648e-01
 1.759515504305e-01 1.751949867329e-01 1.744438198537e-01 1.736990026681e-01
 1.729614528178e-01 1.722320484527e-01 1.715116241651e-01 1.708009671329e-01
 1.701008134909e-01 1.694118449471e-01 1.687346856595e-01 1.680698993882e-01
 1.674179869358e-01 1.667793838884e-01 1.661544586675e-01 1.655435109012e-01
 1.649467701234e-01 1.643643948057e-01 1.637964717279e-01 1.632430156881e-01
 1.627039695554e-01 1.621792046636e-01 1.616685215446e-01 1.611716509978e-01
 1.606882554902e-01 1.602179308810e-01 1.597602084621e-01 1.593145573046e-01
 1.588803869017e-01 1.584570500934e-01 1.580438462612e-01 1.576400247762e-01
 1.572447886863e-01 1.568572986226e-01 1.564766769091e-01 1.561020118554e-01
 1.557323622116e-01 1.553667617664e-01 1.550042240640e-01 1.546437472209e-01
 1.542843188174e-01 1.539249208423e-01 1.535645346669e-01 1.532021460254e-01
 1.528367499781e-01 1.524673558335e-01 1.520929920080e-01 1.517127107977e-01
 1.513255930417e-01 1.509307526553e-01 1.505273410090e-01 1.501145511364e-01
 1.496916217476e-01 1.492578410318e-01 1.488125502288e-01 1.483551469548e-01
 1.478850882640e-01 1.474018934338e-01 1.469051464582e-01 1.463944982391e-01
 1.458696684637e-01 1.453304471587e-01 1.447766959152e-01 1.442083487755e-01
 1.436254127799e-01 1.430279681686e-01 1.424161682381e-01 1.417902388512e-01
 1.411504776049e-01 1.404972526555e-01 1.398310012106e-01 1.391522276895e-01
 1.384615015652e-01 1.377594548926e-01 1.370467795376e-01 1.363242241179e-01
 1.355925906688e-01 1.348527310510e-01 1.341055431136e-01 1.333519666335e-01
 1.325929790465e-01 1.318295909909e-01 1.310628416846e-01 1.302937941557e-01
 1.295235303494e-01 1.287531461333e-01 1.279837462244e-01 1.272164390614e-01
 1.264523316454e-01 1.256925243741e-01 1.249381058923e-01 1.241901479840e-01
 1.234497005287e-01 1.227177865470e-01 1.219953973573e-01 1.212834878678e-01
 1.205829720253e-01 1.198947184424e-01 1.192195462245e-01 1.185582210160e-01
 1.179114512853e-01 1.172798848658e-01 1.166641057710e-01 1.160646312972e-01
 1.154819094315e-01 1.149163165742e-01 1.143681555903e-01 1.138376541986e-01
 1.133249637078e-01 1.128301581055e-01 1.123532335073e-01 1.118941079678e-01
 1.114526216575e-01 1.110285374043e-01 1.106215416004e-01 1.102312454696e-01
 1.098571866918e-01 1.094988313788e-01 1.091555763923e-01 1.088267519956e-01
 1.085116248277e-01 1.082094011879e-01 1.079192306162e-01 1.076402097538e-01
 1.073713864692e-01 1.071117642286e-01 1.068603066945e-01 1.066159425304e-01
 1.063775703911e-01 1.061440640760e-01 1.059142778224e-01 1.056870517152e-01
 1.054612171889e-01 1.052356025953e-01 1.050090388145e-01 1.047803648799e-01
 1.045484335947e-01 1.043121171119e-01 1.040703124519e-01 1.038219469342e-01
 1.035659834942e-01 1.033014258629e-01 1.030273235843e-01 1.027427768452e-01
 1.024469410955e-01 1.021390314367e-01 1.018183267557e-01 1.014841735849e-01
 1.011359896681e-01 1.007732672154e-01 1.003955758287e-01 1.000025650831e-01
 9.959396675067e-02 9.916959665289e-02 9.872935613192e-02 9.827323313065e-02
 9.780130287440e-02 9.731372814806e-02 9.681075916462e-02 9.629273302281e-02
 9.576007275315e-02 9.521328595370e-02 9.465296301860e-02 9.407977496417e-02
 9.349447085931e-02 9.289787486856e-02 9.229088291799e-02 9.167445899580e-02
 9.104963110122e-02 9.041748685668e-02 8.977916880019e-02 8.913586937593e-02
 8.848882564272e-02 8.783931372136e-02 8.718864300296e-02 8.653815014171e-02
 8.588919285641e-02 8.524314356640e-02 8.460138288784e-02 8.396529301774e-02
 8.333625103311e-02 8.271562213371e-02 8.210475285682e-02 8.150496429318e-02
 8.091754533301e-02 8.034374597140e-02 7.978477070216e-02 7.924177202889e-02
 7.871584412210e-02 7.820801665030e-02 7.771924881274e-02 7.725042360078e-02
 7.680234231386e-02 7.637571935548e-02 7.597117733319e-02 7.558924248588e-02
 7.523034046010e-02 7.489479245601e-02 7.458281176212e-02 7.429450069651e-02
 7.402984797053e-02 7.378872648946e-02 7.357089160294e-02 7.337597981603e-02
 7.320350797013e-02 7.305287290092e-02 7.292335157887e-02 7.281410173559e-02
 7.272416297768e-02 7.265245838740e-02 7.259779660789e-02 7.255887440846e-02
 7.253427972351e-02 7.252249515684e-02 7.252190194110e-02 7.253078434012e-02
 7.254733448039e-02 7.256965759564e-02 7.259577766711e-02 7.262364344007e-02
 7.265113479561e-02 7.267606945470e-02 7.269620998993e-02 7.270927111792e-02
 7.271292724324e-02 7.270482022149e-02 7.268256730511e-02 7.264376922995e-02
 7.258601839289e-02 7.250690705920e-02 7.240403552287e-02 7.227502011990e-02
 7.211750096326e-02 7.192914922473e-02 7.170767373051e-02 7.145082656097e-02
 7.115640724740e-02 7.082226503822e-02 7.044629856374e-02 7.002645206678e-02
 6.956070719460e-02 6.904706918287e-02 6.848354613009e-02 6.786811999946e-02
 6.719870804329e-02 6.647311358506e-02 6.568896558706e-02 6.484364725159e-02
 6.393421511861e-02 6.295731178251e-02 6.190907746433e-02 6.078506819886e-02
 5.958019120239e-02 5.828867085628e-02 5.690406134570e-02 5.541932390059e-02
 5.382698727810e-02 5.211940904359e-02 5.028915180765e-02 4.832948242873e-02
 4.623499306836e-02 4.400233097802e-02 4.163100949906e-02 3.912425693125e-02
 3.648984410861e-02 3.374081756394e-02 3.089605518534e-02 2.798055743964e-02
 2.502539148853e-02 2.206721922163e-02 1.914736386581e-02 1.631040275727e-02
 1.360231415573e-02 1.106825045049e-02 8.750054500534e-03 6.683675236912e-03
 4.896667978696e-03 3.405979640865e-03 2.216215793660e-03 1.318563783129e-03
 6.905044143986e-04 2.963868985682e-04 8.887285617379e-05 1.118177889034e-05
 0.000000000000e+00
                Type                   L                   N
                   0                   0                   1
 6.308423130833e-01 6.308829940800e-01 6.310049399638e-01 6.312078596769e-01
 6.314912689911e-01 6.318544918078e-01 6.322966619709e-01 6.328167255876e-01
 6.334134438486e-01 6.340853963375e-01 6.348309848203e-01 6.356484374988e-01
 6.365358137166e-01 6.374910090995e-01 6.385117611141e-01 6.395956550252e-01
 6.407401302318e-01 6.419424869609e-01 6.431998932958e-01 6.445093925159e-01
 6.458679107225e-01 6.472722647265e-01 6.487191701703e-01 6.502052498577e-01
 6.517270422637e-01 6.532810101970e-01 6.548635495851e-01 6.564709983553e-01
 6.580996453806e-01 6.597457394629e-01 6.614054983245e-01 6.630751175776e-01
 6.647507796451e-01 6.664286626037e-01 6.681049489205e-01 6.697758340584e-01
 6.714375349209e-01 6.730862981125e-01 6.747184079892e-01 6.763301944748e-01
 6.779180406207e-01 6.794783898859e-01 6.810077531189e-01 6.825027152194e-01
 6.839599414638e-01 6.853761834765e-01 6.867482848320e-01 6.880731862746e-01
 6.893479305416e-01 6.905696667823e-01 6.917356545598e-01 6.928432674320e-01
 6.938899961023e-01 6.948734511385e-01 6.957913652561e-01 6.966415951647e-01
 6.974221229791e-01 6.981310571968e-01 6.987666332460e-01 6.993272136099e-01
 6.998112875338e-01 7.002174703238e-01 7.005445022478e-01 7.007912470487e-01
 7.009566900846e-01 7.010399361086e-01 7.010402067034e-01 7.009568373894e-01
 7.007892744207e-01 7.005370712903e-01 7.001998849625e-01 6.997774718536e-01
 6.992696835818e-01 6.986764625077e-01 6.979978370887e-01 6.972339170695e-01
 6.963848885318e-01 6.954510088271e-01 6.944326014164e-01 6.933300506403e-01
 6.921437964430e-01 6.908743290749e-01 6.895221837962e-01 6.880879356054e-01
 6.865721940149e-01 6.849755978969e-01 6.832988104205e-01 6.815425141016e-01
 6.797074059860e-01 6.777941929847e-01 6.758035873810e-01 6.737363025269e-01
 6.715930487442e-01 6.693745294483e-01 6.670814375071e-01 6.647144518497e-01
 6.622742343357e-01 6.597614268975e-01 6.571766489634e-01 6.545204951706e-01
 6.517935333751e-01 6.489963029630e-01 6.461293134678e-01 6.431930434962e-01
 6.401879399634e-01 6.371144176379e-01 6.339728589943e-01 6.307636143706e-01
 6.274870024259e-01 6.241433108937e-01 6.207327976222e-01 6.172556918954e-01
 6.137121960236e-01 6.101024871946e-01 6.064267195726e-01 6.026850266332e-01
 5.988775237199e-01 5.950043108083e-01 5.910654754618e-01 5.870610959639e-01
 5.829912446082e-01 5.788559911311e-01 5.746554062665e-01 5.703895654063e-01
 5.660585523461e-01 5.616624630978e-01 5.572014097497e-01 5.526755243537e-01
 5.480849628215e-01 5.434299088084e-01 5.387105775673e-01 5.339272197521e-01
 5.290801251522e-01 5.241696263402e-01 5.191961022132e-01 5.141599814119e-01
 5.090617455992e-01 5.039019325829e-01 4.986811392663e-01 4.934000244127e-01
 4.880593112089e-01 4.826597896160e-01 4.772023184944e-01 4.716878274927e-01
 4.661173186904e-01 4.604918679851e-01 4.548126262175e-01 4.490808200269e-01
 4.432977524314e-01 4.374648031306e-01 4.315834285246e-01 4.256551614512e-01
 4.196816106379e-01 4.136644598703e-01 4.076054668797e-01 4.015064619516e-01
 3.953693462598e-01 3.891960899317e-01 3.829887298514e-01 3.767493672073e-01
 3.704801647940e-01 3.641833440770e-01 3.578611820323e-01 3.515160077700e-01
 3.451501989568e-01 3.387661780494e-01 3.323664083517e-01 3.259533899126e-01
 3.195296552775e-01 3.130977651102e-01 3.066603037016e-01 3.002198743809e-01
 2.937790948473e-01 2.873405924377e-01 2.809069993503e-01 2.744809478392e-01
 2.680650653981e-01 2.616619699518e-01 2.552742650708e-01 2.489045352283e-01
 2.425553411142e-01 2.362292150245e-01 2.299286563417e-01 2.236561271214e-01
 2.174140478004e-01 2.112047930416e-01 2.050306877293e-01 1.988940031265e-01
 1.927969532101e-01 1.867416911922e-01 1.807303062400e-01 1.747648204047e-01
 1.688471857669e-01 1.629792818081e-01 1.571629130140e-01 1.513998067167e-01
 1.456916111809e-01 1.400398939369e-01 1.344461403650e-01 1.289117525320e-01
 1.234380482815e-01 1.180262605768e-01 1.126775370971e-01 1.073929400822e-01
 1.021734464250e-01 9.701994800555e-02 9.193325226341e-02 8.691408300028e-02
 8.196308140755e-02 7.708080731010e-02 7.226774061797e-02 6.752428297658e-02
 6.285075960526e-02 5.824742131343e-02 5.371444668305e-02 4.925194440534e-02
 4.485995575951e-02 4.053845722041e-02 3.628736318211e-02 3.210652878368e-02
 2.799575282348e-02 2.395478074795e-02 1.998330770077e-02 1.608098161832e-02
 1.224740635721e-02 8.482144839865e-03 4.784722204219e-03 1.154628943771e-03
 -2.408675975448e-03 -5.905762034145e-03 -9.337224128081e-03 -1.270367959773e-02
 -1.600576533116e-02 -1.924413495148e-02 -2.241945609955e-02 -2.553240782204e-02
 -2.858367807437e-02 -3.157396134720e-02 -3.450395642440e-02 -3.737436427988e-02
 -4.018588611950e-02 -4.293922157380e-02 -4.563506704625e-02 -4.827411422086e-02
 -5.085704873229e-02 -5.338454900049e-02 -5.585728523119e-02 -5.827591858268e-02
 -6.064110049827e-02 -6.295347220324e-02 -6.521366436402e-02 -6.742229690652e-02
 -6.957997898994e-02 -7.168730913124e-02 -7.374487547512e-02 -7.575325620325e-02
 -7.771302007604e-02 -7.962472709953e-02 -8.148892930935e-02 -8.330617166312e-02
 -8.507699303226e-02 -8.680192728349e-02 -8.848150444020e-02 -9.011625191311e-02
 -9.170669578978e-02 -9.325336217182e-02 -9.475677854883e-02 -9.621747519776e-02
 -9.763598659631e-02 -9.901285283901e-02 -1.003486210447e-01 -1.016438467443e-01
 -1.028990952369e-01 -1.041149429050e-01 -1.052919784767e-01 -1.064308042250e-01
 -1.075320370942e-01 -1.085963097450e-01 -1.096242715069e-01 -1.106165892320e-01
 -1.115739480394e-01 -1.124970519463e-01 -1.133866243750e-01 -1.142434085331e-01
 -1.150681676599e-01 -1.158616851339e-01 -1.166247644391e-01 -1.173582289854e-01
 -1.180629217815e-01 -1.187397049590e-01 -1.193894591454e-01 -1.200130826889e-01
 -1.206114907329e-01 -1.211856141439e-01 -1.217363982946e-01 -1.222648017055e-01
 -1.227717945494e-01 -1.232583570238e-01 -1.237254775955e-01 -1.241741511269e-01
 -1.246053768865e-01 -1.250201564563e-01 -1.254194915402e-01 -1.258043816854e-01
 -1.261758219242e-01 -1.265348003475e-01 -1.268822956207e-01 -1.272192744506e-01
 -1.275466890183e-01 -1.278654743856e-01 -1.281765458905e-01 -1.284807965403e-01
 -1.287790944179e-01 -1.290722801103e-01 -1.293611641742e-01 -1.296465246494e-01
 -1.299291046328e-01 -1.302096099252e-01 -1.304887067617e-01 -1.307670196392e-01
 -1.310451292498e-01 -1.313235705334e-01 -1.316028308585e-01 -1.318833483413e-01
 -1.321655103138e-01 -1.324496519479e-01 -1.327360550458e-01 -1.330249470033e-01
 -1.333164999525e-01 -1.336108300918e-01 -1.339079972073e-01 -1.342080043903e-01
 -1.345107979565e-01 -1.348162675673e-01 -1.351242465576e-01 -1.354345124708e-01
 -1.357467878009e-01 -1.360607409419e-01 -1.363759873427e-01 -1.366920908662e-01
 -1.370085653482e-01 -1.373248763526e-01 -1.376404431190e-01 -1.379546406955e-01
 -1.382668022510e-01 -1.385762215594e-01 -1.388821556481e-01 -1.391838276008e-01
 -1.394804295063e-01 -1.397711255419e-01 -1.400550551816e-01 -1.403313365163e-01
 -1.405990696751e-01 -1.408573403348e-01 -1.411052233041e-01 -1.413417861695e-01
 -1.415660929900e-01 -1.417772080245e-01 -1.419741994796e-01 -1.421561432627e-01
 -1.423221267258e-01 -1.424712523854e-01 -1.426026416037e-01 -1.427154382181e-01
 -1.428088121018e-01 -1.428819626451e-01 -1.429341221393e-01 -1.429645590539e-01
 -1.429725811904e-01 -1.429575387017e-01 -1.429188269647e-01 -1.428558892942e-01
 -1.427682194861e-01 -1.426553641809e-01 -1.425169250368e-01 -1.423525607024e-01
 -1.421619885830e-01 -1.419449863903e-01 -1.417013934706e-01 -1.414311119048e-01
 -1.411341073755e-01 -1.408104097967e-01 -1.404601137039e-01 -1.400833784012e-01
 -1.396804278650e-01 -1.392515504040e-01 -1.387970980755e-01 -1.383174858604e-01
 -1.378131905991e-01 -1.372847496923e-01 -1.367327595703e-01 -1.361578739372e-01
 -1.355608017959e-01 -1.349423052611e-01 -1.343031971684e-01 -1.336443384879e-01
 -1.329666355534e-01 -1.322710371152e-01 -1.315585312301e-01 -1.308301419988e-01
 -1.300869261630e-01 -1.293299695767e-01 -1.285603835626e-01 -1.277793011699e-01
 -1.269878733466e-01 -1.261872650405e-01 -1.253786512457e-01 -1.245632130064e-01
 -1.237421333978e-01 -1.229165934948e-01 -1.220877683476e-01 -1.212568229776e-01
 -1.204249084093e-01 -1.195931577545e-01 -1.187626823616e-01 -1.179345680469e-01
 -1.171098714211e-01 -1.162896163249e-01 -1.154747903879e-01 -1.146663417237e-01
 -1.138651757735e-01 -1.130721523095e-01 -1.122880826114e-01 -1.115137268242e-01
 -1.107497915085e-01 -1.099969273929e-01 -1.092557273347e-01 -1.085267244989e-01
 -1.078103907608e-01 -1.071071353372e-01 -1.064173036531e-01 -1.057411764455e-01
 -1.050789691095e-01 -1.044308312860e-01 -1.037968466953e-01 -1.031770332137e-01
 -1.025713431940e-01 -1.019796640278e-01 -1.014018189466e-01 -1.008375680576e-01
 -1.002866096109e-01 -9.974858149154e-02 -9.922306293011e-02 -9.870957642557e-02
 -9.820758987137e-02 -9.771651887680e-02 -9.723572927376e-02 -9.676453979891e-02
 -9.630222494045e-02 -9.584801793798e-02 -9.540111392367e-02 -9.496067319204e-02
 -9.452582458571e-02 -9.409566898355e-02 -9.366928287774e-02 -9.324572202572e-02
 -9.282402516287e-02 -9.240321776154e-02 -9.198231582197e-02 -9.156032968067e-02
 -9.113626782155e-02 -9.070914067552e-02 -9.027796439405e-02 -8.984176458274e-02
 -8.939957998066e-02 -8.895046607210e-02 -8.849349861724e-02 -8.802777708882e-02
 -8.755242800244e-02 -8.706660812836e-02 -8.656950757339e-02 -8.606035272207e-02
 -8.553840902668e-02 -8.500298363668e-02 -8.445342785847e-02 -8.388913943744e-02
 -8.330956465470e-02 -8.271420023197e-02 -8.210259503863e-02 -8.147435159594e-02
 -8.082912737418e-02 -8.016663587940e-02 -7.948664752706e-02 -7.878899030119e-02
 -7.807355019794e-02 -7.734027145380e-02 -7.658915655926e-02 -7.582026605963e-02
 -7.503371814570e-02 -7.422968803746e-02 -7.340840716510e-02 -7.257016215224e-02
 -7.171529360699e-02 -7.084419472732e-02 -6.995730972766e-02 -6.905513209457e-02
 -6.813820267969e-02 -6.720710763894e-02 -6.626247622737e-02 -6.530497845947e-02
 -6.433532264549e-02 -6.335425281422e-02 -6.236254603368e-02 -6.136100964077e-02
 -6.035047839173e-02 -5.933181154516e-02 -5.830588988970e-02 -5.727361272823e-02
 -5.623589483098e-02 -5.519366336954e-02 -5.414785484375e-02 -5.309941201375e-02
 -5.204928084856e-02 -5.099840750328e-02 -4.994773533580e-02 -4.889820197451e-02
 -4.785073644740e-02 -4.680625638317e-02 -4.576566529405e-02 -4.472984994994e-02
 -4.369967785292e-02 -4.267599482028e-02 -4.165962268438e-02 -4.065135711631e-02
 -3.965196558024e-02 -3.866218542447e-02 -3.768272211461e-02 -3.671424761368e-02
 -3.575739891307e-02 -3.481277671802e-02 -3.388094428991e-02 -3.296242644773e-02
 -3.205770872968e-02 -3.116723671574e-02 -3.029141551079e-02 -2.943060938761e-02
 -2.858514158807e-02 -2.775529428030e-02 -2.694130866857e-02 -2.614338525221e-02
 -2.536168422866e-02 -2.459632603490e-02 -2.384739202034e-02 -2.311492524258e-02
 -2.239893137594e-02 -2.169937971982e-02 -2.101620429104e-02 -2.034930498020e-02
 -1.969854874645e-02 -1.906377081851e-02 -1.844477586078e-02 -1.784133905301e-02
 -1.725320701930e-02 -1.668009852756e-02 -1.612170486557e-02 -1.557768978339e-02
 -1.504768887876e-02 -1.453130829222e-02 -1.402812257796e-02 -1.353767162795e-02
 -1.305945655720e-02 -1.259293451296e-02 -1.213751245665e-02 -1.169254008963e-02
 -1.125730225586e-02 -1.083101135685e-02 -1.041280055036e-02 -1.000171876414e-02
 -9.596728817966e-03 -9.196710183456e-03 -8.800468083999e-03 -8.406750701527e-03
 -8.014276165214e-03 -7.621770701888e-03 -7.228018790401e-03 -6.831925359870e-03
 -6.432589006787e-03 -6.029383913913e-03 -5.622046708121e-03 -5.210763009573e-03
 -4.796247052330e-03 -4.379806676607e-03 -3.963385396963e-03 -3.549573320489e-03
 -3.141579570268e-03 -2.743160644550e-03 -2.358501806275e-03 -1.992052040373e-03
 -1.648317115802e-03 -1.331619519311e-03 -1.045838081485e-03 -7.941435431177e-04
 -5.787486692429e-04 -4.006924305518e-04 -2.596769778110e-04 -1.539735388719e-04
 -8.040906836300e-05 -3.443977492234e-05 -1.031101731084e-05 -1.296110852461e-06
 0.000000000000e+00
                Type                   L                   N
                   0                   1                   0
 0.000000000000e+00 6.264887732727e-03 1.252377889458e-02 1.877069474477e-02
 2.499969213173e-02 3.120488111086e-02 3.738044235083e-02 4.352064425945e-02
 4.961985976119e-02 5.567258266014e-02 6.167344352378e-02 6.761722502522e-02
 7.349887668365e-02 7.931352894564e-02 8.505650655249e-02 9.072334114220e-02
 9.630978303766e-02 1.018118121763e-01 1.072256481403e-01 1.125477592500e-01
 1.177748706870e-01 1.229039716193e-01 1.279323213018e-01 1.328574541333e-01
 1.376771836538e-01 1.423896054705e-01 1.469930991062e-01 1.514863287669e-01
 1.558682430330e-01 1.601380734790e-01 1.642953322343e-01 1.683398085011e-01
 1.722715640495e-01 1.760909277150e-01 1.797984889259e-01 1.833950902954e-01
 1.868818193137e-01 1.902599991814e-01 1.935311788272e-01 1.966971221585e-01
 1.997597965945e-01 2.027213609349e-01 2.055841526208e-01 2.083506744452e-01
 2.110235807746e-01 2.136056633423e-01 2.160998366792e-01 2.185091232446e-01
 2.208366383255e-01 2.230855747696e-01 2.252591876186e-01 2.273607787108e-01
 2.293936813177e-01 2.313612448823e-01 2.332668199249e-01 2.351137431792e-01
 2.369053230237e-01 2.386448252685e-01 2.403354593577e-01 2.419803650444e-01
 2.435825995928e-01 2.451451255602e-01 2.466707992083e-01 2.481623595889e-01
 2.496224183479e-01 2.510534502870e-01 2.524577847180e-01 2.538375976420e-01
 2.551949047828e-01 2.565315554963e-01 2.578492275770e-01 2.591494229780e-01
 2.604334644543e-01 2.617024931377e-01 2.629574670457e-01 2.641991605235e-01
 2.654281646126e-01 2.666448883365e-01 2.678495608900e-01 2.690422347126e-01
 2.702227894251e-01 2.713909366031e-01 2.725462253575e-01 2.736880486881e-01
 2.748156505760e-01 2.759281337714e-01 2.770244682369e-01 2.781035001998e-01
 2.791639617633e-01 2.802044810291e-01 2.812235926763e-01 2.822197489423e-01
 2.831913309509e-01 2.841366603288e-01 2.850540110517e-01 2.859416214621e-01
 2.867977063981e-01 2.876204693725e-01 2.884081147439e-01 2.891588598190e-01
 2.898709468264e-01 2.905426547067e-01 2.911723106581e-01 2.917583013852e-01
 2.922990839953e-01 2.927931964913e-01 2.932392678109e-01 2.936360273645e-01
 2.939823140288e-01 2.942770845511e-01 2.945194213283e-01 2.947085395236e-01
 2.948437934873e-01 2.949246824551e-01 2.949508554962e-01 2.949221156907e-01
 2.948384235178e-01 2.946998994409e-01 2.945068256796e-01 2.942596471609e-01
 2.939589716497e-01 2.936055690576e-01 2.932003699374e-01 2.927444631719e-01
 2.922390928700e-01 2.916856544876e-01 2.910856901943e-01 2.904408835086e-01
 2.897530532308e-01 2.890241467040e-01 2.882562324368e-01 2.874514921255e-01
 2.866122121141e-01 2.857407743369e-01 2.848396467856e-01 2.839113735498e-01
 2.829585644786e-01 2.819838845145e-01 2.809900427504e-01 2.799797812639e-01
 2.789558637822e-01 2.779210642326e-01 2.768781552332e-01 2.758298965794e-01
 2.747790237818e-01 2.737282367087e-01 2.726801883888e-01 2.716374740267e-01
 2.706026202831e-01 2.695780748704e-01 2.685661965133e-01 2.675692453203e-01
 2.665893736130e-01 2.656286172544e-01 2.646888875175e-01 2.637719635315e-01
 2.628794853407e-01 2.620129476072e-01 2.611736939883e-01 2.603629122102e-01
 2.595816298646e-01 2.588307109431e-01 2.581108531266e-01 2.574225858400e-01
 2.567662690810e-01 2.561420930258e-01 2.555500784135e-01 2.549900777043e-01
 2.544617770058e-01 2.539646987566e-01 2.534982051522e-01 2.530615022960e-01
 2.526536450551e-01 2.522735425949e-01 2.519199645668e-01 2.515915479163e-01
 2.512868042805e-01 2.510041279368e-01 2.507418042652e-01 2.504980186828e-01
 2.502708660075e-01 2.500583602054e-01 2.498584444761e-01 2.496690016260e-01
 2.494878646814e-01 2.493128276903e-01 2.491416566615e-01 2.489721005894e-01
 2.488019025119e-01 2.486288105498e-01 2.484505888752e-01 2.482650285574e-01
 2.480699582364e-01 2.478632545729e-01 2.476428524267e-01 2.474067547169e-01
 2.471530419166e-01 2.468798811404e-01 2.465855347812e-01 2.462683686582e-01
 2.459268596375e-01 2.455596026926e-01 2.451653173719e-01 2.447428536445e-01
 2.442911970991e-01 2.438094734728e-01 2.432969524903e-01 2.427530509986e-01
 2.421773353826e-01 2.415695232542e-01 2.409294844082e-01 2.402572410425e-01
 2.395529672455e-01 2.388169877527e-01 2.380497759842e-01 2.372519513712e-01
 2.364242759893e-01 2.355676505154e-01 2.346831095297e-01 2.337718161881e-01
 2.328350562916e-01 2.318742317837e-01 2.308908537073e-01 2.298865346590e-01
 2.288629807757e-01 2.278219832949e-01 2.267654097311e-01 2.256951947095e-01
 2.246133305044e-01 2.235218573274e-01 2.224228534126e-01 2.213184249484e-01
 2.202106959025e-01 2.191017977917e-01 2.179938594445e-01 2.168889968057e-01
 2.157893028327e-01 2.146968375316e-01 2.136136181799e-01 2.125416097838e-01
 2.114827158143e-01 2.104387692663e-01 2.094115240828e-01 2.084026469854e-01
 2.074137097476e-01 2.064461819488e-01 2.055014242418e-01 2.045806821648e-01
 2.036850805268e-01 2.028156183916e-01 2.019731646834e-01 2.011584544330e-01
 2.003720856823e-01 1.996145170590e-01 1.988860660320e-01 1.981869078546e-01
 1.975170751991e-01 1.968764584813e-01 1.962648068733e-01 1.956817299977e-01
 1.951267002927e-01 1.945990560351e-01 1.940980050063e-01 1.936226287798e-01
 1.931718876104e-01 1.927446258982e-01 1.923395782005e-01 1.919553757610e-01
 1.915905535236e-01 1.912435575959e-01 1.909127531245e-01 1.905964325442e-01
 1.902928241592e-01 1.900001010154e-01 1.897163900183e-01 1.894397812534e-01
 1.891683374630e-01 1.889001036334e-01 1.886331166446e-01 1.883654149379e-01
 1.880950481523e-01 1.878200866846e-01 1.875386311260e-01 1.872488215308e-01
 1.869488464715e-01 1.866369518384e-01 1.863114493392e-01 1.859707246610e-01
 1.856132452537e-01 1.852375676979e-01 1.848423446246e-01 1.844263311509e-01
 1.839883908041e-01 1.835275009054e-01 1.830427573878e-01 1.825333790275e-01
 1.819987110673e-01 1.814382282178e-01 1.808515370216e-01 1.802383775709e-01
 1.795986245712e-01 1.789322877478e-01 1.782395115933e-01 1.775205744603e-01
 1.767758870029e-01 1.760059899778e-01 1.752115514155e-01 1.743933631774e-01
 1.735523369164e-01 1.726894994614e-01 1.718059876503e-01 1.709030426363e-01
 1.699820036967e-01 1.690443015766e-01 1.680914513975e-01 1.671250451700e-01
 1.661467439445e-01 1.651582696407e-01 1.641613965953e-01 1.631579428701e-01
 1.621497613628e-01 1.611387307643e-01 1.601267464071e-01 1.591157110485e-01
 1.581075256357e-01 1.571040800946e-01 1.561072441911e-01 1.551188585054e-01
 1.541407255662e-01 1.531746011853e-01 1.522221860370e-01 1.512851175203e-01
 1.503649619453e-01 1.494632070800e-01 1.485812550938e-01 1.477204159319e-01
 1.468819011511e-01 1.460668182475e-01 1.452761655024e-01 1.445108273706e-01
 1.437715704336e-01 1.430590399356e-01 1.423737569189e-01 1.417161159717e-01
 1.410863835982e-01 1.404846972181e-01 1.399110648000e-01 1.393653651284e-01
 1.388473487034e-01 1.383566392664e-01 1.378927359450e-01 1.374550160045e-01
 1.370427381917e-01 1.366550466554e-01 1.362909754208e-01 1.359494533984e-01
 1.356293098994e-01 1.353292806316e-01 1.350480141448e-01 1.347840786946e-01
 1.345359694891e-01 1.343021162836e-01 1.340808912853e-01 1.338706173282e-01
 1.336695762791e-01 1.334760176317e-01 1.332881672474e-01 1.331042361997e-01
 1.329224296778e-01 1.327409559069e-01 1.325580350395e-01 1.323719079770e-01
 1.321808450743e-01 1.319831546890e-01 1.317771915300e-01 1.315613647658e-01
 1.313341458544e-01 1.310940760530e-01 1.308397735746e-01 1.305699403543e-01
 1.302833683927e-01 1.299789456457e-01 1.296556614332e-01 1.293126113377e-01
 1.289490015720e-01 1.285641527927e-01 1.281575033428e-01 1.277286119061e-01
 1.272771595622e-01 1.268029512316e-01 1.263059165035e-01 1.257861098450e-01
 1.252437101875e-01 1.246790198956e-01 1.240924631227e-01 1.234845835616e-01
 1.228560416016e-01 1.222076109070e-01 1.215401744335e-01 1.208547199018e-01
 1.201523347532e-01 1.194342006090e-01 1.187015872647e-01 1.179558462464e-01
 1.171984039617e-01 1.164307544809e-01 1.156544519816e-01 1.148711028963e-01
 1.140823578008e-01 1.132899030846e-01 1.124954524426e-01 1.117007382333e-01
 1.109075027434e-01 1.101174894044e-01 1.093324340030e-01 1.085540559302e-01
 1.077840495123e-01 1.070240754664e-01 1.062757525232e-01 1.055406492591e-01
 1.048202761780e-01 1.041160780818e-01 1.034294267690e-01 1.027616140967e-01
 1.021138454413e-01 1.014872335905e-01 1.008827930978e-01 1.003014351273e-01
 9.974396281558e-02 9.921106717389e-02 9.870332355127e-02 9.822118867766e-02
 9.776499830166e-02 9.733496543569e-02 9.693117921803e-02 9.655360439819e-02
 9.620208144897e-02 9.587632730572e-02 9.557593672976e-02 9.530038429048e-02
 9.504902695686e-02 9.482110728685e-02 9.461575719955e-02 9.443200231244e-02
 9.426876682320e-02 9.412487891275e-02 9.399907664360e-02 9.389001432525e-02
 9.379626931566e-02 9.371634922615e-02 9.364869949443e-02 9.359171128905e-02
 9.354372970657e-02 9.350306222136e-02 9.346798734647e-02 9.343676346302e-02
 9.340763777441e-02 9.337885534128e-02 9.334866815211e-02 9.331534418451e-02
 9.327717641201e-02 9.323249171109e-02 9.317965962388e-02 9.311710093228e-02
 9.304329600008e-02 9.295679284073e-02 9.285621486945e-02 9.274026829998e-02
 9.260774914758e-02 9.245754980195e-02 9.228866513551e-02 9.210019811466e-02
 9.189136488396e-02 9.166149929551e-02 9.141005685856e-02 9.113661808690e-02
 9.084089122448e-02 9.052271433265e-02 9.018205672546e-02 8.981901974227e-02
 8.943383685051e-02 8.902687307429e-02 8.859862374770e-02 8.814971259535e-02
 8.768088914529e-02 8.719302548320e-02 8.668711235964e-02 8.616425466538e-02
 8.562566629281e-02 8.507266440468e-02 8.450666313401e-02 8.392916674210e-02
 8.334176226399e-02 8.274611167373e-02 8.214394360360e-02 8.153704465435e-02
 8.092725033517e-02 8.031643567428e-02 7.970650554266e-02 7.909938473509e-02
 7.849700785391e-02 7.790130904222e-02 7.731421161401e-02 7.673761762954e-02
 7.617339746485e-02 7.562337942429e-02 7.508933944534e-02 7.457299094468e-02
 7.407597485396e-02 7.359984989320e-02 7.314608312906e-02 7.271604086376e-02
 7.231097989954e-02 7.193203922182e-02 7.158023214271e-02 7.125643894434e-02
 7.096140005983e-02 7.069570982697e-02 7.045981084780e-02 7.025398898418e-02
 7.007836901708e-02 6.993291099428e-02 6.981740728829e-02 6.973148038314e-02
 6.967458140552e-02 6.964598941250e-02 6.964481144478e-02 6.966998335092e-02
 6.972027138470e-02 6.979427457430e-02 6.989042785843e-02 7.000700598137e-02
 7.014212813509e-02 7.029376333365e-02 7.045973650129e-02 7.063773525273e-02
 7.082531734051e-02 7.101991874117e-02 7.121886234844e-02 7.141936723842e-02
 7.161855846720e-02 7.181347735775e-02 7.200109222654e-02 7.217830949413e-02
 7.234198511403e-02 7.248893624166e-02 7.261595304706e-02 7.271981055020e-02
 7.279728032305e-02 7.284514185510e-02 7.286019331549e-02 7.283926136074e-02
 7.277920953000e-02 7.267694463561e-02 7.252942039703e-02 7.233363738276e-02
 7.208663812803e-02 7.178549610251e-02 7.142729704006e-02 7.100911105317e-02
 7.052795399202e-02 6.998073674320e-02 6.936420167515e-02 6.867484631465e-02
 6.790883566126e-02 6.706190637650e-02 6.612926844368e-02 6.510551273936e-02
 6.398453615986e-02 6.275949926571e-02 6.142283448099e-02 5.996632522631e-02
 5.838127738337e-02 5.665880353626e-02 5.479023687292e-02 5.276768493557e-02
 5.058472328355e-02 4.823721563315e-02 4.572423068547e-02 4.304900770509e-02
 4.021990458536e-02 3.725124574087e-02 3.416397514849e-02 3.098601474618e-02
 2.775223247398e-02 2.450393916223e-02 2.128785989722e-02 1.815456277727e-02
 1.515637397934e-02 1.234485917095e-02 9.768002643253e-03 7.467261409271e-03
 5.474706018829e-03 3.810477672640e-03 2.480788402441e-03 1.476665685639e-03
 7.735954508873e-04 3.321512503750e-04 9.961815487196e-05 1.253532909215e-05
 0.000000000000e+00
                Type                   L                   N
                   0                   1                   1
 0.000000000000e+00 6.838211969555e-03 1.367970074216e-02 2.052771965826e-02
 2.738547524021e-02 3.425610405080e-02 4.114264987136e-02 4.804804130395e-02
 5.497506989987e-02 6.192636891485e-02 6.890439278796e-02 7.591139743845e-02
 8.294942147087e-02 9.002026837494e-02 9.712548980190e-02 1.042663699947e-01
 1.114439114438e-01 1.186588218352e-01 1.259115023515e-01 1.332020373807e-01
 1.405301856808e-01 1.478953730433e-01 1.552966864890e-01 1.627328700267e-01
 1.702023219946e-01 1.777030940003e-01 1.852328914650e-01 1.927890757743e-01
 2.003686680268e-01 2.079683543676e-01 2.155844928852e-01 2.232131220442e-01
 2.308499706183e-01 2.384904690834e-01 2.461297624216e-01 2.537627242828e-01
 2.613839724430e-01 2.689878854950e-01 2.765686206983e-01 2.841201329127e-01
 2.916361945348e-01 2.991104163511e-01 3.065362692186e-01 3.139071064797e-01
 3.212161870139e-01 3.284566988297e-01 3.356217830916e-01 3.427045584827e-01
 3.496981457946e-01 3.565956926413e-01 3.633903981900e-01 3.700755378024e-01
 3.766444874814e-01 3.830907480172e-01 3.894079687309e-01 3.955899707133e-01
 4.016307694592e-01 4.075245968014e-01 4.132659220509e-01 4.188494722528e-01
 4.242702514738e-01 4.295235590374e-01 4.346050066321e-01 4.395105342197e-01
 4.442364246775e-01 4.487793171139e-01 4.531362188018e-01 4.573045156813e-01
 4.612819813897e-01 4.650667847815e-01 4.686574959096e-01 4.720530904463e-01
 4.752529525250e-01 4.782568759978e-01 4.810650641030e-01 4.836781275502e-01
 4.860970810334e-01 4.883233381909e-01 4.903587050367e-01 4.922053718964e-01
 4.938659038849e-01 4.953432299696e-01 4.966406306712e-01 4.977617244574e-01
 4.987104528908e-01 4.994910645980e-01 5.001080981332e-01 5.005663638100e-01
 5.008709245842e-01 5.010270760710e-01 5.010403257847e-01 5.009163716911e-01
 5.006610801680e-01 5.002804634671e-01 4.997806567766e-01 4.991678949827e-01
 4.984484892296e-01 4.976288033787e-01 4.967152304663e-01 4.957141692608e-01
 4.946320010168e-01 4.934750665245e-01 4.922496435497e-01 4.909619247583e-01
 4.896179962158e-01 4.882238165498e-01 4.867851968602e-01 4.853077814576e-01
 4.837970295075e-01 4.822581976507e-01 4.806963236701e-01 4.791162112635e-01
 4.775224159826e-01 4.759192323875e-01 4.743106824645e-01 4.727005053467e-01
 4.710921483713e-01 4.694887595020e-01 4.678931811385e-01 4.663079453275e-01
 4.647352703850e-01 4.631770589322e-01 4.616348973418e-01 4.601100565831e-01
 4.586034944517e-01 4.571158591596e-01 4.556474942585e-01 4.541984448609e-01
 4.527684651202e-01 4.513570269233e-01 4.499633297460e-01 4.485863116156e-01
 4.472246611196e-01 4.458768303972e-01 4.445410490442e-01 4.432153388591e-01
 4.418975293553e-01 4.405852739595e-01 4.392760668167e-01 4.379672601174e-01
 4.366560818608e-01 4.353396539700e-01 4.340150106687e-01 4.326791170321e-01
 4.313288876248e-01 4.299612051350e-01 4.285729389199e-01 4.271609633741e-01
 4.257221760363e-01 4.242535153517e-01 4.227519780086e-01 4.212146357701e-01
 4.196386517270e-01 4.180212958979e-01 4.163599601096e-01 4.146521720918e-01
 4.128956087256e-01 4.110881083913e-01 4.092276823617e-01 4.073125251966e-01
 4.053410240958e-01 4.033117671752e-01 4.012235506343e-01 3.990753847918e-01
 3.968664989676e-01 3.945963451990e-01 3.922646007816e-01 3.898711696340e-01
 3.874161824879e-01 3.848999959142e-01 3.823231901981e-01 3.796865660840e-01
 3.769911404161e-01 3.742381407042e-01 3.714289986506e-01 3.685653426793e-01
 3.656489895120e-01 3.626819348402e-01 3.596663431475e-01 3.566045367395e-01
 3.534989840415e-01 3.503522872300e-01 3.471671692628e-01 3.439464603794e-01
 3.406930841424e-01 3.374100430945e-01 3.341004041057e-01 3.307672834876e-01
 3.274138319517e-01 3.240432194886e-01 3.206586202473e-01 3.172631974900e-01
 3.138600886987e-01 3.104523909105e-01 3.070431463531e-01 3.036353284541e-01
 3.002318282924e-01 2.968354415595e-01 2.934488560946e-01 2.900746400552e-01
 2.867152307791e-01 2.833729243948e-01 2.800498662262e-01 2.767480420413e-01
 2.734692701831e-01 2.702151946220e-01 2.669872789588e-01 2.637868014091e-01
 2.606148507870e-01 2.574723235085e-01 2.543599216245e-01 2.512781518902e-01
 2.482273258729e-01 2.452075610935e-01 2.422187831925e-01 2.392607291078e-01
 2.363329512422e-01 2.334348225992e-01 2.305655428559e-01 2.277241453414e-01
 2.249095048794e-01 2.221203464563e-01 2.193552546652e-01 2.166126838768e-01
 2.138909690836e-01 2.111883373591e-01 2.085029198731e-01 2.058327643988e-01
 2.031758482479e-01 2.005300915649e-01 1.978933709134e-01 1.952635330817e-01
 1.926384090388e-01 1.900158279659e-01 1.873936312942e-01 1.847696866738e-01
 1.821419018031e-01 1.795082380481e-01 1.768667237795e-01 1.742154673617e-01
 1.715526697240e-01 1.688766364518e-01 1.661857893341e-01 1.634786773077e-01
 1.607539867425e-01 1.580105510144e-01 1.552473593147e-01 1.524635646536e-01
 1.496584910114e-01 1.468316396043e-01 1.439826942288e-01 1.411115256565e-01
 1.382181950569e-01 1.353029564277e-01 1.323662580186e-01 1.294087427404e-01
 1.264312475548e-01 1.234348018448e-01 1.204206247741e-01 1.173901216437e-01
 1.143448792642e-01 1.112866603624e-01 1.082173970497e-01 1.051391833813e-01
 1.020542670414e-01 9.896504019362e-02 9.587402953991e-02 9.278388563446e-02
 8.969737150441e-02 8.661735063114e-02 8.354677434976e-02 8.048866872727e-02
 7.744612098250e-02 7.442226551306e-02 7.142026959683e-02 6.844331883697e-02
 6.549460242075e-02 6.257729826377e-02 5.969455811145e-02 5.684949267018e-02
 5.404515684054e-02 5.128453512428e-02 4.857052727643e-02 4.590593427261e-02
 4.329344466005e-02 4.073562135944e-02 3.823488898236e-02 3.579352172669e-02
 3.341363190995e-02 3.109715919713e-02 2.884586057680e-02 2.666130113533e-02
 2.454484567561e-02 2.249765122266e-02 2.052066045405e-02 1.861459608912e-02
 1.677995626621e-02 1.501701093233e-02 1.332579926532e-02 1.170612814323e-02
 1.015757167091e-02 8.679471768894e-03 7.270939824344e-03 5.930859399011e-03
 4.657889984133e-03 3.450471787136e-03 2.306831530178e-03 1.224989235757e-03
 2.027659699170e-04 -7.622074909588e-04 -1.672481108177e-03 -2.530775186189e-03
 -3.339969182092e-03 -4.103089769585e-03 -4.823298211327e-03 -5.503877096964e-03
 -6.148216507099e-03 -6.759799666219e-03 -7.342188150072e-03 -7.899006715074e-03
 -8.433927819194e-03 -8.950655905223e-03 -9.452911518512e-03 -9.944415332062e-03
 -1.042887215236e-02 -1.090995497944e-02 -1.139128919445e-02 -1.187643694752e-02
 -1.236888181765e-02 -1.287201381526e-02 -1.338911479647e-02 -1.392334435613e-02
 -1.447772626459e-02 -1.505513551055e-02 -1.565828600963e-02 -1.628971903521e-02
 -1.695179242454e-02 -1.764667060987e-02 -1.837631552022e-02 -1.914247839551e-02
 -1.994669255056e-02 -2.079026712189e-02 -2.167428182594e-02 -2.259958275243e-02
 -2.356677921184e-02 -2.457624165114e-02 -2.562810064695e-02 -2.672224698019e-02
 -2.785833279146e-02 -2.903577381120e-02 -3.025375265391e-02 -3.151122316059e-02
 -3.280691576879e-02 -3.413934388505e-02 -3.550681122967e-02 -3.690742011937e-02
 -3.833908064917e-02 -3.979952073056e-02 -4.128629693916e-02 -4.279680612137e-02
 -4.432829770601e-02 -4.587788666382e-02 -4.744256705473e-02 -4.901922609991e-02
 -5.060465871377e-02 -5.219558242848e-02 -5.378865264219e-02 -5.538047812055e-02
 -5.696763668012e-02 -5.854669098152e-02 -6.011420435965e-02 -6.166675661835e-02
 -6.320095971712e-02 -6.471347327805e-02 -6.620101984211e-02 -6.766039980523e-02
 -6.908850596614e-02 -7.048233761984e-02 -7.183901413286e-02 -7.315578793893e-02
 -7.443005689639e-02 -7.565937595193e-02 -7.684146805828e-02 -7.797423429739e-02
 -7.905576316399e-02 -8.008433896879e-02 -8.105844932450e-02 -8.197679168225e-02
 -8.283827889049e-02 -8.364204375306e-02 -8.438744256768e-02 -8.507405763111e-02
 -8.570169870186e-02 -8.627040341641e-02 -8.678043665948e-02 -8.723228889412e-02
 -8.762667346190e-02 -8.796452286850e-02 -8.824698407456e-02 -8.847541281622e-02
 -8.865136698444e-02 -8.877659909624e-02 -8.885304789544e-02 -8.888282912422e-02
 -8.886822551080e-02 -8.881167602196e-02 -8.871576443242e-02 -8.858320726644e-02
 -8.841684116929e-02 -8.821960976941e-02 -8.799455009375e-02 -8.774477860102e-02
 -8.747347689921e-02 -8.718387721489e-02 -8.687924768296e-02 -8.656287752609e-02
 -8.623806219343e-02 -8.590808852831e-02 -8.557622003410e-02 -8.524568230701e-02
 -8.491964870348e-02 -8.460122630846e-02 -8.429344226967e-02 -8.399923056043e-02
 -8.372141923202e-02 -8.346271821378e-02 -8.322570771631e-02 -8.301282729052e-02
 -8.282636559156e-02 -8.266845089360e-02 -8.254104239743e-02 -8.244592236927e-02
 -8.238468914480e-02 -8.235875102856e-02 -8.236932111433e-02 -8.241741304768e-02
 -8.250383774731e-02 -8.262920109745e-02 -8.279390261846e-02 -8.299813511854e-02
 -8.324188532456e-02 -8.352493548527e-02 -8.384686593580e-02 -8.420705860749e-02
 -8.460470146279e-02 -8.503879383060e-02 -8.550815261303e-02 -8.601141933060e-02
 -8.654706796889e-02 -8.711341358591e-02 -8.770862163592e-02 -8.833071796204e-02
 -8.897759940692e-02 -8.964704498799e-02 -9.033672758094e-02 -9.104422605306e-02
 -9.176703778588e-02 -9.250259152473e-02 -9.324826049163e-02 -9.400137569652e-02
 -9.475923938119e-02 -9.551913852972e-02 -9.627835837890e-02 -9.703419586259e-02
 -9.778397292393e-02 -9.852504963055e-02 -9.925483702852e-02 -9.997080967273e-02
 -1.006705177724e-01 -1.013515988931e-01 -1.020117891580e-01 -1.026489338946e-01
 -1.032609976755e-01 -1.038460737038e-01 -1.044023924997e-01 -1.049283298446e-01
 -1.054224139458e-01 -1.058833317873e-01 -1.063099346361e-01 -1.067012426783e-01
 -1.070564487629e-01 -1.073749212351e-01 -1.076562058480e-01 -1.079000267415e-01
 -1.081062864863e-01 -1.082750651928e-01 -1.084066186900e-01 -1.085013757840e-01
 -1.085599346099e-01 -1.085830580966e-01 -1.085716685656e-01 -1.085268414923e-01
 -1.084497984608e-01 -1.083418993450e-01 -1.082046337590e-01 -1.080396118141e-01
 -1.078485542323e-01 -1.076332818633e-01 -1.073957046561e-01 -1.071378101412e-01
 -1.068616514802e-01 -1.065693351396e-01 -1.062630082529e-01 -1.059448457312e-01
 -1.056170371861e-01 -1.052817737316e-01 -1.049412347275e-01 -1.045975745320e-01
 -1.042529093293e-01 -1.039093040961e-01 -1.035687597735e-01 -1.032332007080e-01
 -1.029044624235e-01 -1.025842797868e-01 -1.022742756260e-01 -1.019759498584e-01
 -1.016906691843e-01 -1.014196573985e-01 -1.011639863692e-01 -1.009245677320e-01
 -1.007021453406e-01 -1.004972885157e-01 -1.003103861278e-01 -1.001416415450e-01
 -9.999106847611e-02 -9.985848773160e-02 -9.974352492266e-02 -9.964560911413e-02
 -9.956397244188e-02 -9.949765070147e-02 -9.944548490972e-02 -9.940612383693e-02
 -9.937802750229e-02 -9.935947162093e-02 -9.934855298631e-02 -9.934319576713e-02
 -9.934115869354e-02 -9.934004310277e-02 -9.933730180956e-02 -9.933024876218e-02
 -9.931606943887e-02 -9.929183193397e-02 -9.925449867501e-02 -9.920093870284e-02
 -9.912794043418e-02 -9.903222480858e-02 -9.891045869851e-02 -9.875926842811e-02
 -9.857525320103e-02 -9.835499817649e-02 -9.809508685020e-02 -9.779211228936e-02
 -9.744268663359e-02 -9.704344810405e-02 -9.659106456048e-02 -9.608223241650e-02
 -9.551366947797e-02 -9.488210003173e-02 -9.418423031709e-02 -9.341671241324e-02
 -9.257609464146e-02 -9.165875689885e-02 -9.066083001130e-02 -8.957809932475e-02
 -8.840589444418e-02 -8.713896935334e-02 -8.577138012545e-02 -8.429637100774e-02
 -8.270628366183e-02 -8.099250846037e-02 -7.914550052004e-02 -7.715488598012e-02
 -7.500968517702e-02 -7.269867801300e-02 -7.021093218726e-02 -6.753650641019e-02
 -6.466732790865e-02 -6.159822654531e-02 -5.832808739119e-02 -5.486106095310e-02
 -5.120774749693e-02 -4.738625166296e-02 -4.342298888270e-02 -3.935311911365e-02
 -3.522048891968e-02 -3.107698196556e-02 -2.698121133570e-02 -2.299653387876e-02
 -1.918842431924e-02 -1.562131063238e-02 -1.235503605771e-02 -9.441170037182e-03
 -6.919433002107e-03 -4.814521716878e-03 -3.133617925586e-03 -1.864830977475e-03
 -9.767656830736e-04 -4.193239455244e-04 -1.257498692348e-04 -1.582260490561e-05
 0.000000000000e+00
                Type                   L                   N
                   0                   2                   0
 0.000000000000e+00 -1.022506458688e-04 -4.086924305687e-04 -9.183959555515e-04
 -1.629815743722e-03 -2.540795523837e-03 -3.648575583251e-03 -4.949802184006e-03
 -6.440538998395e-03 -8.116280524018e-03 -9.971967428018e-03 -1.200200376506e-02
 -1.420027600506e-02 -1.656017380104e-02 -1.907461242072e-02 -2.173605675969e-02
 -2.453654684788e-02 -2.746772475620e-02 -3.052086280446e-02 -3.368689296807e-02
 -3.695643737556e-02 -4.031983978604e-02 -4.376719793200e-02 -4.728839660967e-02
 -5.087314139707e-02 -5.451099287740e-02 -5.819140124411e-02 -6.190374116285e-02
 -6.563734676452e-02 -6.938154664406e-02 -7.312569873942e-02 -7.685922496612e-02
 -8.057164548420e-02 -8.425261247582e-02 -8.789194331423e-02 -9.147965300719e-02
 -9.500598580127e-02 -9.846144583663e-02 -1.018368267461e-01 -1.051232400966e-01
 -1.083121425751e-01 -1.113953618273e-01 -1.143651208623e-01 -1.172140609404e-01
 -1.199352628710e-01 -1.225222666494e-01 -1.249690893715e-01 -1.272702413692e-01
 -1.294207405182e-01 -1.314161246756e-01 -1.332524622136e-01 -1.349263606199e-01
 -1.364349731459e-01 -1.377760034901e-01 -1.389477085100e-01 -1.399488989650e-01
 -1.407789383012e-01 -1.414377394917e-01 -1.419257599592e-01 -1.422439946099e-01
 -1.423939670178e-01 -1.423777188029e-01 -1.421977972550e-01 -1.418572412614e-01
 -1.413595655995e-01 -1.407087436669e-01 -1.399091887209e-01 -1.389657337090e-01
 -1.378836097748e-01 -1.366684235282e-01 -1.353261331737e-01 -1.338630235941e-01
 -1.322856804888e-01 -1.306009636721e-01 -1.288159796356e-01 -1.269380534832e-01
 -1.249747003492e-01 -1.229335964086e-01 -1.208225495933e-01 -1.186494701240e-01
 -1.164223409718e-01 -1.141491883589e-01 -1.118380524107e-01 -1.094969580664e-01
 -1.071338863569e-01 -1.047567461545e-01 -1.023733464963e-01 -9.999136958128e-02
 -9.761834453778e-02 -9.526162205218e-02 -9.292834994873e-02 -9.062544980378e-02
 -8.835959467384e-02 -8.613718801211e-02 -8.396434384265e-02 -8.184686825596e-02
 -7.979024228426e-02 -7.779960620885e-02 -7.587974534586e-02 -7.403507735073e-02
 -7.226964107550e-02 -7.058708700644e-02 -6.899066930356e-02 -6.748323945668e-02
 -6.606724156667e-02 -6.474470925387e-02 -6.351726418926e-02 -6.238611623784e-02
 -6.135206519729e-02 -6.041550410895e-02 -5.957642411212e-02 -5.883442080709e-02
 -5.818870208626e-02 -5.763809738787e-02 -5.718106832109e-02 -5.681572060675e-02
 -5.653981727299e-02 -5.635079304078e-02 -5.624576983037e-02 -5.622157331553e-02
 -5.627475044933e-02 -5.640158788181e-02 -5.659813118731e-02 -5.686020481655e-02
 -5.718343268661e-02 -5.756325932033e-02 -5.799497144489e-02 -5.847371995896e-02
 -5.899454217658e-02 -5.955238425619e-02 -6.014212372304e-02 -6.075859199380e-02
 -6.139659681321e-02 -6.205094451353e-02 -6.271646200940e-02 -6.338801844239e-02
 -6.406054639200e-02 -6.472906257206e-02 -6.538868793479e-02 -6.603466710745e-02
 -6.666238709026e-02 -6.726739514785e-02 -6.784541583025e-02 -6.839236706376e-02
 -6.890437525638e-02 -6.937778936680e-02 -6.980919389079e-02 -7.019542072373e-02
 -7.053355986274e-02 -7.082096891707e-02 -7.105528140067e-02 -7.123441378565e-02
 -7.135657130111e-02 -7.142025246656e-02 -7.142425235467e-02 -7.136766458331e-02
 -7.124988204184e-02 -7.107059636182e-02 -7.082979614727e-02 -7.052776398453e-02
 -7.016507225651e-02 -6.974257779077e-02 -6.926141537524e-02 -6.872299017981e-02
 -6.812896912594e-02 -6.748127125047e-02 -6.678205711322e-02 -6.603371730168e-02
 -6.523886008894e-02 -6.440029830413e-02 -6.352103547715e-02 -6.260425132177e-02
 -6.165328662342e-02 -6.067162759959e-02 -5.966288980230e-02 -5.863080163324e-02
 -5.757918754318e-02 -5.651195098761e-02 -5.543305721105e-02 -5.434651593240e-02
 -5.325636400318e-02 -5.216664811033e-02 -5.108140759375e-02 -5.000465744829e-02
 -4.894037157774e-02 -4.789246636720e-02 -4.686478463803e-02 -4.586108004731e-02
 -4.488500199143e-02 -4.394008107077e-02 -4.302971516944e-02 -4.215715620114e-02
 -4.132549756892e-02 -4.053766238314e-02 -3.979639247858e-02 -3.910423826778e-02
 -3.846354946402e-02 -3.787646670341e-02 -3.734491409174e-02 -3.687059269740e-02
 -3.645497500806e-02 -3.609930036414e-02 -3.580457137868e-02 -3.557155134835e-02
 -3.540076265685e-02 -3.529248616774e-02 -3.524676159946e-02 -3.526338887189e-02
 -3.534193040948e-02 -3.548171438262e-02 -3.568183886508e-02 -3.594117688191e-02
 -3.625838231892e-02 -3.663189666159e-02 -3.705995652822e-02 -3.754060195940e-02
 -3.807168542310e-02 -3.865088149215e-02 -3.927569714896e-02 -3.994348266965e-02
 -4.065144303874e-02 -4.139664984307e-02 -4.217605359294e-02 -4.298649641686e-02
 -4.382472507552e-02 -4.468740423991e-02 -4.557112997796e-02 -4.647244339396e-02
 -4.738784436485e-02 -4.831380531782e-02 -4.924678499401e-02 -5.018324214395e-02
 -5.111964910085e-02 -5.205250517942e-02 -5.297834984888e-02 -5.389377563032e-02
 -5.479544067035e-02 -5.568008094468e-02 -5.654452204743e-02 -5.738569052397e-02
 -5.820062470743e-02 -5.898648502160e-02 -5.974056371531e-02 -6.046029399616e-02
 -6.114325853414e-02 -6.178719730879e-02 -6.239001477602e-02 -6.294978633423e-02
 -6.346476407197e-02 -6.393338178271e-02 -6.435425923526e-02 -6.472620569145e-02
 -6.504822266596e-02 -6.531950592604e-02 -6.553944673198e-02 -6.570763232231e-02
 -6.582384565047e-02 -6.588806438270e-02 -6.590045916974e-02 -6.586139120748e-02
 -6.577140910455e-02 -6.563124507713e-02 -6.544181049396e-02 -6.520419079648e-02
 -6.491963982144e-02 -6.458957355520e-02 -6.421556335093e-02 -6.379932864146e-02
 -6.334272918229e-02 -6.284775686063e-02 -6.231652710739e-02 -6.175126995053e-02
 -6.115432074862e-02 -6.052811064460e-02 -5.987515678007e-02 -5.919805231091e-02
 -5.849945626534e-02 -5.778208328549e-02 -5.704869329348e-02 -5.630208112280e-02
 -5.554506615547e-02 -5.478048200441e-02 -5.401116628054e-02 -5.323995048232e-02
 -5.246965004530e-02 -5.170305458747e-02 -5.094291838527e-02 -5.019195111357e-02
 -4.945280888158e-02 -4.872808559489e-02 -4.802030467217e-02 -4.733191114333e-02
 -4.666526415407e-02 -4.602262989958e-02 -4.540617500855e-02 -4.481796039622e-02
 -4.425993560317e-02 -4.373393363462e-02 -4.324166631260e-02 -4.278472015120e-02
 -4.236455276305e-02 -4.198248980285e-02 -4.163972245169e-02 -4.133730544360e-02
 -4.107615563374e-02 -4.085705110560e-02 -4.068063081227e-02 -4.054739474516e-02
 -4.045770462120e-02 -4.041178507822e-02 -4.040972536566e-02 -4.045148151676e-02
 -4.053687898618e-02 -4.066561573576e-02 -4.083726574934e-02 -4.105128295666e-02
 -4.130700554445e-02 -4.160366063233e-02 -4.194036928940e-02 -4.231615186706e-02
 -4.272993362232e-02 -4.318055060527e-02 -4.366675578392e-02 -4.418722537885e-02
 -4.474056537986e-02 -4.532531821668e-02 -4.593996955532e-02 -4.658295519189e-02
 -4.725266801567e-02 -4.794746501336e-02 -4.866567428679e-02 -4.940560205672e-02
 -5.016553962581e-02 -5.094377027459e-02 -5.173857606462e-02 -5.254824452419e-02
 -5.337107519241e-02 -5.420538599869e-02 -5.504951945545e-02 -5.590184864319e-02
 -5.676078296793e-02 -5.762477367234e-02 -5.849231908321e-02 -5.936196957905e-02
 -6.023233226301e-02 -6.110207532765e-02 -6.196993209960e-02 -6.283470475337e-02
 -6.369526768515e-02 -6.455057053886e-02 -6.539964087820e-02 -6.624158649969e-02
 -6.707559738355e-02 -6.790094728025e-02 -6.871699493231e-02 -6.952318493215e-02
 -7.031904821826e-02 -7.110420221332e-02 -7.187835060902e-02 -7.264128280384e-02
 -7.339287300113e-02 -7.413307897608e-02 -7.486194052114e-02 -7.557957758081e-02
 -7.628618808737e-02 -7.698204551042e-02 -7.766749613368e-02 -7.834295607360e-02
 -7.900890805487e-02 -7.966589795870e-02 -8.031453116045e-02 -8.095546867344e-02
 -8.158942311671e-02 -8.221715452441e-02 -8.283946601516e-02 -8.345719933994e-02
 -8.407123032707e-02 -8.468246424319e-02 -8.529183108903e-02 -8.590028084887e-02
 -8.650877871235e-02 -8.711830028726e-02 -8.772982682165e-02 -8.834434045335e-02
 -8.896281950461e-02 -8.958623383921e-02 -9.021554029889e-02 -9.085167823539e-02
 -9.149556515404e-02 -9.214809248390e-02 -9.281012148911e-02 -9.348247933513e-02
 -9.416595532314e-02 -9.486129730465e-02 -9.556920828815e-02 -9.629034324812e-02
 -9.702530614651e-02 -9.777464717542e-02 -9.853886022911e-02 -9.931838061241e-02
 -1.001135829917e-01 -1.009247795940e-01 -1.017522186573e-01 -1.025960831380e-01
 -1.034564896744e-01 -1.043334878111e-01 -1.052270594823e-01 -1.061371187552e-01
 -1.070635118314e-01 -1.080060173044e-01 -1.089643466696e-01 -1.099381450844e-01
 -1.109269923713e-01 -1.119304042602e-01 -1.129478338636e-01 -1.139786733755e-01
 -1.150222559893e-01 -1.160778580235e-01 -1.171447012473e-01 -1.182219553959e-01
 -1.193087408659e-01 -1.204041315789e-01 -1.215071580016e-01 -1.226168103131e-01
 -1.237320417029e-01 -1.248517717914e-01 -1.259748901567e-01 -1.271002599561e-01
 -1.282267216280e-01 -1.293530966614e-01 -1.304781914182e-01 -1.316008009952e-01
 -1.327197131111e-01 -1.338337120053e-01 -1.349415823342e-01 -1.360421130504e-01
 -1.371341012530e-01 -1.382163559926e-01 -1.392877020207e-01 -1.403469834678e-01
 -1.413930674392e-01 -1.424248475142e-01 -1.434412471389e-01 -1.444412228983e-01
 -1.454237676583e-01 -1.463879135657e-01 -1.473327348965e-01 -1.482573507423e-01
 -1.491609275250e-01 -1.500426813329e-01 -1.509018800685e-01 -1.517378454004e-01
 -1.525499545145e-01 -1.533376416563e-01 -1.541003994601e-01 -1.548377800602e-01
 -1.555493959795e-01 -1.562349207941e-01 -1.568940895686e-01 -1.575266990634e-01
 -1.581326077110e-01 -1.587117353620e-01 -1.592640628006e-01 -1.597896310329e-01
 -1.602885403470e-01 -1.607609491506e-01 -1.612070725888e-01 -1.616271809448e-01
 -1.620215978319e-01 -1.623906981792e-01 -1.627349060196e-01 -1.630546920864e-01
 -1.633505712267e-01 -1.636230996395e-01 -1.638728719481e-01 -1.641005181160e-01
 -1.643067002168e-01 -1.644921090685e-01 -1.646574607438e-01 -1.648034929669e-01
 -1.649309614114e-01 -1.650406359082e-01 -1.651332965794e-01 -1.652097299100e-01
 -1.652707247699e-01 -1.653170684017e-01 -1.653495423871e-01 -1.653689186053e-01
 -1.653759551989e-01 -1.653713925603e-01 -1.653559493529e-01 -1.653303185822e-01
 -1.652951637292e-01 -1.652511149612e-01 -1.651987654339e-01 -1.651386676972e-01
 -1.650713302195e-01 -1.649972140418e-01 -1.649167295761e-01 -1.648302335587e-01
 -1.647380261717e-01 -1.646403483426e-01 -1.645373792346e-01 -1.644292339360e-01
 -1.643159613603e-01 -1.641975423646e-01 -1.640738880964e-01 -1.639448385741e-01
 -1.638101615118e-01 -1.636695513909e-01 -1.635226287877e-01 -1.633689399583e-01
 -1.632079566883e-01 -1.630390764073e-01 -1.628616225723e-01 -1.626748453215e-01
 -1.624779223978e-01 -1.622699603431e-01 -1.620499959608e-01 -1.618169980462e-01
 -1.615698693797e-01 -1.613074489810e-01 -1.610285146179e-01 -1.607317855649e-01
 -1.604159256057e-01 -1.600795462706e-01 -1.597212103024e-01 -1.593394353412e-01
 -1.589326978177e-01 -1.584994370459e-01 -1.580380595028e-01 -1.575469432841e-01
 -1.570244427222e-01 -1.564688931545e-01 -1.558786158265e-01 -1.552519229170e-01
 -1.545871226672e-01 -1.538825246001e-01 -1.531364448094e-01 -1.523472113012e-01
 -1.515131693631e-01 -1.506326869378e-01 -1.497041599660e-01 -1.487260176602e-01
 -1.476967276531e-01 -1.466148009490e-01 -1.454787965762e-01 -1.442873257987e-01
 -1.430390556921e-01 -1.417327118129e-01 -1.403670795881e-01 -1.389410039275e-01
 -1.374533863931e-01 -1.359031790676e-01 -1.342893740291e-01 -1.326109870910e-01
 -1.308670342012e-01 -1.290564986654e-01 -1.271782871872e-01 -1.252311726912e-01
 -1.232137220693e-01 -1.211242074836e-01 -1.189605007693e-01 -1.167199519152e-01
 -1.143992546592e-01 -1.119943049703e-01 -1.095000615862e-01 -1.069104217418e-01
 -1.042181295158e-01 -1.014147384793e-01 -9.849065400179e-02 -9.543528299341e-02
 -9.223731922506e-02 -8.888518985899e-02 -8.536768265832e-02 -8.167476295948e-02
 -7.779857465815e-02 -7.373460044671e-02 -6.948293424310e-02 -6.504959475181e-02
 -6.044778567006e-02 -5.569898803330e-02 -5.083375676176e-02 -4.589208979240e-02
 -4.092324698749e-02 -3.598491912386e-02 -3.114168514262e-02 -2.646274723195e-02
 -2.201899508829e-02 -1.787951789743e-02 -1.410774874311e-02 -1.075748393903e-02
 -7.869061769640e-03 -5.466004765323e-03 -3.552422211203e-03 -2.111433022392e-03
 -1.104804532622e-03 -4.739146065425e-04 -1.420403351508e-04 -1.786628721873e-05
 0.000000000000e+00