---------------------------------------------------------------------------
Element                     Si
Energy Cutoff(Ry)           100
Radius Cutoff(a.u.)         6
Lmax                        2
Number of Sorbital-->       2
Number of Porbital-->       2
Number of Dorbital-->       1
---------------------------------------------------------------------------
SUMMARY  END

Mesh                        601
dr                          0.01
                Type                   L                   N
                   0                   0                   0
-1.44009056350216e-01  -1.43996630621353e-01  -1.43959743828445e-01  -1.43899564045456e-01  
-1.43818027730243e-01  -1.43717824313110e-01  -1.43602374793446e-01  -1.43475804515361e-01  
-1.43342910339651e-01  -1.43209122473984e-01  -1.43080461265671e-01  -1.42963489301209e-01  
-1.42865259193901e-01  -1.42793257474676e-01  -1.42755345031748e-01  -1.42759694571471e-01  
-1.42814725595658e-01  -1.42929037409393e-01  -1.43111340687940e-01  -1.43370388141551e-01  
-1.43714904822779e-01  -1.44153518622213e-01  -1.44694691495449e-01  -1.45346651956519e-01  
-1.46117329361137e-01  -1.47014290486949e-01  -1.48044678897742e-01  -1.49215157554432e-01  
-1.50531855107786e-01  -1.52000316276549e-01  -1.53625456680140e-01  -1.55411522457743e-01  
-1.57362054965648e-01  -1.59479860802592e-01  -1.61766987368819e-01  -1.64224704119080e-01  
-1.66853489623239e-01  -1.69653024500840e-01  -1.72622190248399e-01  -1.75759073930714e-01  
-1.79060978660457e-01  -1.82524439744227e-01  -1.86145246328372e-01  -1.89918468334728e-01  
-1.93838488435144e-01  -1.97899038774859e-01  -2.02093242118499e-01  -2.06413657059200e-01  
-2.10852326901240e-01  -2.15400831799915e-01  -2.20050343719343e-01  -2.24791683749707e-01  
-2.29615381310138e-01  -2.34511734752289e-01  -2.39470872872528e-01  -2.44482816837794e-01  
-2.49537542031398e-01  -2.54625039330388e-01  -2.59735375335555e-01  -2.64858751088457e-01  
-2.69985558827013e-01  -2.75106436352007e-01  -2.80212318600985e-01  -2.85294486053490e-01  
-2.90344609621843e-01  -2.95354791714680e-01  -3.00317603195783e-01  -3.05226115998094e-01  
-3.10073931191847e-01  -3.14855202346166e-01  -3.19564654064827e-01  -3.24197595618929e-01  
-3.28749929641438e-01  -3.33218155890746e-01  -3.37599370132050e-01  -3.41891258226187e-01  
-3.46092085555248e-01  -3.50200681952430e-01  -3.54216422339906e-01  -3.58139203312681e-01  
-3.61969415938200e-01  -3.65707915070549e-01  -3.69355985504346e-01  -3.72915305316512e-01  
-3.76387906763942e-01  -3.79776135121553e-01  -3.83082605858029e-01  -3.86310160555883e-01  
-3.89461821988068e-01  -3.92540748765270e-01  -3.95550189966327e-01  -3.98493440158834e-01  
-4.01373795208146e-01  -4.04194509260673e-01  -4.06958753271793e-01  -4.09669575430022e-01  
-4.12329863807461e-01  -4.14942311542251e-01  -4.17509384832000e-01  -4.20033293988210e-01  
-4.22515967770844e-01  -4.24959031189721e-01  -4.27363786925595e-01  -4.29731200489011e-01  
-4.32061889199536e-01  -4.34356115032137e-01  -4.36613781341652e-01  -4.38834433440703e-01  
-4.41017262971498e-01  -4.43161115977921e-01  -4.45264504551520e-01  -4.47325621893714e-01  
-4.49342360607006e-01  -4.51312334000516e-01  -4.53232900169867e-01  -4.55101188588739e-01  
-4.56914128929191e-01  -4.58668481810590e-01  -4.60360871162535e-01  -4.61987817875823e-01  
-4.63545774407240e-01  -4.65031159998856e-01  -4.66440396170585e-01  -4.67769942145990e-01  
-4.69016329875663e-01  -4.70176198329920e-01  -4.71246326742850e-01  -4.72223666502997e-01  
-4.73105371401736e-01  -4.73888825968804e-01  -4.74571671645096e-01  -4.75151830565631e-01  
-4.75627526750197e-01  -4.75997304525508e-01  -4.76260044030287e-01  -4.76414973683468e-01  
-4.76461679525252e-01  -4.76400111370850e-01  -4.76230585747109e-01  -4.75953785612547e-01  
-4.75570756891346e-01  -4.75082901881283e-01  -4.74491969624168e-01  -4.73800043354835e-01  
-4.73009525170837e-01  -4.72123118089543e-01  -4.71143805682039e-01  -4.70074829493993e-01  
-4.68919664482184e-01  -4.67681992711639e-01  -4.66365675572090e-01  -4.64974724783701e-01  
-4.63513272470555e-01  -4.61985540586300e-01  -4.60395809979469e-01  -4.58748389386409e-01  
-4.57047584637457e-01  -4.55297668357018e-01  -4.53502850430633e-01  -4.51667249502077e-01  
-4.49794865751042e-01  -4.47889555187311e-01  -4.45955005680492e-01  -4.43994714925760e-01  
-4.42011970525575e-01  -4.40009832345512e-01  -4.37991117279080e-01  -4.35958386532208e-01  
-4.33913935512971e-01  -4.31859786386529e-01  -4.29797683329280e-01  -4.27729090490188e-01  
-4.25655192641423e-01  -4.23576898474984e-01  -4.21494846477229e-01  -4.19409413289311e-01  
-4.17320724438787e-01  -4.15228667306138e-01  -4.13132906170044e-01  -4.11032899156931e-01  
-4.08927916903922e-01  -4.06817062729851e-01  -4.04699294096685e-01  -4.02573445133572e-01  
-4.00438249987890e-01  -3.98292366762165e-01  -3.96134401792632e-01  -3.93962934024441e-01  
-3.91776539240149e-01  -3.89573813902140e-01  -3.87353398375804e-01  -3.85113999308804e-01  
-3.82854410952272e-01  -3.80573535222316e-01  -3.78270400314583e-01  -3.75944177700681e-01  
-3.73594197352851e-01  -3.71219961062195e-01  -3.68821153735832e-01  -3.66397652579359e-01  
-3.63949534092746e-01  -3.61477078830037e-01  -3.58980773895785e-01  -3.56461313173779e-01  
-3.53919595306102e-01  -3.51356719462677e-01  -3.48773978963000e-01  -3.46172852832544e-01  
-3.43554995396093e-01  -3.40922224028895e-01  -3.38276505203859e-01  -3.35619938988787e-01  
-3.32954742161829e-01  -3.30283230125788e-01  -3.27607797812404e-01  -3.24930899776381e-01  
-3.22255029685468e-01  -3.19582699417393e-01  -3.16916417976832e-01  -3.14258670445875e-01  
-3.11611897179600e-01  -3.08978473454476e-01  -3.06360689771387e-01  -3.03760733007214e-01  
-3.01180668599168e-01  -2.98622423934628e-01  -2.96087773106102e-01  -2.93578323176399e-01  
-2.91095502083137e-01  -2.88640548294664e-01  -2.86214502311379e-01  -2.83818200087561e-01  
-2.81452268429300e-01  -2.79117122404205e-01  -2.76812964778396e-01  -2.74539787476110e-01  
-2.72297375037236e-01  -2.70085310028440e-01  -2.67902980344455e-01  -2.65749588317762e-01  
-2.63624161537444e-01  -2.61525565261646e-01  -2.59452516292960e-01  -2.57403598172317e-01  
-2.55377277534719e-01  -2.53371921459535e-01  -2.51385815639185e-01  -2.49417183182897e-01  
-2.47464203866970e-01  -2.45525033639578e-01  -2.43597824186711e-01  -2.41680742366261e-01  
-2.39771989319652e-01  -2.37869819074600e-01  -2.35972556458657e-01  -2.34078614150949e-01  
-2.32186508708994e-01  -2.30294875418472e-01  -2.28402481826283e-01  -2.26508239830986e-01  
-2.24611216219660e-01  -2.22710641556176e-01  -2.20805917342668e-01  -2.18896621393526e-01  
-2.16982511379185e-01  -2.15063526515389e-01  -2.13139787392029e-01  -2.11211593954166e-01  
-2.09279421666034e-01  -2.07343915906706e-01  -2.05405884663334e-01  -2.03466289604451e-01  
-2.01526235631435e-01  -1.99586959020839e-01  -1.97649814283707e-01  -1.95716259880089e-01  
-1.93787842937646e-01  -1.91866183132377e-01  -1.89952955897074e-01  -1.88049875128945e-01  
-1.86158675572018e-01  -1.84281095052330e-01  -1.82418856744505e-01  -1.80573651647200e-01  
-1.78747121441956e-01  -1.76940841905418e-01  -1.75156307038557e-01  -1.73394914068684e-01  
-1.71657949470658e-01  -1.69946576142873e-01  -1.68261821861546e-01  -1.66604569123549e-01  
-1.64975546473727e-01  -1.63375321397468e-01  -1.61804294843340e-01  -1.60262697424127e-01  
-1.58750587327674e-01  -1.57267849951787e-01  -1.55814199260204e-01  -1.54389180839544e-01  
-1.52992176620234e-01  -1.51622411208040e-01  -1.50278959756938e-01  -1.48960757299015e-01  
-1.47666609432875e-01  -1.46395204258871e-01  -1.45145125437491e-01  -1.43914866236480e-01  
-1.42702844422939e-01  -1.41507417848749e-01  -1.40326900571295e-01  -1.39159579346726e-01  
-1.38003730329815e-01  -1.36857635813066e-01  -1.35719600837841e-01  -1.34587969512205e-01  
-1.33461140873612e-01  -1.32337584139703e-01  -1.31215853197062e-01  -1.30094600185907e-01  
-1.28972588048166e-01  -1.27848701917137e-01  -1.26721959238917e-01  -1.25591518528717e-01  
-1.24456686679179e-01  -1.23316924752423e-01  -1.22171852202956e-01  -1.21021249494334e-01  
-1.19865059088624e-01  -1.18703384804000e-01  -1.17536489552077e-01  -1.16364791482733e-01  
-1.15188858579960e-01  -1.14009401767602e-01  -1.12827266598541e-01  -1.11643423614808e-01  
-1.10458957479102e-01  -1.09275054990187e-01  -1.08092992105459e-01  -1.06914120103523e-01  
-1.05739851027888e-01  -1.04571642559633e-01  -1.03410982472241e-01  -1.02259372825563e-01  
-1.01118314058054e-01  -9.99892891370624e-02  -9.88737479259473e-02  -9.77730919242661e-02  
-9.66886595331424e-02  -9.56217119923325e-02  -9.45734201284467e-02  -9.35448520453533e-02  
-9.25369618780851e-02  -9.15505797206686e-02  -9.05864028263225e-02  -8.96449881655503e-02  
-8.87267464138968e-02  -8.78319374267073e-02  -8.69606672432480e-02  -8.61128866471844e-02  
-8.52883912948028e-02  -8.44868234066783e-02  -8.37076750028747e-02  -8.29502926463745e-02  
-8.22138836444348e-02  -8.14975236430823e-02  -8.08001655361568e-02  -8.01206495973102e-02  
-7.94577147313048e-02  -7.88100107299402e-02  -7.81761114080832e-02  -7.75545284866832e-02  
-7.69437260823905e-02  -7.63421356575530e-02  -7.57481712799772e-02  -7.51602450389648e-02  
-7.45767824627894e-02  -7.39962377829778e-02  -7.34171088924953e-02  -7.28379518481961e-02  
-7.22573947726405e-02  -7.16741510165634e-02  -7.10870314508322e-02  -7.04949557655821e-02  
-6.98969626642784e-02  -6.92922188516186e-02  -6.86800267263479e-02  -6.80598307030927e-02  
-6.74312221010950e-02  -6.67939425521070e-02  -6.61478858945497e-02  -6.54930985361947e-02  
-6.48297782829497e-02  -6.41582716466567e-02  -6.34790696600076e-02  -6.27928022415783e-02  
-6.21002311684449e-02  -6.14022417277279e-02  -6.06998331315680e-02  -5.99941077923537e-02  
-5.92862595663585e-02  -5.85775610842107e-02  -5.78693502956912e-02  -5.71630163641621e-02  
-5.64599850523817e-02  -5.57617037465049e-02  -5.50696262686478e-02  -5.43851976304787e-02  
-5.37098388808622e-02  -5.30449321996295e-02  -5.23918063870752e-02  -5.17517228948292e-02  
-5.11258625383424e-02  -5.05153130244295e-02  -4.99210574191843e-02  -4.93439636722093e-02  
-4.87847753025771e-02  -4.82441033403629e-02  -4.77224196050766e-02  -4.72200513890036e-02  
-4.67371775994564e-02  -4.62738263994015e-02  -4.58298743709827e-02  -4.54050472112709e-02  
-4.49989219542862e-02  -4.46109306980919e-02  -4.42403658007330e-02  -4.38863864941007e-02  
-4.35480268506183e-02  -4.32242050240934e-02  -4.29137336732984e-02  -4.26153314649595e-02  
-4.23276355419683e-02  -4.20492148328828e-02  -4.17785840702656e-02  -4.15142183781878e-02  
-4.12545682833871e-02  -4.09980750001657e-02  -4.07431858361953e-02  -4.04883695649821e-02  
-4.02321316108645e-02  -3.99730288940605e-02  -3.97096841864373e-02  -3.94407998333171e-02  
-3.91651707027122e-02  -3.88816962308423e-02  -3.85893914415550e-02  -3.82873968272685e-02  
-3.79749869901721e-02  -3.76515779545636e-02  -3.73167330742470e-02  -3.69701674727294e-02  
-3.66117509684144e-02  -3.62415094519478e-02  -3.58596246981776e-02  -3.54664326107077e-02  
-3.50624199125812e-02  -3.46482193120991e-02  -3.42246031879805e-02  -3.37924758528811e-02  
-3.33528644685387e-02  -3.29069086993820e-02  -3.24558492041802e-02  -3.20010150771001e-02  
-3.15438103602641e-02  -3.10856997594460e-02  -3.06281937028211e-02  -3.01728328896093e-02  
-2.97211724809457e-02  -2.92747660893292e-02  -2.88351497254903e-02  -2.84038258624546e-02  
-2.79822477759566e-02  -2.75718043181602e-02  -2.71738052779148e-02  -2.67894674755209e-02  
-2.64199017332695e-02  -2.60661008548991e-02  -2.57289287376694e-02  -2.54091107300634e-02  
-2.51072253363026e-02  -2.48236973560077e-02  -2.45587925335750e-02  -2.43126137773039e-02  
-2.40850989931391e-02  -2.38760205622291e-02  -2.36849864754967e-02  -2.35114431222273e-02  
-2.33546797134602e-02  -2.32138343048669e-02  -2.30879013679914e-02  -2.29757408433409e-02  
-2.28760885940259e-02  -2.27875681645750e-02  -2.27087037363573e-02  -2.26379341588355e-02  
-2.25736279247908e-02  -2.25140989478007e-02  -2.24576229917182e-02  -2.24024545947795e-02  
-2.23468443253366e-02  -2.22890562021139e-02  -2.22273851093934e-02  -2.21601740366445e-02  
-2.20858309728642e-02  -2.20028452882748e-02  -2.19098034400158e-02  -2.18054038440429e-02  
-2.16884707625555e-02  -2.15579670648507e-02  -2.14130057294798e-02  -2.12528599668617e-02  
-2.10769718539910e-02  -2.08849593864508e-02  -2.06766218674798e-02  -2.04519435692057e-02  
-2.02110956172178e-02  -1.99544360662435e-02  -1.96825081516730e-02  -1.93960367188823e-02  
-1.90959228495751e-02  -1.87832367215346e-02  -1.84592087550926e-02  -1.81252191161156e-02  
-1.77827856612286e-02  -1.74335504261910e-02  -1.70792647726623e-02  -1.67217733219087e-02  
-1.63629968161852e-02  -1.60049140594492e-02  -1.56495430986321e-02  -1.52989218148061e-02  
-1.49550881001639e-02  -1.46200598017009e-02  -1.42958146158171e-02  -1.39842701196780e-02  
-1.36872641250843e-02  -1.34065355387796e-02  -1.31437059095678e-02  -1.29002618373424e-02  
-1.26775384121406e-02  -1.24767038426620e-02  -1.22987454233216e-02  -1.21444569768279e-02  
-1.20144278954418e-02  -1.19090338883450e-02  -1.18284295247437e-02  -1.17725426421046e-02  
-1.17410706657848e-02  -1.17334788595646e-02  -1.17490004952894e-02  -1.17866388927941e-02  
-1.18451712371020e-02  -1.19231540270647e-02  -1.20189299467058e-02  -1.21306358766084e-02  
-1.22562116778010e-02  -1.23934092866293e-02  -1.25398015607183e-02  -1.26927902220060e-02  
-1.28496121668732e-02  -1.30073433758211e-02  -1.31628996830872e-02  -1.33130337937422e-02  
-1.34543282006493e-02  -1.35831840957045e-02  -1.36958070234301e-02  -1.37881909109157e-02  
-1.38561032223607e-02  -1.38950752883722e-02  -1.39004032606355e-02  -1.38671664953235e-02  
-1.37902712674624e-02  -1.36645283039261e-02  -1.34847724008409e-02  -1.32460310664659e-02  
-1.29437464527201e-02  -1.25740506593176e-02  -1.21340888293193e-02  -1.16223775380376e-02  
-1.10391782994573e-02  -1.03868583299603e-02  -9.67020400117115e-03  -8.89664781069768e-03  
-8.07636834452420e-03  -7.22222558668842e-03  -6.34950169824058e-03  -5.47543016742218e-03  
-4.61851350270069e-03  -3.79765016405320e-03  -3.03111330037298e-03  -2.33544466289910e-03  
-1.72434412677739e-03  -1.20764600083694e-03  -7.90475641568781e-04  -4.72672549740988e-04  
-2.48548968054766e-04  -1.07027116035356e-04  -3.21659047243773e-05  -4.05256559453036e-06  
0.00000000000000e+00  
                Type                   L                   N
                   0                   0                   1
9.28163952549271e-01  9.28076611665077e-01  9.27814127576075e-01  9.27375120097734e-01  
9.26757302638265e-01  9.25957502655766e-01  9.24971690066212e-01  9.23795013372605e-01  
9.22421843223249e-01  9.20845823047205e-01  9.19059926357972e-01  9.17056520262877e-01  
9.14827434665837e-01  9.12364036605694e-01  9.09657309131387e-01  9.06697934079310e-01  
9.03476378087469e-01  8.99982981155897e-01  8.96208047043236e-01  8.92141934775756e-01  
8.87775150537372e-01  8.83098439207499e-01  8.78102874817907e-01  8.72779949209974e-01  
8.67121658189874e-01  8.61120584501034e-01  8.54769976960561e-01  8.48063825138926e-01  
8.40996928999810e-01  8.33564962959258e-01  8.25764533869829e-01  8.17593232485881e-01  
8.09049678020001e-01  8.00133555457513e-01  7.90845645355330e-01  7.81187845912911e-01  
7.71163187165885e-01  7.60775837216799e-01  7.50031100481679e-01  7.38935407995249e-01  
7.27496299881092e-01  7.15722400155371e-01  7.03623384093258e-01  6.91209938445633e-01  
6.78493714849282e-01  6.65487276826391e-01  6.52204040818105e-01  6.38658211741957e-01  
6.24864713603677e-01  6.10839115729956e-01  5.96597555219919e-01  5.82156656239009e-01  
5.67533446799723e-01  5.52745273688710e-01  5.37809716209432e-01  5.22744499413439e-01  
5.07567407491725e-01  4.92296197990287e-01  4.76948517501303e-01  4.61541819463239e-01  
4.46093284679927e-01  4.30619745140473e-01  4.15137611689031e-01  3.99662806056265e-01  
3.84210697723176e-01  3.68796046043130e-01  3.53432947999920e-01  3.38134791928919e-01  
3.22914217475226e-01  3.07783082007740e-01  2.92752433651782e-01  2.77832491045606e-01  
2.63032629868593e-01  2.48361376131429e-01  2.33826406161661e-01  2.19434553162353e-01  
2.05191820167261e-01  1.91103399163872e-01  1.77173696105906e-01  1.63406361490064e-01  
1.49804326128252e-01  1.36369841706529e-01  1.23104525686021e-01  1.10009410069214e-01  
9.70849935276670e-02  8.43312963644911e-02  7.17479177670138e-02  5.93340947921220e-02  
4.70887625187735e-02  3.50106147992631e-02  2.30981650429097e-02  1.13498064728587e-02  
-2.36128691405639e-04  -1.16613116566389e-02  -2.29273615932120e-02  -3.40357927715647e-02  
-4.49879647525635e-02  -5.57850360534400e-02  -6.64279216743366e-02  -7.69172548308837e-02  
-8.72533531958418e-02  -9.74361899082518e-02  -1.07465369562023e-01  -1.17340109337966e-01  
-1.27059225394339e-01  -1.36621124581507e-01  -1.46023801496685e-01  -1.55264840845528e-01  
-1.64341425028780e-01  -1.73250346824960e-01  -1.81988026994364e-01  -1.90550536585967e-01  
-1.98933623687584e-01  -2.07132744321024e-01  -2.15143097148505e-01  -2.22959661624455e-01  
-2.30577239198231e-01  -2.37990497148621e-01  -2.45194014610283e-01  -2.52182330335761e-01  
-2.58949991724501e-01  -2.65491604642427e-01  -2.71801883552172e-01  -2.77875701474994e-01  
-2.83708139310668e-01  -2.89294534051203e-01  -2.94630525437877e-01  -2.99712100628781e-01  
-3.04535636465449e-01  -3.09097938952222e-01  -3.13396279590228e-01  -3.17428428239265e-01  
-3.21192682214840e-01  -3.24687891364071e-01  -3.27913478902607e-01  -3.30869457834792e-01  
-3.33556442820712e-01  -3.35975657396035e-01  -3.38128936493331e-01  -3.40018724256468e-01  
-3.41648067182263e-01  -3.43020602665544e-01  -3.44140543064631e-01  -3.45012655443784e-01  
-3.45642237186850e-01  -3.46035087712005e-01  -3.46197476550737e-01  -3.46136108084793e-01  
-3.45858083262427e-01  -3.45370858639783e-01  -3.44682203114366e-01  -3.43800152735120e-01  
-3.42732963987613e-01  -3.41489065962975e-01  -3.40077011825656e-01  -3.38505429997572e-01  
-3.36782975474959e-01  -3.34918281689169e-01  -3.32919913313867e-01  -3.30796320408754e-01  
-3.28555794274119e-01  -3.26206425371449e-01  -3.23756063643226e-01  -3.21212281540008e-01  
-3.18582340035406e-01  -3.15873157879676e-01  -3.13091284310807e-01  -3.10242875408425e-01  
-3.07333674240919e-01  -3.04368994920227e-01  -3.01353710642088e-01  -2.98292245752529e-01  
-2.95188571844421e-01  -2.92046207851189e-01  -2.88868224068862e-01  -2.85657250002596e-01  
-2.82415485900201e-01  -2.79144717803105e-01  -2.75846335915099e-01  -2.72521356061199e-01  
-2.69170443983414e-01  -2.65793942197231e-01  -2.62391899112567e-01  -2.58964100105662e-01  
-2.55510100214458e-01  -2.52029258119061e-01  -2.48520771061369e-01  -2.44983710353708e-01  
-2.41417057125341e-01  -2.37819737958184e-01  -2.34190660068645e-01  -2.30528745701326e-01  
-2.26832965412217e-01  -2.23102369933766e-01  -2.19336120331762e-01  -2.15533516184060e-01  
-2.11694021533593e-01  -2.07817288392705e-01  -2.03903177602211e-01  -1.99951776876610e-01  
-1.95963415896183e-01  -1.91938678337051e-01  -1.87878410761305e-01  -1.83783728320832e-01  
-1.79656017260028e-01  -1.75496934234033e-01  -1.71308402490025e-01  -1.67092604989315e-01  
-1.62851974577053e-01  -1.58589181334174e-01  -1.54307117272406e-01  -1.50008878557581e-01  
-1.45697745468834e-01  -1.41377160321454e-01  -1.37050703598851e-01  -1.32722068554346e-01  
-1.28395034555952e-01  -1.24073439457127e-01  -1.19761151283309e-01  -1.15462039528161e-01  
-1.11179946354476e-01  -1.06918657993020e-01  -1.02681876627927e-01  -9.84731930499273e-02  
-9.42960603485807e-02  -9.01537689021250e-02  -8.60494229084478e-02  -8.19859186834481e-02  
-7.79659249336479e-02  -7.39918651887176e-02  -7.00659025566896e-02  -6.61899269403605e-02  
-6.23655448279347e-02  -5.85940717446180e-02  -5.48765274248633e-02  -5.12136337376190e-02  
-4.76058153694274e-02  -4.40532032429257e-02  -4.05556406213899e-02  -3.71126918237599e-02  
-3.37236534493111e-02  -3.03875679870207e-02  -2.71032396619890e-02  -2.38692523501669e-02  
-2.06839893733688e-02  -1.75456549692226e-02  -1.44522972155527e-02  -1.14018321757845e-02  
-8.39206902143009e-03  -5.42073587965557e-03  -2.48550614842070e-03  4.15974981314057e-04  
3.28606405717654e-03  6.12709320946038e-03  8.94134456168822e-03  1.17310254544775e-02  
1.44982447199736e-02  1.72449902323097e-02  1.99731079455731e-02  2.26842826148301e-02  
2.53800203779593e-02  2.80616333566581e-02  3.07302264141152e-02  3.33866861847813e-02  
3.60316724685806e-02  3.86656120580658e-02  4.12886950426264e-02  4.39008736092061e-02  
4.65018633342372e-02  4.90911469370032e-02  5.16679804405166e-02  5.42314016626009e-02  
5.67802409373125e-02  5.93131339454062e-02  6.18285365124615e-02  6.43247412146294e-02  
6.67998956150592e-02  6.92520219389286e-02  7.16790379818813e-02  7.40787790356175e-02  
7.64490206055166e-02  7.87875016885799e-02  8.10919483756769e-02  8.33600975401441e-02  
8.55897203751831e-02  8.77786455452487e-02  8.99247817216494e-02  9.20261392798516e-02  
9.40808509454123e-02  9.60871911869232e-02  9.80435941677577e-02  9.99486700836004e-02  
1.01801219729546e-01  1.03600247158832e-01  1.05344970314812e-01  1.07034829538380e-01  
1.08669493874551e-01  1.10248865124022e-01  1.11773079608099e-01  1.13242507638154e-01  
1.14657750703513e-01  1.16019636414201e-01  1.17329211257020e-01  1.18587731244803e-01  
1.19796650559216e-01  1.20957608306866e-01  1.22072413526656e-01  1.23143028603052e-01  
1.24171551255032e-01  1.25160195283924e-01  1.26111270274825e-01  1.27027160455907e-01  
1.27910302927415e-01  1.28763165477563e-01  1.29588224205804e-01  1.30387941174969e-01  
1.31164742312701e-01  1.31920995779275e-01  1.32658991013501e-01  1.33380918660950e-01  
1.34088851579244e-01  1.34784727103865e-01  1.35470330744775e-01  1.36147281469491e-01  
1.36817018711959e-01  1.37480791229147e-01  1.38139647908532e-01  1.38794430610137e-01  
1.39445769106347e-01  1.40094078161866e-01  1.40739556774906e-01  1.41382189579317e-01  
1.42021750386053e-01  1.42657807821335e-01  1.43289732998348e-01  1.43916709139430e-01  
1.44537743046781e-01  1.45151678301761e-01  1.45757210056238e-01  1.46352901264115e-01  
1.46937200187463e-01  1.47508458999617e-01  1.48064953297301e-01  1.48604902325449e-01  
1.49126489711934e-01  1.49627884505001e-01  1.50107262303762e-01  1.50562826271840e-01  
1.50992827825950e-01  1.51395586795007e-01  1.51769510851098e-01  1.52113114021399e-01  
1.52425034099654e-01  1.52704048787156e-01  1.52949090406127e-01  1.53159259042860e-01  
1.53333833993806e-01  1.53472283404809e-01  1.53574272011760e-01  1.53639666909864e-01  
1.53668541298269e-01  1.53661176166878e-01  1.53618059912497e-01  1.53539885891863e-01  
1.53427547939390e-01  1.53282133897422e-01  1.53104917226254e-01  1.52897346779877e-01  
1.52661034851316e-01  1.52397743608185e-01  1.52109370054674e-01  1.51797929670417e-01  
1.51465538889364e-01  1.51114396592870e-01  1.50746764800598e-01  1.50364948750320e-01  
1.49971276563388e-01  1.49568078696345e-01  1.49157667380899e-01  1.48742316254228e-01  
1.48324240379398e-01  1.47905576851501e-01  1.47488366179032e-01  1.47074534622174e-01  
1.46665877659915e-01  1.46264044746655e-01  1.45870525506045e-01  1.45486637495490e-01  
1.45113515659201e-01  1.44752103570941e-01  1.44403146549948e-01  1.44067186715092e-01  
1.43744560023219e-01  1.43435395318210e-01  1.43139615397515e-01  1.42856940083249e-01  
1.42586891265283e-01  1.42328799864570e-01  1.42081814646205e-01  1.41844912793744e-01  
1.41616912139173e-01  1.41396484926874e-01  1.41182172975082e-01  1.40972404084804e-01  
1.40765509534160e-01  1.40559742485670e-01  1.40353297125228e-01  1.40144328344583e-01  
1.39930971773969e-01  1.39711363968285e-01  1.39483662548893e-01  1.39246066103698e-01  
1.38996833650634e-01  1.38734303474135e-01  1.38456911150356e-01  1.38163206584949e-01  
1.37851869896926e-01  1.37521725993452e-01  1.37171757693249e-01  1.36801117270481e-01  
1.36409136306412e-01  1.35995333752635e-01  1.35559422127095e-01  1.35101311782318e-01  
1.34621113203985e-01  1.34119137317166e-01  1.33595893796871e-01  1.33052087398955e-01  
1.32488612346638e-01  1.31906544826762e-01  1.31307133668255e-01  1.30691789292891e-01  
1.30062071045222e-01  1.29419673024261e-01  1.28766408554035e-01  1.28104193443391e-01  
1.27435028197140e-01  1.26760979350902e-01  1.26084160110533e-01  1.25406710483847e-01  
1.24730777097361e-01  1.24058492893954e-01  1.23391956908645e-01  1.22733214319069e-01  
1.22084236964780e-01  1.21446904525162e-01  1.20822986539580e-01  1.20214125445521e-01  
1.19621820800873e-01  1.19047414845326e-01  1.18492079543255e-01  1.17956805236423e-01  
1.17442391019607e-01  1.16949436935977e-01  1.16478338071769e-01  1.16029280611878e-01  
1.15602239899318e-01  1.15196980522599e-01  1.14813058435736e-01  1.14449825096418e-01  
1.14106433588618e-01  1.13781846677133e-01  1.13474846723160e-01  1.13184047372296e-01  
1.12907906909482e-01  1.12644743159506e-01  1.12392749796906e-01  1.12150013915598e-01  
1.11914534696457e-01  1.11684243000473e-01  1.11457021706069e-01  1.11230726601876e-01  
1.11003207640682e-01  1.10772330356485e-01  1.10535997244667e-01  1.10292168905211e-01  
1.10038884750645e-01  1.09774283083996e-01  1.09496620357433e-01  1.09204289429393e-01  
1.08895836646809e-01  1.08569977589454e-01  1.08225611325293e-01  1.07861833039025e-01  
1.07477944910504e-01  1.07073465135399e-01  1.06648134997051e-01  1.06201923915945e-01  
1.05735032421312e-01  1.05247893007956e-01  1.04741168860347e-01  1.04215750445035e-01  
1.03672749991515e-01  1.03113493900477e-01  1.02539513136858e-01  1.01952531683000e-01  
1.01354453144476e-01  1.00747345617482e-01  1.00133424942082e-01  9.95150364797853e-02  
9.88946355669434e-02  9.82747668070093e-02  9.76580423748359e-02  9.70471195147393e-02  
9.64446774209752e-02  9.58533936945139e-02  9.52759205735072e-02  9.47148611365957e-02  
9.41727456782046e-02  9.36520084532190e-02  9.31549649849545e-02  9.26837901251702e-02  
9.22404970480727e-02  9.18269173519083e-02  9.14446824318982e-02  9.10952062770677e-02  
9.07796698310233e-02  9.04990070431095e-02  9.02538927217102e-02  9.00447322859272e-02  
8.98716534955910e-02  8.97345002226954e-02  8.96328283100590e-02  8.95659035454495e-02  
8.95327017617340e-02  8.95319110559862e-02  8.95619361030606e-02  8.96209045220761e-02  
8.97066752377003e-02  8.98168487622186e-02  8.99487793092616e-02  9.00995886358600e-02  
9.02661814963310e-02  9.04452625794512e-02  9.06333547895488e-02  9.08268187225911e-02  
9.10218731801117e-02  9.12146165568868e-02  9.14010489326194e-02  9.15770946933815e-02  
9.17386255050118e-02  9.18814834577313e-02  9.20015041984347e-02  9.20945398636901e-02  
9.21564816214202e-02  9.21832816211075e-02  9.21709741392708e-02  9.21156956864578e-02  
9.20137038110389e-02  9.18613942900702e-02  9.16553163344012e-02  9.13921853499367e-02  
9.10688926859664e-02  9.06825116626776e-02  9.02302990041288e-02  8.97096906155690e-02  
8.91182904473990e-02  8.84538510041528e-02  8.77142439194725e-02  8.68974189750765e-02  
8.60013500561259e-02  8.50239668841079e-02  8.39630720383008e-02  8.28162438571403e-02  
8.15807273799970e-02  8.02533175988618e-02  7.88302419394782e-02  7.73070520097908e-02  
7.56785380692346e-02  7.39386830965575e-02  7.20806763504195e-02  7.00970083890828e-02  
6.79796700140744e-02  6.57204758611171e-02  6.33115287574941e-02  6.07458330257418e-02  
5.80180534371757e-02  5.51254016947889e-02  5.20686148363162e-02  4.88529710297881e-02  
4.54892696669798e-02  4.19946866822229e-02  3.83934051455112e-02  3.47169179104516e-02  
3.10039056087972e-02  2.72996110280713e-02  2.36546602709881e-02  2.01233211123757e-02  
1.67612371939660e-02  1.36227292463742e-02  1.07578063431829e-02  8.20907551433573e-03  
6.00877105723995e-03  4.17614045355895e-03  2.71541823182471e-03  1.61459078855474e-03  
8.45104967387929e-04  3.62604588465453e-04  1.08698002992386e-04  1.36738302061985e-05  
0.00000000000000e+00  
                Type                   L                   N
                   0                   1                   0
0.00000000000000e+00  8.56432928793951e-03  1.71162717889768e-02  2.56435256530258e-02  
3.41339582137110e-02  4.25756888613111e-02  5.09571698694629e-02  5.92672645208087e-02  
6.74953218998347e-02  7.56312477495874e-02  8.36655708225268e-02  9.15895041941848e-02  
9.93950010511954e-02  1.07074804512287e-01  1.14622491091549e-01  1.22032507467279e-01  
1.29300200276452e-01  1.36421838713955e-01  1.43394629776506e-01  1.50216726053241e-01  
1.56887226027733e-01  1.63406166919031e-01  1.69774510151878e-01  1.75994119607731e-01  
1.82067732868306e-01  1.87998925721440e-01  1.93792070254559e-01  1.99452286913697e-01  
2.04985390955091e-01  2.10397833761704e-01  2.15696639538097e-01  2.20889337933562e-01  
2.25983893175011e-01  2.30988630317636e-01  2.35912159242441e-01  2.40763297045359e-01  
2.45550989472659e-01  2.50284232061608e-01  2.54971991643935e-01  2.59623128862548e-01  
2.64246322339238e-01  2.68849995113027e-01  2.73442243945345e-01  2.78030772059849e-01  
2.82622825851481e-01  2.87225136061703e-01  2.91843863875177e-01  2.96484552347670e-01  
3.01152083526309e-01  3.05850641571719e-01  3.10583682137736e-01  3.15353908208540e-01  
3.20163252535965e-01  3.25012866761705e-01  3.29903117250814e-01  3.34833587604727e-01  
3.39803087764578e-01  3.44809669559326e-01  3.49850648498645e-01  3.54922631558114e-01  
3.60021550654495e-01  3.65142701462153e-01  3.70280787178364e-01  3.75429966805799e-01  
3.80583907485130e-01  3.85735840379743e-01  3.90878619588312e-01  3.96004783539584e-01  
4.01106618307321e-01  4.06176222272161e-01  4.11205571551059e-01  4.16186585614189e-01  
4.21111192513491e-01  4.25971393156548e-01  4.30759324073866e-01  4.35467318146905e-01  
4.40087962788022e-01  4.44614155091694e-01  4.49039153508614e-01  4.53356625630238e-01  
4.57560691710719e-01  4.61645963595492e-01  4.65607578770712e-01  4.69441229294830e-01  
4.73143185422371e-01  4.76710313780024e-01  4.80140090005949e-01  4.83430605814377e-01  
4.86580570498493e-01  4.89589306934990e-01  4.92456742202911e-01  4.95183392977170e-01  
4.97770345902919e-01  5.00219233200399e-01  5.02532203790624e-01  5.04711890269901e-01  
5.06761372095419e-01  5.08684135374735e-01  5.10484029678581e-01  5.12165222318922e-01  
5.13732150552393e-01  5.15189472182925e-01  5.16542015046628e-01  5.17794725866601e-01  
5.18952618965410e-01  5.20020725318491e-01  5.21004042422831e-01  5.21907485442007e-01  
5.22735840071292e-01  5.23493717545128e-01  5.24185512184214e-01  5.24815361850892e-01  
5.25387111649816e-01  5.25904281176381e-01  5.26370035578366e-01  5.26787160657152e-01  
5.27158042194029e-01  5.27484649644979e-01  5.27768524304248e-01  5.28010771993470e-01  
5.28212060289465e-01  5.28372620260548e-01  5.28492252638588e-01  5.28570338312653e-01  
5.28605852990145e-01  5.28597385833274e-01  5.28543161842935e-01  5.28441067728727e-01  
5.28288680973429e-01  5.28083301772892e-01  5.27821987508251e-01  5.27501589386860e-01  
5.27118790871528e-01  5.26670147504608e-01  5.26152127724341e-01  5.25561154265720e-01  
5.24893645736881e-01  5.24146057964741e-01  5.23314924710205e-01  5.22396897363567e-01  
5.21388783244763e-01  5.20287582150522e-01  5.19090520811218e-01  5.17795084943935e-01  
5.16399048614804e-01  5.14900500652670e-01  5.13297867887356e-01  5.11589935018904e-01  
5.09775860958738e-01  5.07855191519553e-01  5.05827868367323e-01  5.03694234185946e-01  
5.01455034042252e-01  4.99111412976034e-01  4.96664909876116e-01  4.94117447738859e-01  
4.91471320439569e-01  4.88729176179804e-01  4.85893997804083e-01  4.82969080207958e-01  
4.79958005085284e-01  4.76864613285836e-01  4.73692975074793e-01  4.70447358602963e-01  
4.67132196910787e-01  4.63752053800022e-01  4.60311588914512e-01  4.56815522375515e-01  
4.53268599317764e-01  4.49675554669680e-01  4.46041078515092e-01  4.42369782364544e-01  
4.38666166651794e-01  4.34934589755747e-01  4.31179238829828e-01  4.27404102700042e-01  
4.23612947069800e-01  4.19809292244332e-01  4.15996393560398e-01  4.12177224678345e-01  
4.08354463863612e-01  4.04530483353908e-01  4.00707341876734e-01  3.96886780350071e-01  
3.93070220767171e-01  3.89258768234819e-01  3.85453216103473e-01  3.81654054097660e-01  
3.77861479326138e-01  3.74075410023994e-01  3.70295501853221e-01  3.66521166564641e-01  
3.62751592802591e-01  3.58985768814729e-01  3.55222506812743e-01  3.51460468715960e-01  
3.47698192998802e-01  3.43934122354900e-01  3.40166631885507e-01  3.36394057517623e-01  
3.32614724358017e-01  3.28826974693013e-01  3.25029195350481e-01  3.21219844149822e-01  
3.17397475177764e-01  3.13560762642306e-01  3.09708523074065e-01  3.05839735663337e-01  
3.01953560542195e-01  2.98049354843717e-01  2.94126686394677e-01  2.90185344923474e-01  
2.86225350691582e-01  2.82246960483857e-01  2.78250670920664e-01  2.74237219082427e-01  
2.70207580464764e-01  2.66162964309496e-01  2.62104806383255e-01  2.58034759300903e-01  
2.53954680515251e-01  2.49866618117458e-01  2.45772794613650e-01  2.41675588862691e-01  
2.37577516377339e-01  2.33481208206155e-01  2.29389388626332e-01  2.25304851887972e-01  
2.21230438258197e-01  2.17169009618704e-01  2.13123424873033e-01  2.09096515419843e-01  
2.05091060945844e-01  2.01109765786967e-01  1.97155236098617e-01  1.93229958065911e-01  
1.89336277372435e-01  1.85476380131630e-01  1.81652275468539e-01  1.77865779921380e-01  
1.74118503812687e-01  1.70411839718524e-01  1.66746953141980e-01  1.63124775473860e-01  
1.59545999299581e-01  1.56011076086878e-01  1.52520216264375e-01  1.49073391676575e-01  
1.45670340376655e-01  1.42310573694809e-01  1.38993385497062e-01  1.35717863527648e-01  
1.32482902707486e-01  1.29287220242102e-01  1.26129372374855e-01  1.23007772605537e-01  
1.19920711180621e-01  1.16866375649689e-01  1.13842872272938e-01  1.10848248057375e-01  
1.07880513194236e-01  1.04937663667504e-01  1.02017703803052e-01  9.91186685299715e-02  
9.62386451299545e-02  9.33757942571873e-02  9.05283700199549e-02  8.76947389259775e-02  
8.48733975062535e-02  8.20629884467592e-02  7.92623150735568e-02  7.64703540545510e-02  
7.36862662000863e-02  7.09094052646351e-02  6.81393246727225e-02  6.53757821138188e-02  
6.26187419729173e-02  5.98683755857229e-02  5.71250593295562e-02  5.43893705830126e-02  
5.16620816088760e-02  4.89441514355777e-02  4.62367158323716e-02  4.35410754922072e-02  
4.08586825538123e-02  3.81911256105873e-02  3.55401133684063e-02  3.29074571271774e-02  
3.02950522719233e-02  2.77048589680855e-02  2.51388822626836e-02  2.25991517977742e-02  
2.00877013453649e-02  1.76065483734773e-02  1.51576738514849e-02  1.27430024991505e-02  
1.03643836780443e-02  8.02357311628456e-03  5.72221564791382e-03  3.46182913679137e-03  
1.24378974181005e-03  -9.30681334369892e-04  -3.06052948683528e-03  -5.14487663111227e-03  
-7.18302931613011e-03  -9.17448495554474e-03  -1.11189361251129e-02  -1.30162728938476e-02  
-1.48665831769179e-02  -1.66701511185117e-02  -1.84274535329214e-02  -2.01391544517579e-02  
-2.18060978442412e-02  -2.34292985957591e-02  -2.50099318471695e-02  -2.65493208134439e-02  
-2.80489232150871e-02  -2.95103164691443e-02  -3.09351817984206e-02  -3.23252874276527e-02  
-3.36824710437269e-02  -3.50086217035088e-02  -3.63056613774382e-02  -3.75755263196645e-02  
-3.88201484561623e-02  -4.00414369809704e-02  -4.12412603474701e-02  -4.24214288364851e-02  
-4.35836778760390e-02  -4.47296522788977e-02  -4.58608915536680e-02  -4.69788164333331e-02  
-4.80847167518067e-02  -4.91797407845215e-02  -5.02648861534000e-02  -5.13409923799362e-02  
-5.24087351527399e-02  -5.34686223579229e-02  -5.45209919023395e-02  -5.55660113411159e-02  
-5.66036793023029e-02  -5.76338286830651e-02  -5.86561315737488e-02  -5.96701058486442e-02  
-6.06751233454513e-02  -6.16704195395399e-02  -6.26551046042059e-02  -6.36281757344564e-02  
-6.45885305994785e-02  -6.55349817780467e-02  -6.64662720217432e-02  -6.73810901831535e-02  
-6.82780876401664e-02  -6.91558950432608e-02  -7.00131392101973e-02  -7.08484599918888e-02  
-7.16605269343865e-02  -7.24480555648798e-02  -7.32098231343085e-02  -7.39446836555974e-02  
-7.46515820845421e-02  -7.53295674999358e-02  -7.59778051505100e-02  -7.65955872485535e-02  
-7.71823424035430e-02  -7.77376436036183e-02  -7.82612146681148e-02  -7.87529351104651e-02  
-7.92128433674274e-02  -7.96411383676205e-02  -8.00381794295790e-02  -8.04044844967751e-02  
-8.07407267341665e-02  -8.10477295275819e-02  -8.13264599435370e-02  -8.15780207226715e-02  
-8.18036408947954e-02  -8.20046651173455e-02  -8.21825418517763e-02  -8.23388105038940e-02  
-8.24750876642876e-02  -8.25930525937164e-02  -8.26944321054969e-02  -8.27809850025205e-02  
-8.28544862304875e-02  -8.29167109112193e-02  -8.29694184204945e-02  -8.30143366737557e-02  
-8.30531467802559e-02  -8.30874682218054e-02  -8.31188447062843e-02  -8.31487308385782e-02  
-8.31784797426474e-02  -8.32093317581652e-02  -8.32424043236529e-02  -8.32786831454355e-02  
-8.33190147381640e-02  -8.33641004082484e-02  -8.34144917364715e-02  -8.34705876004502e-02  
-8.35326327616640e-02  -8.36007180256211e-02  -8.36747819675601e-02  -8.37546142000525e-02  
-8.38398601431387e-02  -8.39300272423622e-02  -8.40244925654122e-02  -8.41225116941998e-02  
-8.42232288162016e-02  -8.43256879069576e-02  -8.44288448848046e-02  -8.45315806093815e-02  
-8.46327145872488e-02  -8.47310192411975e-02  -8.48252345945490e-02  -8.49140832180127e-02  
-8.49962852845145e-02  -8.50705735768321e-02  -8.51357082939018e-02  -8.51904915042499e-02  
-8.52337810991456e-02  -8.52645041036953e-02  -8.52816692111687e-02  -8.52843784142591e-02  
-8.52718376166614e-02  -8.52433661191961e-02  -8.51984048865904e-02  -8.51365235138390e-02  
-8.50574258246606e-02  -8.49609540488113e-02  -8.48470915397503e-02  -8.47159640092449e-02  
-8.45678392707799e-02  -8.44031254989452e-02  -8.42223680271736e-02  -8.40262447211131e-02  
-8.38155599794127e-02  -8.35912374276140e-02  -8.33543113840491e-02  -8.31059171890066e-02  
-8.28472804998133e-02  -8.25797056648004e-02  -8.23045632982421e-02  -8.20232771862198e-02  
-8.17373106598677e-02  -8.14481525775605e-02  -8.11573030612444e-02  -8.08662591342621e-02  
-8.05765004086739e-02  -8.02894749692042e-02  -8.00065855985888e-02  -7.97291764852633e-02  
-7.94585205490838e-02  -7.91958075141439e-02  -7.89421328498393e-02  -7.86984876921932e-02  
-7.84657498472127e-02  -7.82446759667848e-02  -7.80358949754693e-02  -7.78399028136246e-02  
-7.76570585487480e-02  -7.74875818928566e-02  -7.73315521493321e-02  -7.71889085980326e-02  
-7.70594523128074e-02  -7.69428493909592e-02  -7.68386355598517e-02  -7.67462221118865e-02  
-7.66649031056197e-02  -7.65938637579881e-02  -7.65321899405891e-02  -7.64788786818375e-02  
-7.64328495666971e-02  -7.63929569166764e-02  -7.63580026249530e-02  -7.63267495149373e-02  
-7.62979350853631e-02  -7.62702855011440e-02  -7.62425296868010e-02  -7.62134133782677e-02  
-7.61817129893127e-02  -7.61462491506926e-02  -7.61058997834220e-02  -7.60596125721937e-02  
-7.60064167109549e-02  -7.59454337998673e-02  -7.58758877812903e-02  -7.57971138119327e-02  
-7.57085659788187e-02  -7.56098237781113e-02  -7.55005972880064e-02  -7.53807309797340e-02  
-7.52502061240551e-02  -7.51091417643818e-02  -7.49577942416458e-02  -7.47965552701544e-02  
-7.46259485777653e-02  -7.44466251376415e-02  -7.42593570324858e-02  -7.40650300053624e-02  
-7.38646347638616e-02  -7.36592571163460e-02  -7.34500670301951e-02  -7.32383067122589e-02  
-7.30252778210231e-02  -7.28123279282095e-02  -7.26008363545996e-02  -7.23921995107141e-02  
-7.21878158775671e-02  -7.19890707659876e-02  -7.17973209949482e-02  -7.16138796299469e-02  
-7.14400009217517e-02  -7.12768655837618e-02  -7.11255665428798e-02  -7.09870952941759e-02  
-7.08623289838100e-02  -7.07520183377152e-02  -7.06567765455254e-02  -7.05770692002192e-02  
-7.05132053840634e-02  -7.04653299807538e-02  -7.04334172822982e-02  -7.04172659472615e-02  
-7.04164953546305e-02  -7.04305433848677e-02  -7.04586656468373e-02  -7.04999361563375e-02  
-7.05532494590613e-02  -7.06173241780884e-02  -7.06907079535752e-02  -7.07717837302933e-02  
-7.08587773371593e-02  -7.09497662920202e-02  -7.10426897547779e-02  -7.11353595425387e-02  
-7.12254721119125e-02  -7.13106214058795e-02  -7.13883124557977e-02  -7.14559756230630e-02  
-7.15109813595483e-02  -7.15506553609954e-02  -7.15722939826677e-02  -7.15731797812606e-02  
-7.15505970405314e-02  -7.15018471293049e-02  -7.14242635279908e-02  -7.13152263416893e-02  
-7.11721760920292e-02  -7.09926265433875e-02  -7.07741762689978e-02  -7.05145185955808e-02  
-7.02114494788288e-02  -6.98628727547527e-02  -6.94668020841739e-02  -6.90213587636652e-02  
-6.85247644254343e-02  -6.79753275076467e-02  -6.73714222712609e-02  -6.67114591061039e-02  
-6.59938449556105e-02  -6.52169329550561e-02  -6.43789608885702e-02  -6.34779788938176e-02  
-6.25117680402138e-02  -6.14777530161254e-02  -6.03729141842144e-02  -5.91937066471178e-02  
-5.79359965782776e-02  -5.65950276952441e-02  -5.51654330679441e-02  -5.36413090523663e-02  
-5.20163685398492e-02  -5.02841894028923e-02  -4.84385705221235e-02  -4.64740017309784e-02  
-4.43862452559771e-02  -4.21730149012193e-02  -3.98347258431880e-02  -3.73752734069789e-02  
-3.48027849483195e-02  -3.21302766798692e-02  -2.93761388805046e-02  -2.65643703419023e-02  
-2.37244878092409e-02  -2.08910496884716e-02  -1.81027557288487e-02  -1.54011150211805e-02  
-1.28287116138030e-02  -1.04271373678955e-02  -8.23470147316578e-03  -6.28406090035515e-03  
-4.59994150400792e-03  -3.19713155543732e-03  -2.07892532813704e-03  -1.23617271407492e-03  
-6.47052376408041e-04  -2.77633314142627e-04  -8.32274426812415e-05  -1.04698050614382e-05  
0.00000000000000e+00  
                Type                   L                   N
                   0                   1                   1
0.00000000000000e+00  1.78845685849399e-02  3.56679068093673e-02  5.32495410187879e-02  
7.05305047978990e-02  8.74140772110408e-02  1.03806502735520e-01  1.19617687030432e-01  
1.34761862890811e-01  1.49158220992478e-01  1.62731500334559e-01  1.75412533631653e-01  
1.87138743292956e-01  1.97854584047945e-01  2.07511928733666e-01  2.16070394243300e-01  
2.23497605145237e-01  2.29769393011747e-01  2.34869930042020e-01  2.38791796120873e-01  
2.41535979017019e-01  2.43111807988478e-01  2.43536821622517e-01  2.42836571288634e-01  
2.41044362120641e-01  2.38200933963236e-01  2.34354085215082e-01  2.29558242970030e-01  
2.23873983296687e-01  2.17367505900323e-01  2.10110067776649e-01  2.02177380791270e-01  
1.93648978398851e-01  1.84607556949981e-01  1.75138297219438e-01  1.65328171925701e-01  
1.55265245096986e-01  1.45037969173390e-01  1.34734485717730e-01  1.24441935539793e-01  
1.14245783920775e-01  1.04229166457933e-01  9.44722608356684e-02  8.50516895704188e-02  
7.60399584754905e-02  6.75049352510895e-02  5.95093722275934e-02  5.21104768800506e-02  
4.53595332928323e-02  3.93015772893299e-02  3.39751274568575e-02  2.94119737959192e-02  
2.56370252102530e-02  2.26682165342493e-02  2.05164752720677e-02  1.91857477027885e-02  
1.86730834927805e-02  1.89687774547506e-02  2.00565666070153e-02  2.19138802206921e-02  
2.45121401007431e-02  2.78171079329372e-02  3.17892761463420e-02  3.63842983931248e-02  
4.15534554371284e-02  4.72441519723847e-02  5.34004396646425e-02  5.99635615247796e-02  
6.68725125840764e-02  7.40646117485732e-02  8.14760796637007e-02  8.90426174210312e-02  
9.66999809860660e-02  1.04384546318618e-01  1.12033860294382e-01  1.19587172716126e-01  
1.26985944923615e-01  1.34174330770500e-01  1.41099626031442e-01  1.47712682630494e-01  
1.53968284439234e-01  1.59825481776551e-01  1.65247882147862e-01  1.70203895185779e-01  
1.74666930192931e-01  1.78615545136590e-01  1.82033546399722e-01  1.84910039049902e-01  
1.87239427841959e-01  1.89021369618015e-01  1.90260678205849e-01  1.90967183339127e-01  
1.91155545527340e-01  1.90845029185679e-01  1.90059236692165e-01  1.88825806368146e-01  
1.87176077675869e-01  1.85144727190889e-01  1.82769379135289e-01  1.80090194448407e-01  
1.77149442523451e-01  1.73991059850054e-01  1.70660199873775e-01  1.67202778413500e-01  
1.63665018966761e-01  1.60093002181674e-01  1.56532223683268e-01  1.53027164312830e-01  
1.49620876672904e-01  1.46354591669836e-01  1.43267348512383e-01  1.40395651361376e-01  
1.37773155534696e-01  1.35430385856608e-01  1.33394489404350e-01  1.31689024550854e-01  
1.30333787834367e-01  1.29344679806974e-01  1.28733610628490e-01  1.28508445783362e-01  
1.28672991910138e-01  1.29227022349117e-01  1.30166341637837e-01  1.31482887819434e-01  
1.33164871079082e-01  1.35196946891894e-01  1.37560421554737e-01  1.40233487687343e-01  
1.43191487027150e-01  1.46407197610043e-01  1.49851142227227e-01  1.53491914878736e-01  
1.57296521807769e-01  1.61230733598152e-01  1.65259444750422e-01  1.69347037120638e-01  
1.73457743609938e-01  1.77556008531785e-01  1.81606841157033e-01  1.85576159043315e-01  
1.89431117893543e-01  1.93140424856837e-01  1.96674632381963e-01  2.00006409956359e-01  
2.03110791310412e-01  2.05965394934462e-01  2.08550616041934e-01  2.10849788413438e-01  
2.12849314870154e-01  2.14538765447547e-01  2.15910942668873e-01  2.16961913648982e-01  
2.17691009089286e-01  2.18100789551146e-01  2.18196979714292e-01  2.17988371636053e-01  
2.17486698323325e-01  2.16706479209394e-01  2.15664839389526e-01  2.14381304710153e-01  
2.12877575024268e-01  2.11177278118560e-01  2.09305706983995e-01  2.07289543239721e-01  
2.05156569629163e-01  2.02935374586243e-01  2.00655051918189e-01  1.98344898669307e-01  
1.96034114217376e-01  1.93751503611466e-01  1.91525188087586e-01  1.89382325597732e-01  
1.87348844059735e-01  1.85449189881472e-01  1.83706094135108e-01  1.82140358557171e-01  
1.80770663330535e-01  1.79613398367188e-01  1.78682519558473e-01  1.77989431195007e-01  
1.77542895484328e-01  1.77348969813479e-01  1.77410972118860e-01  1.77729474439840e-01  
1.78302324448502e-01  1.79124694468440e-01  1.80189157223440e-01  1.81485787294762e-01  
1.83002287016257e-01  1.84724135301933e-01  1.86634757683195e-01  1.88715715634722e-01  
1.90946913090752e-01  1.93306817898957e-01  1.95772695828448e-01  1.98320854642951e-01  
2.00926895670584e-01  2.03565970248622e-01  2.06213038395421e-01  2.08843127062352e-01  
2.11431585345910e-01  2.13954334093732e-01  2.16388107417156e-01  2.18710683726351e-01  
2.20901104030644e-01  2.22939875394942e-01  2.24809157611599e-01  2.26492931333647e-01  
2.27977146118155e-01  2.29249847045333e-01  2.30301278807571e-01  2.31123966400553e-01  
2.31712771793365e-01  2.32064926203683e-01  2.32180037855070e-01  2.32060075343610e-01  
2.31709326988045e-01  2.31134336778780e-01  2.30343817774197e-01  2.29348544015341e-01  
2.28161222240116e-01  2.26796344873520e-01  2.25270025949398e-01  2.23599821779896e-01  
2.21804538329903e-01  2.19904027373827e-01  2.17918973610166e-01  2.15870674984538e-01  
2.13780818523621e-01  2.11671254010400e-01  2.09563767835207e-01  2.07479859337264e-01  
2.05440521908319e-01  2.03466031064001e-01  2.01575741600579e-01  1.99787895845964e-01  
1.98119444885235e-01  1.96585884494253e-01  1.95201107351490e-01  1.93977272920073e-01  
1.92924696200865e-01  1.92051756355435e-01  1.91364825987026e-01  1.90868221650305e-01  
1.90564175939121e-01  1.90452831277905e-01  1.90532255319021e-01  1.90798477627692e-01  
1.91245547120109e-01  1.91865609511421e-01  1.92649003830303e-01  1.93584376867936e-01  
1.94658814253168e-01  1.95857986684194e-01  1.97166309701786e-01  1.98567115261313e-01  
2.00042833251712e-01  2.01575181020194e-01  2.03145358892571e-01  2.04734249631232e-01  
2.06322619746397e-01  2.07891320571339e-01  2.09421487028874e-01  2.10894732054081e-01  
2.12293334696587e-01  2.13600420003956e-01  2.14800128884956e-01  2.15877776266526e-01  
2.16819995989918e-01  2.17614871038242e-01  2.18252047847941e-01  2.18722833628762e-01  
2.19020275798897e-01  2.19139222831985e-01  2.19076366008816e-01  2.18830261766692e-01  
2.18401334541400e-01  2.17791860198647e-01  2.17005930351376e-01  2.16049398054795e-01  
2.14929805559996e-01  2.13656294988003e-01  2.12239502957092e-01  2.10691440355493e-01  
2.09025358597740e-01  2.07255603834298e-01  2.05397460699699e-01  2.03466987282853e-01  
2.01480843083835e-01  1.99456111783337e-01  1.97410120693759e-01  1.95360258784103e-01  
1.93323795174457e-01  1.91317699979840e-01  1.89358469347949e-01  1.87461956481182e-01  
1.85643210361116e-01  1.83916323803966e-01  1.82294292369715e-01  1.80788885526542e-01  
1.79410531337416e-01  1.78168215788531e-01  1.77069397721395e-01  1.76119940163431e-01  
1.75324058677648e-01  1.74684287172278e-01  1.74201461427915e-01  1.73874720414747e-01  
1.73701525287715e-01  1.73677695764858e-01  1.73797463415492e-01  1.74053541212170e-01  
1.74437208535172e-01  1.74938410662414e-01  1.75545871632548e-01  1.76247219236200e-01  
1.77029120771049e-01  1.77877428091868e-01  1.78777330397892e-01  1.79713513127597e-01  
1.80670321276019e-01  1.81631925412420e-01  1.82582488656863e-01  1.83506332873133e-01  
1.84388102352316e-01  1.85212923296084e-01  1.85966557460757e-01  1.86635548391990e-01  
1.87207358764641e-01  1.87670497442031e-01  1.88014634982425e-01  1.88230706446690e-01  
1.88311000498666e-01  1.88249233936978e-01  1.88040610952614e-01  1.87681866568650e-01  
1.87171293885545e-01  1.86508754925496e-01  1.85695675040880e-01  1.84735021022828e-01  
1.83631263214857e-01  1.82390322101417e-01  1.81019500000546e-01  1.79527398641851e-01  
1.77923823554378e-01  1.76219676321947e-01  1.74426835885021e-01  1.72558030176910e-01  
1.70626699476969e-01  1.68646852943532e-01  1.66632919853930e-01  1.64599597127329e-01  
1.62561694737990e-01  1.60533980641576e-01  1.58531026835223e-01  1.56567058153357e-01  
1.54655805365945e-01  1.52810364094438e-01  1.51043060993669e-01  1.49365328566271e-01  
1.47787589880497e-01  1.46319154353936e-01  1.44968125645493e-01  1.43741322567561e-01  
1.42644213790888e-01  1.41680866967758e-01  1.40853912746260e-01  1.40164523991275e-01  
1.39612410367982e-01  1.39195828282855e-01  1.38911606016960e-01  1.38755183728500e-01  
1.38720667847722e-01  1.38800899238899e-01  1.38987534362872e-01  1.39271138540808e-01  
1.39641290296935e-01  1.40086695646152e-01  1.40595311092769e-01  1.41154474020242e-01  
1.41751039079351e-01  1.42371519124690e-01  1.43002229207004e-01  1.43629432102305e-01  
1.44239483847990e-01  1.44818977761462e-01  1.45354885437887e-01  1.45834693260445e-01  
1.46246533008333e-01  1.46579305214220e-01  1.46822794003163e-01  1.46967772238209e-01  
1.47006095903134e-01  1.46930786768729e-01  1.46736102514626e-01  1.46417593612476e-01  
1.45972146416893e-01  1.45398012056554e-01  1.44694820867595e-01  1.43863582263460e-01  
1.42906670087983e-01  1.41827793650198e-01  1.40631954788547e-01  1.39325391457277e-01  
1.37915508467386e-01  1.36410796147023e-01  1.34820737810485e-01  1.33155707039505e-01  
1.31426855884351e-01  1.29645995184185e-01  1.27825468285349e-01  1.25978019501836e-01  
1.24116658713705e-01  1.22254523535846e-01  1.20404740511278e-01  1.18580286789543e-01  
1.16793853742014e-01  1.15057713941951e-01  1.13383592898408e-01  1.11782546879862e-01  
1.10264848096465e-01  1.08839878429722e-01  1.07516032806066e-01  1.06300633207297e-01  
1.05199854197116e-01  1.04218660720432e-01  1.03360758801863e-01  1.02628559633340e-01  
1.02023157399466e-01  1.01544321044543e-01  1.01190500038759e-01  1.00958844054200e-01  
1.00845236315779e-01  1.00844340249363e-01  1.00949658910771e-01  1.01153606546316e-01  
1.01447591509691e-01  1.01822109642351e-01  1.02266847116464e-01  1.02770791642086e-01  
1.03322350854401e-01  1.03909476623547e-01  1.04519793969552e-01  1.05140733218624e-01  
1.05759664005244e-01  1.06364029707138e-01  1.06941480897799e-01  1.07480006413430e-01  
1.07968060658150e-01  1.08394685812494e-01  1.08749627665383e-01  1.09023443858128e-01  
1.09207603409991e-01  1.09294576487485e-01  1.09277913482968e-01  1.09152312581111e-01  
1.08913675113256e-01  1.08559148128348e-01  1.08087153743542e-01  1.07497404976531e-01  
1.06790907903462e-01  1.05969950129720e-01  1.05038075704214e-01  1.04000046749727e-01  
1.02861792220843e-01  1.01630344335534e-01  1.00313763355266e-01  9.89210515101812e-02  
9.74620569791747e-02  9.59473689384743e-02  9.43882047854541e-02  9.27962907259955e-02  
9.11837369828719e-02  8.95629089386689e-02  8.79462955691085e-02  8.63463765508499e-02  
8.47754894416658e-02  8.32456983301262e-02  8.17686653366588e-02  8.03555263181771e-02  
7.90167720847640e-02  7.77621363795561e-02  7.66004918026342e-02  7.55397547771040e-02  
7.45868005614972e-02  7.37473892081224e-02  7.30261032531134e-02  7.24262978018588e-02  
7.19500635444843e-02  7.15982031014538e-02  7.13702209605296e-02  7.12643271247282e-02  
7.12774544479828e-02  7.14052894924428e-02  7.16423166002003e-02  7.19818747341524e-02  
7.24162265091434e-02  7.29366387068429e-02  7.35334734473206e-02  7.41962890782247e-02  
7.49139497400190e-02  7.56747424739217e-02  7.64665006589995e-02  7.72767324970959e-02  
7.80927532096562e-02  7.89018195695802e-02  7.96912653644578e-02  8.04486363751786e-02  
8.11618234560983e-02  8.18191923196955e-02  8.24097086597791e-02  8.29230572925267e-02  
8.33497540534758e-02  8.36812492604888e-02  8.39100216369169e-02  8.40296616848824e-02  
8.40349436047929e-02  8.39218849728357e-02  8.36877935121054e-02  8.33313004239417e-02  
8.28523798826655e-02  8.22523544378303e-02  8.15338862119112e-02  8.07009539265907e-02  
7.97588159359875e-02  7.87139595888505e-02  7.75740373824321e-02  7.63477905070529e-02  
7.50449605108743e-02  7.36761899377875e-02  7.22529129063516e-02  7.07872367031895e-02  
6.92918155591123e-02  6.77797178595023e-02  6.62642881113011e-02  6.47590050465641e-02  
6.32773372863528e-02  6.18325980182564e-02  6.04378001556920e-02  5.91055134470991e-02  
5.78477249880442e-02  5.66757045590870e-02  5.55998761669177e-02  5.46296971058253e-02  
5.37735457807713e-02  5.30386194419841e-02  5.24308428732840e-02  5.19547889511661e-02  
5.16136118469409e-02  5.14089934770321e-02  5.13411036125508e-02  5.14085738328819e-02  
5.16084852420988e-02  5.19363695534365e-02  5.23862227773890e-02  5.29505303162837e-02  
5.36203017695629e-02  5.43851131946651e-02  5.52331539669744e-02  5.61512747775076e-02  
5.71250327649992e-02  5.81387294005952e-02  5.91754366689821e-02  6.02170075003986e-02  
6.12440675184130e-02  6.22359872099520e-02  6.31708368140863e-02  6.40253307219143e-02  
6.47747740190333e-02  6.53930308321666e-02  6.58525419489405e-02  6.61244270306653e-02  
6.61787135487279e-02  6.59847389329995e-02  6.55117726720593e-02  6.47298995260273e-02  
6.36111920620625e-02  6.21311793635611e-02  6.02705888221555e-02  5.80173004223113e-02  
5.53684103473724e-02  5.23322570842225e-02  4.89302238784730e-02  4.51981027475469e-02  
4.11867938927315e-02  3.69621261527390e-02  3.26036232111070e-02  2.82021078669157e-02  
2.38561303895626e-02  1.96673203035691e-02  1.57348834635382e-02  1.21495844553715e-02  
8.98765303241373e-03  6.30511762360610e-03  4.13308662488766e-03  2.47446153786390e-03  
1.30247367814406e-03  5.61293921921395e-04  1.68785575408699e-04  2.12724799352696e-05  
0.00000000000000e+00  
                Type                   L                   N
                   0                   2                   0
0.00000000000000e+00  -1.60707696352851e-04  -6.42544198661198e-04  -1.44465050952412e-03  
-2.56559750712073e-03  -4.00338974787207e-03  -5.75547077396621e-03  -7.81872990958524e-03  
-1.01895105251119e-02  -1.28636197440770e-02  -1.58363395631451e-02  -1.91024393510377e-02  
-2.26561896879678e-02  -2.64913775029252e-02  -3.06013224620100e-02  -3.49788945569880e-02  
-3.96165328393331e-02  -4.45062652412574e-02  -4.96397294216119e-02  -5.50081945710852e-02  
-6.06025841078557e-02  -6.64134991917700e-02  -7.24312429822450e-02  -7.86458455624396e-02  
-8.50470894498293e-02  -9.16245356111491e-02  -9.83675498977762e-02  -1.05265329816005e-01  
-1.12306931545339e-01  -1.19481297116914e-01  -1.26777281663444e-01  -1.34183680651745e-01  
-1.41689257008800e-01  -1.49282768052702e-01  -1.56952992140420e-01  -1.64688754945387e-01  
-1.72478955279279e-01  -1.80312590374100e-01  -1.88178780542801e-01  -1.96066793139137e-01  
-2.03966065740266e-01  -2.11866228478817e-01  -2.19757125454628e-01  -2.27628835160218e-01  
-2.35471689858239e-01  -2.43276293853585e-01  -2.51033540607601e-01  -2.58734628646857e-01  
-2.66371076224154e-01  -2.73934734694950e-01  -2.81417800577999e-01  -2.88812826274835e-01  
-2.96112729428662e-01  -3.03310800909267e-01  -3.10400711416653e-01  -3.17376516702280e-01  
-3.24232661412880e-01  -3.30963981567972e-01  -3.37565705688204e-01  -3.44033454597579e-01  
-3.50363239928404e-01  -3.56551461363430e-01  -3.62594902655001e-01  -3.68490726466221e-01  
-3.74236468084012e-01  -3.79830028058492e-01  -3.85269663827365e-01  -3.90553980387869e-01  
-3.95681920082323e-01  -4.00652751566433e-01  -4.05466058032129e-01  -4.10121724758980e-01  
-4.14619926069978e-01  -4.18961111768800e-01  -4.23145993136505e-01  -4.27175528565997e-01  
-4.31050908912478e-01  -4.34773542637550e-01  -4.38345040823632e-01  -4.41767202133833e-01  
-4.45041997790568e-01  -4.48171556643848e-01  -4.51158150397465e-01  -4.54004179058202e-01  
-4.56712156669744e-01  -4.59284697389223e-01  -4.61724501960249e-01  -4.64034344632012e-01  
-4.66217060569461e-01  -4.68275533794906e-01  -4.70212685696483e-01  -4.72031464133970e-01  
-4.73734833167388e-01  -4.75325763428770e-01  -4.76807223152353e-01  -4.78182169873506e-01  
-4.79453542801677e-01  -4.80624255867882e-01  -4.81697191442559e-01  -4.82675194715138e-01  
-4.83561068722403e-01  -4.84357570008727e-01  -4.85067404897510e-01  -4.85693226349710e-01  
-4.86237631382248e-01  -4.86703159016287e-01  -4.87092288722956e-01  -4.87407439332040e-01  
-4.87650968367477e-01  -4.87825171772193e-01  -4.87932283983883e-01  -4.87974478322821e-01  
-4.87953867652600e-01  -4.87872505274899e-01  -4.87732386019939e-01  -4.87535447495180e-01  
-4.87283571456005e-01  -4.86978585263680e-01  -4.86622263397645e-01  -4.86216328991259e-01  
-4.85762455362377e-01  -4.85262267512613e-01  -4.84717343571782e-01  -4.84129216166793e-01  
-4.83499373697113e-01  -4.82829261501927e-01  -4.82120282907044e-01  -4.81373800142651e-01  
-4.80591135125951e-01  -4.79773570105655e-01  -4.78922348168134e-01  -4.78038673607727e-01  
-4.77123712166311e-01  -4.76178591149628e-01  -4.75204399430082e-01  -4.74202187347753e-01  
-4.73172966523142e-01  -4.72117709596708e-01  -4.71037349911558e-01  -4.69932781156665e-01  
-4.68804856988753e-01  -4.67654390651475e-01  -4.66482154610698e-01  -4.65288880224683e-01  
-4.64075257467579e-01  -4.62841934724103e-01  -4.61589518672415e-01  -4.60318574271161e-01  
-4.59029624865362e-01  -4.57723152424342e-01  -4.56399597923259e-01  -4.55059361877973e-01  
-4.53702805041036e-01  -4.52330249264566e-01  -4.50941978533615e-01  -4.49538240171463e-01  
-4.48119246216060e-01  -4.46685174964622e-01  -4.45236172681196e-01  -4.43772355459897e-01  
-4.42293811234421e-01  -4.40800601922529e-01  -4.39292765692341e-01  -4.37770319335600e-01  
-4.36233260731567e-01  -4.34681571383849e-01  -4.33115219011362e-01  -4.31534160173699e-01  
-4.29938342910467e-01  -4.28327709373723e-01  -4.26702198432402e-01  -4.25061748227629e-01  
-4.23406298658102e-01  -4.21735793775194e-01  -4.20050184068164e-01  -4.18349428620812e-01  
-4.16633497122093e-01  -4.14902371714537e-01  -4.13156048665909e-01  -4.11394539851239e-01  
-4.09617874034228e-01  -4.07826097939023e-01  -4.06019277105473e-01  -4.04197496523142e-01  
-4.02360861041604e-01  -4.00509495556834e-01  -3.98643544975768e-01  -3.96763173963380e-01  
-3.94868566478868e-01  -3.92959925109644e-01  -3.91037470213948e-01  -3.89101438884802e-01  
-3.87152083749858e-01  -3.85189671623347e-01  -3.83214482027802e-01  -3.81226805604531e-01  
-3.79226942432883e-01  -3.77215200279220e-01  -3.75191892797142e-01  -3.73157337700910e-01  
-3.71111854934150e-01  -3.69055764855888e-01  -3.66989386465564e-01  -3.64913035688192e-01  
-3.62827023739962e-01  -3.60731655593607e-01  -3.58627228561608e-01  -3.56514031013882e-01  
-3.54392341244967e-01  -3.52262426503954e-01  -3.50124542198482e-01  -3.47978931282044e-01  
-3.45825823831710e-01  -3.43665436821129e-01  -3.41497974091372e-01  -3.39323626519873e-01  
-3.37142572385387e-01  -3.34954977924582e-01  -3.32760998073628e-01  -3.30560777385963e-01  
-3.28354451115327e-01  -3.26142146451185e-01  -3.23923983891842e-01  -3.21700078738883e-01  
-3.19470542695091e-01  -3.17235485546709e-01  -3.14995016909860e-01  -3.12749248020049e-01  
-3.10498293543118e-01  -3.08242273385592e-01  -3.05981314482293e-01  -3.03715552539170e-01  
-3.01445133709712e-01  -2.99170216183894e-01  -2.96890971669494e-01  -2.94607586746675e-01  
-2.92320264078079e-01  -2.90029223458124e-01  -2.87734702686970e-01  -2.85436958256430e-01  
-2.83136265837159e-01  -2.80832920558603e-01  -2.78527237075425e-01  -2.76219549416493e-01  
-2.73910210614897e-01  -2.71599592119884e-01  -2.69288082994040e-01  -2.66976088901449e-01  
-2.64664030894927e-01  -2.62352344012687e-01  -2.60041475697014e-01  -2.57731884049539e-01  
-2.55424035939661e-01  -2.53118404984361e-01  -2.50815469419241e-01  -2.48515709881942e-01  
-2.46219607130235e-01  -2.43927639717960e-01  -2.41640281652623e-01  -2.39358000058878e-01  
-2.37081252872206e-01  -2.34810486587011e-01  -2.32546134082945e-01  -2.30288612552589e-01  
-2.28038321552781e-01  -2.25795641200644e-01  -2.23560930534066e-01  -2.21334526054709e-01  
-2.19116740469874e-01  -2.16907861647522e-01  -2.14708151796607e-01  -2.12517846882585e-01  
-2.10337156285535e-01  -2.08166262705835e-01  -2.06005322319746e-01  -2.03854465184653e-01  
-2.01713795891089e-01  -1.99583394456042e-01  -1.97463317449514e-01  -1.95353599343761e-01  
-1.93254254072304e-01  -1.91165276783478e-01  -1.89086645771206e-01  -1.87018324563720e-01  
-1.84960264149185e-01  -1.82912405315672e-01  -1.80874681081579e-01  -1.78847019191561e-01  
-1.76829344652199e-01  -1.74821582281117e-01  -1.72823659242969e-01  -1.70835507545738e-01  
-1.68857066471075e-01  -1.66888284912972e-01  -1.64929123599889e-01  -1.62979557176581e-01  
-1.61039576123193e-01  -1.59109188490801e-01  -1.57188421434416e-01  -1.55277322526437e-01  
-1.53375960835814e-01  -1.51484427760510e-01  -1.49602837603375e-01  -1.47731327884169e-01  
-1.45870059383188e-01  -1.44019215914696e-01  -1.42179003831175e-01  -1.40349651262188e-01  
-1.38531407094435e-01  -1.36724539702246e-01  -1.34929335440424e-01  -1.33146096913809e-01  
-1.31375141040313e-01  -1.29616796926380e-01  -1.27871403575799e-01  -1.26139307454605e-01  
-1.24420859936383e-01  -1.22716414653552e-01  -1.21026324781295e-01  -1.19350940281578e-01  
-1.17690605135146e-01  -1.16045654589655e-01  -1.14416412451941e-01  -1.12803188452108e-01  
-1.11206275706399e-01  -1.09625948304898e-01  -1.08062459048869e-01  -1.06516037361064e-01  
-1.04986887390598e-01  -1.03475186332033e-01  -1.01981082976162e-01  -1.00504696507606e-01  
-9.90461155618522e-02  -9.76053975517066e-02  -9.61825682703691e-02  -9.47776217755187e-02  
-9.33905205559055e-02  -9.20211959790402e-02  -9.06695490156814e-02  -8.93354512339689e-02  
-8.80187460532628e-02  -8.67192502450741e-02  -8.54367556659123e-02  -8.41710312044795e-02  
-8.29218249234208e-02  -8.16888663738302e-02  -8.04718690589153e-02  -7.92705330216893e-02  
-7.80845475302687e-02  -7.69135938333488e-02  -7.57573479577094e-02  -7.46154835191741e-02  
-7.34876745183129e-02  -7.23735980923547e-02  -7.12729371952449e-02  -7.01853831785432e-02  
-6.91106382469148e-02  -6.80484177632925e-02  -6.69984523803771e-02  -6.59604899769786e-02  
-6.49342973797694e-02  -6.39196618532812e-02  -6.29163923434352e-02  -6.19243204624977e-02  
-6.09433012060917e-02  -5.99732133957294e-02  -5.90139598432379e-02  -5.80654672363979e-02  
-5.71276857480674e-02  -5.62005883739989e-02  -5.52841700074352e-02  -5.43784462613646e-02  
-5.34834520519980e-02  -5.25992399595719e-02  -5.17258783849452e-02  -5.08634495226419e-02  
-5.00120471729416e-02  -4.91717744173441e-02  -4.83427411831907e-02  -4.75250617244191e-02  
-4.67188520463228e-02  -4.59242273027994e-02  -4.51412991948694e-02  -4.43701733992441e-02  
-4.36109470554112e-02  -4.28637063390913e-02  -4.21285241490021e-02  -4.14054579326678e-02  
-4.06945476755303e-02  -3.99958140758801e-02  -3.93092569261380e-02  -3.86348537188171e-02  
-3.79725584930865e-02  -3.73223009352775e-02  -3.66839857439529e-02  -3.60574922673076e-02  
-3.54426744177426e-02  -3.48393608654621e-02  -3.42473555099320e-02  -3.36664382250259e-02  
-3.30963658707223e-02  -3.25368735613149e-02  -3.19876761773049e-02  -3.14484701054799e-02  
-3.09189351891794e-02  -3.03987368684372e-02  -2.98875284875815e-02  -2.93849537460156e-02  
-2.88906492662831e-02  -2.84042472521964e-02  -2.79253782087512e-02  -2.74536736948115e-02  
-2.69887690791103e-02  -2.65303062699920e-02  -2.60779363895222e-02  -2.56313223630978e-02  
-2.51901413965244e-02  -2.47540873136473e-02  -2.43228727290506e-02  -2.38962310320342e-02  
-2.34739181600397e-02  -2.30557141418966e-02  -2.26414243936781e-02  -2.22308807525683e-02  
-2.18239422369155e-02  -2.14204955235638e-02  -2.10204551365667e-02  -2.06237633444847e-02  
-2.02303897665956e-02  -1.98403306914888e-02  -1.94536081146280e-02  -1.90702685045187e-02  
-1.86903813100838e-02  -1.83140372246781e-02  -1.79413462248686e-02  -1.75724354045890e-02  
-1.72074466275788e-02  -1.68465340230506e-02  -1.64898613513325e-02  -1.61375992677294e-02  
-1.57899225140664e-02  -1.54470070682728e-02  -1.51090272829447e-02  -1.47761530440726e-02  
-1.44485469810292e-02  -1.41263617584984e-02  -1.38097374802671e-02  -1.34987992337273e-02  
-1.31936548025435e-02  -1.28943925732414e-02  -1.26010796595010e-02  -1.23137602656857e-02  
-1.20324543086574e-02  -1.17571563142175e-02  -1.14878346016250e-02  -1.12244307665840e-02  
-1.09668594699143e-02  -1.07150085358430e-02  -1.04687393605125e-02  -1.02278876279488e-02  
-9.99226432737065e-03  -9.76165706242516e-03  -9.53583163970653e-03  -9.31453392080879e-03  
-9.09749191920849e-03  -8.88441812049569e-03  -8.67501200191398e-03  -8.46896272484620e-03  
-8.26595197183382e-03  -8.06565689795410e-03  -7.86775316492856e-03  -7.67191802521782e-03  
-7.47783342257504e-03  -7.28518907510940e-03  -7.09368550683999e-03  -6.90303699402446e-03  
-6.71297439320016e-03  -6.52324781889928e-03  -6.33362914036260e-03  -6.14391426828343e-03  
-5.95392520464111e-03  -5.76351183101053e-03  -5.57255341334971e-03  -5.38095980412672e-03  
-5.18867232574839e-03  -4.99566432253388e-03  -4.80194137193577e-03  -4.60754114928732e-03  
-4.41253294402907e-03  -4.21701682909486e-03  -4.02112248887690e-03  -3.82500771491230e-03  
-3.62885658208551e-03  -3.43287732169997e-03  -3.23729991118740e-03  -3.04237340346376e-03  
-2.84836302197405e-03  -2.65554705025244e-03  -2.46421354733873e-03  -2.27465692260027e-03  
-2.08717440539112e-03  -1.90206244650840e-03  -1.71961308957007e-03  -1.54011035121231e-03  
-1.36382664938642e-03  -1.19101931901302e-03  -1.02192725382115e-03  -8.56767712365162e-04  
-6.95733324975340e-04  -5.38989336772424e-04  -3.86671119864776e-04  -2.38881985482930e-04  
-9.56913240913275e-05  4.28669015070386e-05  1.76795288374517e-04  3.06133732828688e-04  
4.30959762692634e-04  5.51388452068537e-04  6.67571912436858e-04  7.79698358127282e-04  
8.87990748528494e-04  9.92705013740820e-04  1.09412787470415e-03  1.19257427309797e-03  
1.28838443046781e-03  1.38192056005174e-03  1.47356325860802e-03  1.56370760914611e-03  
1.65275902880357e-03  1.74112889914940e-03  1.82923001890342e-03  1.91747192140427e-03  
2.00625610112121e-03  2.09597119504770e-03  2.18698816593535e-03  2.27965553499817e-03  
2.37429471192955e-03  2.47119546982728e-03  2.57061161189119e-03  2.67275687556468e-03  
2.77780111810473e-03  2.88586682539752e-03  2.99702598316153e-03  3.11129734648597e-03  
3.22864413987132e-03  3.34897221552366e-03  3.47212869246618e-03  3.59790109290703e-03  
3.72601698499339e-03  3.85614413224737e-03  3.98789113919214e-03  4.12080856939056e-03  
4.25439049573549e-03  4.38807642270564e-03  4.52125349588445e-03  4.65325888503927e-03  
4.78338219364305e-03  4.91086771095370e-03  5.03491628488709e-03  5.15468655895457e-03  
5.26929529065202e-03  5.37781646063698e-03  5.47927890323593e-03  5.57266225310211e-03  
5.65689112553047e-03  5.73082764411871e-03  5.79326271144960e-03  5.84290679210797e-03  
5.87838143781574e-03  5.89821331150802e-03  5.90083302095119e-03  5.88458159063742e-03  
5.84772779805905e-03  5.78849977270968e-03  5.70513408809096e-03  5.59594495634738e-03  
5.45941497128414e-03  5.29430709183280e-03  5.09979523503848e-03  4.87560806325260e-03  
4.62217751223365e-03  4.34078062307484e-03  4.03366070295715e-03  3.70411218836373e-03  
3.35651325706282e-03  2.99629160016803e-03  2.62981205067972e-03  2.26417999114547e-03  
1.90696139649389e-03  1.56582850128632e-03  1.24814865337890e-03  9.60541979119346e-04  
7.08440004489350e-04  4.95681366442364e-04  3.24181417724670e-04  1.93709415375047e-04  
1.01800058783330e-04  4.38158593552915e-05  1.31640943541094e-05  1.65820963173369e-06  
-0.00000000000000e+00  
