              0     0.00220248
       0.098696      -0.156958
       0.197392      -0.077385
       0.296088     -0.0508642
       0.394784     -0.0376063
        0.49348     -0.0296537
       0.592176     -0.0243536
       0.789568     -0.0177324
       0.888264     -0.0155271
        0.98696     -0.0137639
        1.08566     -0.0123222
        1.18435     -0.0111218
        1.28305     -0.0101068
        1.38174     -0.0092376
        1.57914    -0.00782721
        1.67783    -0.00724743
        1.77653    -0.00673269
        1.87522    -0.00627271
        1.97392    -0.00585929
        2.07262    -0.00548578
        2.17131    -0.00514674
        2.36871    -0.00455484
         2.4674    -0.00429508
         2.5661    -0.00405575
        2.66479    -0.00383457
        2.86219    -0.00343917
        2.96088    -0.00326182
        3.15827    -0.00294147
        3.25697    -0.00279638
        3.35567    -0.00266018
        3.45436     -0.0025321
        3.55306    -0.00241146
        3.65175    -0.00229766
        3.75045    -0.00219016
        3.94784    -0.00199218
        4.04654    -0.00190087
        4.14523    -0.00181419
        4.24393    -0.00173182
        4.34263    -0.00165347
        4.44132    -0.00157887
        4.54002    -0.00150777
        4.73741    -0.00137521
        4.83611    -0.00131336
         4.9348    -0.00125423
         5.0335    -0.00119765
        5.13219    -0.00114347
        5.23089    -0.00109157
        5.32959    -0.00104182
        5.52698   -0.000948293
        5.62567   -0.000904309
        5.72437   -0.000862051
        5.82307    -0.00082143
        6.02046   -0.000744779
        6.11915   -0.000708601
        6.31655   -0.000640203
        6.41524   -0.000607862
        6.51394   -0.000576684
        6.61263   -0.000546617
        6.71133   -0.000517612
        6.81003   -0.000489622
        6.90872   -0.000462604
        7.10612   -0.000411322
        7.20481   -0.000386981
        7.30351   -0.000363461
         7.4022   -0.000340728
         7.5009    -0.00031875
         7.5996   -0.000297499
        7.69829   -0.000276946
        7.89568   -0.000237828
        7.99438   -0.000219214
        8.09308   -0.000201198
        8.19177   -0.000183759
        8.29047   -0.000166877
        8.38916   -0.000150531
        8.48786   -0.000134701
        8.68525   -0.000104523
        8.78395   -9.01398e-05
        8.88264   -7.62063e-05
        8.98134   -6.27071e-05
        9.17873   -3.69548e-05
        9.27743   -2.46746e-05
        9.47482   -1.24245e-06
        9.57352    9.93335e-06
        9.67221    2.07641e-05
        9.77091    3.12605e-05
         9.8696    4.14329e-05
         9.9683    5.12913e-05
         10.067    6.08451e-05
        10.2644    7.90758e-05
        10.3631      8.777e-05
        10.4618    9.61944e-05
        10.5605    0.000104357
        10.6592    0.000112265
        10.7579    0.000119926
        10.8566    0.000127348
        11.1527     0.00014824
        11.2513    0.000154767
          11.35    0.000161087
        11.4487    0.000167204
        11.5474    0.000173124
        11.6461    0.000178853
        11.8435    0.000189757
        11.9422    0.000194941
        12.0409    0.000199954
        12.1396    0.000204799
         12.337    0.000214006
        12.4357    0.000218375
        12.6331    0.000226665
        12.7318    0.000230594
        12.8305    0.000234384
        12.9292    0.000238038
        13.0279    0.000241559
        13.1266    0.000244952
        13.2253    0.000248218
        13.4227    0.000254386
        13.5214    0.000257294
        13.6201    0.000260088
        13.7188     0.00026277
        13.8174    0.000265345
        13.9161    0.000267814
        14.0148    0.000270179
        14.2122    0.000274611
        14.3109    0.000276682
        14.4096    0.000278659
        14.5083    0.000280545
         14.607    0.000282342
        14.7057    0.000284053
        14.8044    0.000285678
        15.0018    0.000288681
        15.1005    0.000290063
        15.1992    0.000291368
        15.2979    0.000292598
        15.4953    0.000294838
         15.594    0.000295852
        15.7914    0.000297676
        15.8901    0.000298489
        15.9888    0.000299238
        16.0875    0.000299925
        16.1862     0.00030055
        16.2848    0.000301117
        16.3835    0.000301625
        16.5809    0.000302472
        16.6796    0.000302814
        16.7783    0.000303103
         16.877     0.00030334
        16.9757    0.000303527
        17.0744    0.000303664
        17.1731    0.000303753
        17.3705    0.000303791
        17.4692    0.000303743
        17.5679     0.00030365
        17.6666    0.000303515
        17.7653    0.000303338
         17.864     0.00030312
        17.9627    0.000302862
        18.1601    0.000302231
        18.2588    0.000301859
        18.3575    0.000301451
        18.4562    0.000301007
        18.6536    0.000300018
        18.7522    0.000299473
        18.9496    0.000298289
        19.0483     0.00029765
         19.147    0.000296982
        19.2457    0.000296284
        19.3444    0.000295558
        19.4431    0.000294805
        19.5418    0.000294024
        19.7392    0.000292385
        19.8379    0.000291527
        19.9366    0.000290645
        20.0353    0.000289739
         20.134     0.00028881
        20.2327    0.000287858
        20.3314    0.000286884
        20.5288    0.000284873
        20.6275    0.000283836
        20.7262     0.00028278
        20.8249    0.000281704
        20.9236     0.00028061
        21.0223    0.000279497
         21.121    0.000278367
        21.3183    0.000276054
         21.417    0.000274873
        21.5157    0.000273677
        21.6144    0.000272464
        21.8118    0.000269995
        21.9105    0.000268739
        22.1079    0.000266186
        22.2066     0.00026489
        22.3053    0.000263582
         22.404    0.000262261
        22.5027    0.000260929
        22.6014    0.000259585
        22.7001     0.00025823
        22.8975    0.000255489
        22.9962    0.000254103
        23.0949    0.000252708
        23.1936    0.000251303
        23.2923    0.000249889
         23.391    0.000248467
        23.4897    0.000247036
        23.7857    0.000242697
        23.8844    0.000241236
        23.9831    0.000239768
        24.0818    0.000238293
        24.1805    0.000236813
        24.2792    0.000235326
        24.4766    0.000232335
        24.5753    0.000230831
         24.674    0.000229323
        24.7727     0.00022781
        24.9701     0.00022477
        25.0688    0.000223244
        25.2662     0.00022018
        25.3649    0.000218643
        25.4636    0.000217103
        25.5623     0.00021556
         25.661    0.000214015
        25.7597    0.000212466
        25.8584    0.000210916
        26.0558    0.000207808
        26.1545    0.000206252
        26.2531    0.000204694
        26.3518    0.000203135
        26.4505    0.000201574
        26.5492    0.000200012
        26.6479     0.00019845
        26.8453    0.000195323
         26.944    0.000193759
        27.0427    0.000192195
        27.1414    0.000190631
        27.2401    0.000189067
        27.3388    0.000187503
        27.4375    0.000185939
        27.6349    0.000182814
        27.7336    0.000181253
        27.8323    0.000179692
         27.931    0.000178133
        28.1284    0.000175019
        28.2271    0.000173464
        28.4245    0.000170359
        28.5232    0.000168809
        28.6219    0.000167261
        28.7205    0.000165715
        28.8192    0.000164172
        28.9179    0.000162631
        29.0166    0.000161092
         29.214    0.000158023
        29.3127    0.000156492
        29.4114    0.000154964
        29.5101    0.000153439
        29.6088    0.000151918
        29.7075    0.000150399
        29.8062    0.000148884
        30.0036    0.000145863
        30.1023    0.000144358
         30.201    0.000142857
        30.2997    0.000141359
        30.3984    0.000139865
        30.4971    0.000138375
        30.5958    0.000136889
        30.7932    0.000133928
        30.8919    0.000132454
        30.9906    0.000130985
        31.0893    0.000129519
        31.2866    0.000126602
        31.3853     0.00012515
        31.5827    0.000122259
        31.6814    0.000120821
        31.7801    0.000119388
        31.8788    0.000117959
        31.9775    0.000116535
        32.0762    0.000115116
        32.1749    0.000113702
        32.3723     0.00011089
         32.471    0.000109491
        32.5697    0.000108098
        32.6684     0.00010671
        32.7671    0.000105327
        32.8658     0.00010395
        32.9645    0.000102577
        33.1619    9.98495e-05
        33.2606    9.84938e-05
        33.3593    9.71437e-05
         33.458    9.57991e-05
        33.5567    9.44601e-05
        33.6554    9.31268e-05
         33.754    9.17993e-05
        33.9514    8.91614e-05
        34.0501    8.78511e-05
        34.1488    8.65467e-05
        34.2475    8.52482e-05
        34.4449    8.26688e-05
        34.5436    8.13881e-05
         34.741    7.88446e-05
        34.8397    7.75819e-05
        34.9384    7.63253e-05
        35.0371    7.50748e-05
        35.1358    7.38303e-05
        35.2345    7.25921e-05
        35.3332      7.136e-05
        35.5306    6.89143e-05
        35.6293    6.77008e-05
         35.728    6.64936e-05
        35.8267    6.52926e-05
        35.9254    6.40978e-05
        36.0241    6.29094e-05
        36.1228    6.17273e-05
        36.4188     5.8219e-05
        36.5175    5.70623e-05
        36.6162    5.59119e-05
        36.7149     5.4768e-05
        36.8136    5.36304e-05
        36.9123    5.24993e-05
        37.1097    5.02563e-05
        37.2084    4.91444e-05
        37.3071     4.8039e-05
        37.4058    4.69401e-05
        37.6032    4.47616e-05
        37.7019    4.36821e-05
        37.8993    4.15425e-05
         37.998    4.04824e-05
        38.0967    3.94288e-05
        38.1954    3.83818e-05
        38.2941    3.73412e-05
        38.3928    3.63071e-05
        38.4915    3.52795e-05
        38.6888    3.32439e-05
        38.7875    3.22359e-05
        38.8862    3.12343e-05
        38.9849    3.02393e-05
        39.0836    2.92507e-05
        39.1823    2.82687e-05
         39.281    2.72931e-05
        39.4784    2.53615e-05
        39.5771    2.44055e-05
        39.6758    2.34559e-05
        39.7745    2.25128e-05
        39.8732    2.15762e-05
        39.9719    2.06461e-05
        40.0706    1.97224e-05
         40.268    1.78944e-05
        40.3667    1.69901e-05
        40.4654    1.60923e-05
        40.5641    1.52008e-05
        40.7615    1.34372e-05
        40.8602    1.25651e-05
        41.0576    1.08399e-05
        41.1563    9.98694e-06
        41.2549    9.14032e-06
        41.3536    8.30007e-06
        41.4523    7.46618e-06
         41.551    6.63862e-06
        41.6497     5.8174e-06
        41.8471    4.19391e-06
        41.9458    3.39162e-06
        42.0445    2.59562e-06
        42.1432    1.80589e-06
        42.2419    1.02242e-06
        42.3406    2.45198e-07
        42.4393   -5.25786e-07
        42.6367    -2.0491e-06
        42.7354   -2.80146e-06
        42.8341   -3.54764e-06
        42.9328   -4.28765e-06
        43.0315    -5.0215e-06
        43.1302   -5.74923e-06
        43.2289   -6.47082e-06
        43.4263   -7.89571e-06
         43.525   -8.59904e-06
        43.6237    -9.2963e-06
        43.7223   -9.98751e-06
        43.9197   -1.13519e-05
        44.0184   -1.20251e-05
        44.3145   -1.40088e-05
        44.4132   -1.46582e-05
        44.5119   -1.53016e-05
        44.6106   -1.59392e-05
        44.7093   -1.65709e-05
         44.808   -1.71967e-05
        45.0054   -1.84309e-05
        45.1041   -1.90393e-05
        45.2028   -1.96419e-05
        45.3015   -2.02387e-05
        45.4002   -2.08298e-05
        45.4989   -2.14152e-05
        45.5976   -2.19948e-05
         45.795   -2.31371e-05
        45.8937   -2.36998e-05
        45.9924   -2.42568e-05
        46.0911   -2.48082e-05
        46.1897    -2.5354e-05
        46.2884   -2.58943e-05
        46.3871    -2.6429e-05
        46.5845   -2.74819e-05
        46.6832   -2.80001e-05
        46.7819   -2.85128e-05
        46.8806   -2.90201e-05
         47.078   -3.00184e-05
        47.1767   -3.05095e-05
        47.3741   -3.14756e-05
        47.4728   -3.19506e-05
        47.5715   -3.24204e-05
        47.6702   -3.28849e-05
        47.7689   -3.33441e-05
        47.8676   -3.37981e-05
        47.9663   -3.42469e-05
        48.1637   -3.51289e-05
        48.2624   -3.55622e-05
        48.3611   -3.59904e-05
        48.4598   -3.64134e-05
        48.5585   -3.68314e-05
        48.6571   -3.72444e-05
        48.7558   -3.76523e-05
        49.0519    -3.8846e-05
        49.1506    -3.9234e-05
        49.2493   -3.96171e-05
         49.348   -3.99953e-05
        49.4467   -4.03686e-05
        49.5454    -4.0737e-05
        49.7428   -4.14594e-05
        49.8415   -4.18134e-05
        49.9402   -4.21627e-05
        50.0389   -4.25072e-05
        50.2363   -4.31821e-05
         50.335   -4.35126e-05
        50.5324   -4.41595e-05
        50.6311   -4.44761e-05
        50.7298   -4.47881e-05
        50.8285   -4.50955e-05
        50.9272   -4.53984e-05
        51.0259   -4.56968e-05
        51.1246   -4.59907e-05
        51.3219   -4.65651e-05
        51.4206   -4.68457e-05
        51.5193   -4.71219e-05
         51.618   -4.73937e-05
        51.7167   -4.76612e-05
        51.8154   -4.79243e-05
        51.9141   -4.81832e-05
        52.1115   -4.86881e-05
        52.2102   -4.89341e-05
        52.3089    -4.9176e-05
        52.4076   -4.94137e-05
        52.5063   -4.96472e-05
         52.605   -4.98766e-05
        52.7037   -5.01019e-05
        52.9011   -5.05402e-05
        52.9998   -5.07532e-05
        53.0985   -5.09623e-05
        53.1972   -5.11673e-05
        53.3946   -5.15655e-05
        53.4933   -5.17587e-05
        53.6906   -5.21334e-05
        53.7893   -5.23149e-05
         53.888   -5.24926e-05
        53.9867   -5.26665e-05
        54.0854   -5.28366e-05
        54.1841   -5.30029e-05
        54.2828   -5.31655e-05
        54.4802   -5.34795e-05
        54.5789   -5.36309e-05
        54.6776   -5.37788e-05
        54.7763    -5.3923e-05
         54.875   -5.40635e-05
        54.9737   -5.42005e-05
        55.0724    -5.4334e-05
        55.2698   -5.45902e-05
        55.3685   -5.47131e-05
        55.4672   -5.48325e-05
        55.5659   -5.49485e-05
        55.6646    -5.5061e-05
        55.7633   -5.51701e-05
         55.862   -5.52759e-05
        56.0594   -5.54773e-05
         56.158    -5.5573e-05
        56.2567   -5.56655e-05
        56.3554   -5.57546e-05
        56.5528   -5.59232e-05
        56.6515   -5.60027e-05
        56.8489   -5.61522e-05
        56.9476   -5.62222e-05
        57.0463   -5.62891e-05
         57.145   -5.63528e-05
        57.2437   -5.64136e-05
        57.3424   -5.64712e-05
        57.4411   -5.65259e-05
        57.6385   -5.66261e-05
        57.7372   -5.66718e-05
        57.8359   -5.67146e-05
        57.9346   -5.67544e-05
        58.0333   -5.67913e-05
         58.132   -5.68253e-05
        58.2307   -5.68565e-05
        58.4281   -5.69104e-05
        58.5268   -5.69331e-05
        58.6255   -5.69531e-05
        58.7241   -5.69703e-05
        58.8228   -5.69848e-05
        58.9215   -5.69966e-05
        59.0202   -5.70057e-05
        59.2176   -5.70159e-05
        59.3163    -5.7017e-05
         59.415   -5.70156e-05
        59.5137   -5.70115e-05
        59.7111   -5.69958e-05
        59.8098   -5.69841e-05
        60.0072   -5.69533e-05
        60.1059   -5.69341e-05
        60.2046   -5.69126e-05
        60.3033   -5.68886e-05
         60.402   -5.68622e-05
        60.5007   -5.68334e-05
        60.5994   -5.68023e-05
        60.7968   -5.67331e-05
        60.8955    -5.6695e-05
        60.9942   -5.66546e-05
        61.0929    -5.6612e-05
        61.1915   -5.65671e-05
        61.2902     -5.652e-05
        61.3889   -5.64707e-05
         61.685   -5.63097e-05
        61.7837   -5.62518e-05
        61.8824   -5.61917e-05
        61.9811   -5.61296e-05
        62.0798   -5.60654e-05
        62.1785   -5.59991e-05
        62.3759   -5.58605e-05
        62.4746   -5.57882e-05
        62.5733    -5.5714e-05
         62.672   -5.56377e-05
        62.8694   -5.54795e-05
        62.9681   -5.53975e-05
        63.1655   -5.52278e-05
        63.2642   -5.51403e-05
        63.3629   -5.50508e-05
        63.4616   -5.49596e-05
        63.5603   -5.48666e-05
        63.6589   -5.47717e-05
        63.7576   -5.46752e-05
         63.955   -5.44768e-05
        64.0537   -5.43751e-05
        64.1524   -5.42717e-05
        64.2511   -5.41666e-05
        64.3498   -5.40598e-05
        64.4485   -5.39514e-05
        64.5472   -5.38414e-05
        64.7446   -5.36166e-05
        64.8433   -5.35018e-05
         64.942   -5.33855e-05
        65.0407   -5.32676e-05
        65.1394   -5.31483e-05
        65.2381   -5.30274e-05
        65.3368    -5.2905e-05
        65.5342   -5.26559e-05
        65.6329   -5.25292e-05
        65.7316   -5.24011e-05
        65.8303   -5.22716e-05
        66.0277   -5.20084e-05
        66.1263   -5.18747e-05
        66.3237   -5.16034e-05
        66.4224   -5.14658e-05
        66.5211   -5.13269e-05
        66.6198   -5.11867e-05
        66.7185   -5.10453e-05
        66.8172   -5.09026e-05
        66.9159   -5.07587e-05
        67.1133   -5.04673e-05
         67.212   -5.03198e-05
        67.3107   -5.01711e-05
        67.4094   -5.00213e-05
        67.5081   -4.98703e-05
        67.6068   -4.97182e-05
        67.7055    -4.9565e-05
        67.9029   -4.92554e-05
        68.0016    -4.9099e-05
        68.1003   -4.89415e-05
         68.199    -4.8783e-05
        68.2977   -4.86235e-05
        68.3964   -4.84629e-05
        68.4951   -4.83014e-05
        68.6924   -4.79755e-05
        68.7911    -4.7811e-05
        68.8898   -4.76457e-05
        68.9885   -4.74794e-05
        69.1859   -4.71442e-05
        69.2846   -4.69752e-05
         69.482   -4.66348e-05
        69.5807   -4.64632e-05
        69.6794   -4.62909e-05
        69.7781   -4.61178e-05
        69.8768   -4.59438e-05
        69.9755   -4.57691e-05
        70.0742   -4.55936e-05
        70.2716   -4.52403e-05
        70.3703   -4.50626e-05
         70.469   -4.48841e-05
        70.5677   -4.47049e-05
        70.6664   -4.45251e-05
        70.7651   -4.43445e-05
        70.8638   -4.41633e-05
        71.0612   -4.37989e-05
        71.1598   -4.36157e-05
        71.2585   -4.34319e-05
        71.3572   -4.32475e-05
        71.4559   -4.30625e-05
        71.5546   -4.28769e-05
        71.6533   -4.26908e-05
        71.8507   -4.23168e-05
        71.9494    -4.2129e-05
        72.0481   -4.19407e-05
        72.1468   -4.17519e-05
        72.3442   -4.13727e-05
        72.4429   -4.11824e-05
        72.6403   -4.08003e-05
         72.739   -4.06086e-05
        72.8377   -4.04165e-05
        72.9364    -4.0224e-05
        73.0351    -4.0031e-05
        73.1338   -3.98377e-05
        73.2325   -3.96439e-05
        73.4299   -3.92553e-05
        73.5286   -3.90604e-05
        73.6272   -3.88652e-05
        73.7259   -3.86697e-05
        73.8246   -3.84738e-05
        73.9233   -3.82776e-05
         74.022   -3.80811e-05
        74.3181   -3.74898e-05
        74.4168   -3.72922e-05
        74.5155   -3.70943e-05
        74.6142   -3.68962e-05
        74.7129   -3.66978e-05
        74.8116   -3.64992e-05
         75.009   -3.61014e-05
        75.1077   -3.59022e-05
        75.2064   -3.57028e-05
        75.3051   -3.55032e-05
        75.5025   -3.51036e-05
        75.6012   -3.49035e-05
        75.7986   -3.45029e-05
        75.8973   -3.43025e-05
         75.996   -3.41019e-05
        76.0946   -3.39012e-05
        76.1933   -3.37004e-05
         76.292   -3.34996e-05
        76.3907   -3.32986e-05
        76.5881   -3.28965e-05
        76.6868   -3.26954e-05
        76.7855   -3.24942e-05
        76.8842    -3.2293e-05
        76.9829   -3.20917e-05
        77.0816   -3.18905e-05
        77.1803   -3.16892e-05
        77.3777   -3.12866e-05
        77.4764   -3.10854e-05
        77.5751   -3.08841e-05
        77.6738   -3.06829e-05
        77.7725   -3.04817e-05
        77.8712   -3.02806e-05
        77.9699   -3.00795e-05
        78.1673   -2.96775e-05
         78.266   -2.94766e-05
        78.3647   -2.92758e-05
        78.4634   -2.90751e-05
        78.6607    -2.8674e-05
        78.7594   -2.84736e-05
        78.9568   -2.80731e-05
        79.0555   -2.78731e-05
        79.1542   -2.76732e-05
        79.2529   -2.74735e-05
        79.3516   -2.72739e-05
        79.4503   -2.70745e-05
         79.549   -2.68752e-05
        79.7464   -2.64772e-05
        79.8451   -2.62785e-05
        79.9438     -2.608e-05
        80.0425   -2.58817e-05
        80.1412   -2.56836e-05
        80.2399   -2.54857e-05
        80.3386    -2.5288e-05
         80.536   -2.48933e-05
        80.6347   -2.46963e-05
        80.7334   -2.44996e-05
        80.8321   -2.43031e-05
        80.9308   -2.41069e-05
        81.0295   -2.39109e-05
        81.1281   -2.37152e-05
        81.3255   -2.33246e-05
        81.4242   -2.31297e-05
        81.5229   -2.29352e-05
        81.6216   -2.27409e-05
         81.819   -2.23533e-05
        81.9177   -2.21599e-05
        82.1151   -2.17742e-05
        82.2138   -2.15818e-05
        82.3125   -2.13898e-05
        82.4112   -2.11981e-05
        82.5099   -2.10067e-05
        82.6086   -2.08157e-05
        82.7073   -2.06251e-05
        82.9047   -2.02449e-05
        83.0034   -2.00553e-05
        83.1021   -1.98661e-05
        83.2008   -1.96774e-05
        83.2995   -1.94889e-05
        83.3982   -1.93009e-05
        83.4969   -1.91133e-05
        83.6942   -1.87393e-05
        83.7929   -1.85528e-05
        83.8916   -1.83668e-05
        83.9903   -1.81813e-05
         84.089   -1.79961e-05
        84.1877   -1.78114e-05
        84.2864   -1.76271e-05
        84.4838   -1.72598e-05
        84.5825   -1.70768e-05
        84.6812   -1.68942e-05
        84.7799   -1.67121e-05
        84.9773   -1.63493e-05
         85.076   -1.61686e-05
        85.2734   -1.58086e-05
        85.3721   -1.56293e-05
        85.4708   -1.54505e-05
        85.5695   -1.52721e-05
        85.6682   -1.50942e-05
        85.7669   -1.49169e-05
        85.8656     -1.474e-05
         86.063   -1.43877e-05
        86.1616   -1.42124e-05
        86.2603   -1.40375e-05
         86.359   -1.38631e-05
        86.4577   -1.36893e-05
        86.5564   -1.35159e-05
        86.6551   -1.33431e-05
        86.9512   -1.28278e-05
        87.0499   -1.26571e-05
        87.1486   -1.24869e-05
        87.2473   -1.23173e-05
         87.346   -1.21482e-05
        87.4447   -1.19796e-05
        87.6421   -1.16442e-05
        87.7408   -1.14773e-05
        87.8395   -1.13109e-05
        87.9382   -1.11451e-05
        88.1356   -1.08152e-05
        88.2343   -1.06511e-05
        88.4317   -1.03246e-05
        88.5304   -1.01622e-05
         88.629   -1.00004e-05
        88.7277   -9.83917e-06
        88.8264   -9.67851e-06
        88.9251   -9.51843e-06
        89.0238   -9.35893e-06
        89.2212    -9.0417e-06
        89.3199   -8.88397e-06
        89.4186   -8.72684e-06
        89.5173   -8.57029e-06
         89.616   -8.41435e-06
        89.7147     -8.259e-06
        89.8134   -8.10426e-06
        90.0108   -7.79658e-06
        90.1095   -7.64365e-06
        90.2082   -7.49133e-06
        90.3069   -7.33962e-06
        90.4056   -7.18852e-06
        90.5043   -7.03803e-06
         90.603   -6.88816e-06
        90.8004   -6.59028e-06
        90.8991   -6.44226e-06
        90.9978   -6.29487e-06
        91.0964    -6.1481e-06
        91.2938   -5.85644e-06
        91.3925   -5.71155e-06
        91.5899   -5.42366e-06
        91.6886   -5.28067e-06
        91.7873    -5.1383e-06
         91.886   -4.99657e-06
        91.9847   -4.85548e-06
        92.0834   -4.71502e-06
        92.1821    -4.5752e-06
        92.3795   -4.29748e-06
        92.4782   -4.15958e-06
        92.5769   -4.02232e-06
        92.6756   -3.88571e-06
        92.7743   -3.74974e-06
         92.873   -3.61441e-06
        92.9717   -3.47974e-06
        93.1691   -3.21232e-06
        93.2678   -3.07959e-06
        93.3665    -2.9475e-06
        93.4652   -2.81607e-06
        93.5638   -2.68528e-06
        93.6625   -2.55515e-06
        93.7612   -2.42567e-06
        93.9586   -2.16867e-06
        94.0573   -2.04115e-06
         94.156   -1.91429e-06
        94.2547   -1.78808e-06
        94.4521   -1.53763e-06
        94.5508    -1.4134e-06
        94.8469   -1.04463e-06
        94.9456    -9.2302e-07
        95.0443   -8.02072e-07
         95.143   -6.81784e-07
        95.2417   -5.62155e-07
        95.3404   -4.43186e-07
        95.5378   -2.07229e-07
        95.6365   -9.02407e-08
        95.7352    2.60867e-08
        95.8339    1.41753e-07
        95.9326    2.56759e-07
        96.0313    3.71104e-07
        96.1299    4.84787e-07
        96.3273    7.10171e-07
         96.426    8.21871e-07
        96.5247     9.3291e-07
        96.6234    1.04329e-06
        96.7221      1.153e-06
        96.8208    1.26206e-06
        96.9195    1.37045e-06
        97.1169    1.58526e-06
        97.2156    1.69168e-06
        97.3143    1.79743e-06
         97.413    1.90252e-06
        97.6104    2.11073e-06
        97.7091    2.21384e-06
        97.9065     2.4181e-06
        98.0052    2.51924e-06
        98.1039    2.61972e-06
        98.2026    2.71954e-06
        98.3013    2.81871e-06
           98.4    2.91722e-06
        98.4987    3.01507e-06
         98.696    3.20882e-06
        98.7947     3.3047e-06
        98.8934    3.39994e-06
        98.9921    3.49452e-06
        99.0908    3.58845e-06
        99.1895    3.68172e-06
        99.2882    3.77435e-06
        99.5843    4.04831e-06
         99.683    4.13834e-06
        99.7817    4.22771e-06
        99.8804    4.31644e-06
        99.9791    4.40452e-06
        100.078    4.49195e-06
        100.275    4.66489e-06
        100.374    4.75039e-06
        100.473    4.83524e-06
        100.571    4.91946e-06
        100.769    5.08596e-06
        100.867    5.16826e-06
        101.065    5.33093e-06
        101.163    5.41131e-06
        101.262    5.49105e-06
        101.361    5.57016e-06
         101.46    5.64864e-06
        101.558    5.72648e-06
        101.657    5.80369e-06
        101.854    5.95622e-06
        101.953    6.03154e-06
        102.052    6.10623e-06
         102.15     6.1803e-06
        102.249    6.25374e-06
        102.348    6.32656e-06
        102.446    6.39875e-06
        102.644    6.54127e-06
        102.743     6.6116e-06
        102.841    6.68132e-06
         102.94    6.75041e-06
        103.039    6.81889e-06
        103.137    6.88676e-06
        103.236    6.95401e-06
        103.433    7.08667e-06
        103.532    7.15209e-06
        103.631    7.21689e-06
         103.73     7.2811e-06
        103.927    7.40768e-06
        104.026    7.47007e-06
        104.223    7.59304e-06
        104.322    7.65362e-06
         104.42    7.71361e-06
        104.519      7.773e-06
        104.618    7.83179e-06
        104.717    7.88999e-06
        104.815     7.9476e-06
        105.013    8.06105e-06
        105.111    8.11689e-06
         105.21    8.17215e-06
        105.309    8.22681e-06
        105.407     8.2809e-06
        105.506     8.3344e-06
        105.605    8.38733e-06
        105.802    8.49144e-06
        105.901    8.54263e-06
            106    8.59325e-06
        106.098    8.64329e-06
        106.197    8.69276e-06
        106.296    8.74167e-06
        106.394       8.79e-06
        106.592    8.88497e-06
         106.69    8.93161e-06
        106.789    8.97769e-06
        106.888    9.02321e-06
        107.085    9.11258e-06
        107.184    9.15642e-06
        107.381    9.24246e-06
         107.48    9.28466e-06
        107.579     9.3263e-06
        107.677     9.3674e-06
        107.776    9.40795e-06
        107.875    9.44796e-06
        107.973    9.48743e-06
        108.171    9.56475e-06
         108.27     9.6026e-06
        108.368    9.63992e-06
        108.467    9.67671e-06
        108.566    9.71297e-06
        108.664    9.74869e-06
        108.763    9.78389e-06
         108.96    9.85271e-06
        109.059    9.88634e-06
        109.158    9.91945e-06
        109.257    9.95203e-06
        109.355    9.98411e-06
        109.454    1.00157e-05
        109.553    1.00467e-05
         109.75    1.01073e-05
        109.849    1.01368e-05
        109.947    1.01658e-05
        110.046    1.01943e-05
        110.243    1.02498e-05
        110.342    1.02768e-05
         110.54    1.03293e-05
        110.638    1.03548e-05
        110.737    1.03799e-05
        110.836    1.04044e-05
        110.934    1.04285e-05
        111.033     1.0452e-05
        111.132    1.04751e-05
        111.329    1.05199e-05
        111.428    1.05415e-05
        111.527    1.05627e-05
        111.625    1.05834e-05
        111.724    1.06036e-05
        111.823    1.06234e-05
        111.921    1.06427e-05
        112.217    1.06977e-05
        112.316    1.07152e-05
        112.415    1.07322e-05
        112.513    1.07487e-05
        112.612    1.07648e-05
        112.711    1.07804e-05
        112.908    1.08103e-05
        113.007    1.08245e-05
        113.106    1.08384e-05
        113.204    1.08518e-05
        113.402    1.08772e-05
          113.5    1.08893e-05
        113.698    1.09121e-05
        113.797    1.09229e-05
        113.895    1.09332e-05
        113.994    1.09432e-05
        114.093    1.09526e-05
        114.191    1.09617e-05
         114.29    1.09704e-05
        114.487    1.09864e-05
        114.586    1.09938e-05
        114.685    1.10008e-05
        114.783    1.10074e-05
        114.882    1.10135e-05
        114.981    1.10193e-05
         115.08    1.10247e-05
        115.277    1.10342e-05
        115.376    1.10383e-05
        115.474    1.10421e-05
        115.573    1.10454e-05
        115.672    1.10484e-05
         115.77     1.1051e-05
        115.869    1.10532e-05
        116.067    1.10564e-05
        116.165    1.10575e-05
        116.264    1.10581e-05
        116.363    1.10584e-05
         116.56    1.10578e-05
        116.659     1.1057e-05
        116.856    1.10542e-05
        116.955    1.10522e-05
        117.054    1.10499e-05
        117.152    1.10472e-05
        117.251    1.10442e-05
         117.35    1.10408e-05
        117.448     1.1037e-05
        117.646    1.10285e-05
        117.744    1.10237e-05
        117.843    1.10185e-05
        117.942     1.1013e-05
         118.04    1.10072e-05
        118.139     1.1001e-05
        118.238    1.09944e-05
        118.435    1.09804e-05
        118.534    1.09728e-05
        118.633    1.09649e-05
        118.731    1.09567e-05
         118.83    1.09482e-05
        118.929    1.09394e-05
        119.027    1.09302e-05
        119.225    1.09108e-05
        119.324    1.09007e-05
        119.422    1.08902e-05
        119.521    1.08795e-05
        119.718     1.0857e-05
        119.817    1.08453e-05
        120.014     1.0821e-05
        120.113    1.08083e-05
        120.212    1.07954e-05
         120.31    1.07822e-05
        120.409    1.07687e-05
        120.508    1.07549e-05
        120.607    1.07408e-05
        120.804    1.07117e-05
        120.903    1.06968e-05
        121.001    1.06815e-05
          121.1     1.0666e-05
        121.199    1.06502e-05
        121.297    1.06341e-05
        121.396    1.06177e-05
        121.594    1.05841e-05
        121.692    1.05669e-05
        121.791    1.05495e-05
         121.89    1.05318e-05
        121.988    1.05138e-05
        122.087    1.04955e-05
        122.186     1.0477e-05
        122.383    1.04392e-05
        122.482    1.04199e-05
         122.58    1.04004e-05
        122.679    1.03806e-05
        122.877    1.03402e-05
        122.975    1.03197e-05
        123.173    1.02779e-05
        123.271    1.02566e-05
         123.37    1.02351e-05
        123.469    1.02134e-05
        123.567    1.01914e-05
        123.666    1.01692e-05
        123.765    1.01468e-05
        123.962    1.01012e-05
        124.061    1.00781e-05
         124.16    1.00547e-05
        124.258    1.00312e-05
        124.357    1.00074e-05
        124.456    9.98339e-06
        124.554    9.95917e-06
         124.85    9.88523e-06
        124.949    9.86016e-06
        125.048    9.83489e-06
        125.147    9.80941e-06
        125.245    9.78373e-06
        125.344    9.75785e-06
        125.541    9.70549e-06
         125.64    9.67901e-06
        125.739    9.65234e-06
        125.837    9.62547e-06
        126.035    9.57118e-06
        126.134    9.54375e-06
        126.331    9.48833e-06
         126.43    9.46035e-06
        126.528    9.43219e-06
        126.627    9.40385e-06
        126.726    9.37534e-06
        126.824    9.34664e-06
        126.923    9.31778e-06
        127.121    9.25954e-06
        127.219    9.23017e-06
        127.318    9.20063e-06
        127.417    9.17093e-06
        127.515    9.14107e-06
        127.614    9.11104e-06
        127.713    9.08085e-06
         127.91    9.02001e-06
        128.009    8.98936e-06
        128.107    8.95856e-06
        128.206     8.9276e-06
        128.305     8.8965e-06
        128.404    8.86525e-06
        128.502    8.83385e-06
          128.7    8.77063e-06
        128.798     8.7388e-06
        128.897    8.70684e-06
        128.996    8.67474e-06
        129.193    8.61014e-06
        129.292    8.57764e-06
        129.489    8.51224e-06
        129.588    8.47935e-06
        129.687    8.44634e-06
        129.785     8.4132e-06
        129.884    8.37994e-06
        129.983    8.34656e-06
        130.081    8.31306e-06
        130.279     8.2457e-06
        130.377    8.21185e-06
        130.476    8.17789e-06
        130.575    8.14381e-06
        130.674    8.10963e-06
        130.772    8.07533e-06
        130.871    8.04093e-06
        131.068    7.97182e-06
        131.167    7.93711e-06
        131.266     7.9023e-06
        131.364    7.86739e-06
        131.463    7.83238e-06
        131.562    7.79727e-06
        131.661    7.76208e-06
        131.858     7.6914e-06
        131.957    7.65593e-06
        132.055    7.62036e-06
        132.154    7.58472e-06
        132.351    7.51316e-06
         132.45    7.47726e-06
        132.647    7.40522e-06
        132.746    7.36908e-06
        132.845    7.33286e-06
        132.944    7.29657e-06
        133.042     7.2602e-06
        133.141    7.22376e-06
         133.24    7.18725e-06
        133.437    7.11402e-06
        133.536    7.07731e-06
        133.634    7.04053e-06
        133.733    7.00368e-06
        133.832    6.96678e-06
        133.931    6.92981e-06
        134.029    6.89278e-06
        134.227    6.81855e-06
        134.325    6.78135e-06
        134.424     6.7441e-06
        134.523    6.70679e-06
        134.621    6.66943e-06
         134.72    6.63202e-06
        134.819    6.59456e-06
        135.016    6.51951e-06
        135.115    6.48191e-06
        135.214    6.44427e-06
        135.312    6.40659e-06
         135.51     6.3311e-06
        135.608     6.2933e-06
        135.806    6.21758e-06
        135.904    6.17967e-06
        136.003    6.14173e-06
        136.102    6.10376e-06
        136.201    6.06575e-06
        136.299    6.02771e-06
        136.398    5.98965e-06
        136.595    5.91344e-06
        136.694     5.8753e-06
        136.793    5.83714e-06
        136.891    5.79895e-06
         136.99    5.76074e-06
        137.089    5.72251e-06
        137.188    5.68427e-06
        137.484    5.56943e-06
        137.582    5.53112e-06
        137.681     5.4928e-06
         137.78    5.45447e-06
        137.878    5.41613e-06
        137.977    5.37778e-06
        138.174    5.30105e-06
        138.273    5.26268e-06
        138.372    5.22431e-06
        138.471    5.18593e-06
        138.668    5.10916e-06
        138.767    5.07078e-06
        138.964    4.99402e-06
        139.063    4.95565e-06
        139.161    4.91727e-06
         139.26    4.87891e-06
        139.359    4.84055e-06
        139.458     4.8022e-06
        139.556    4.76386e-06
        139.754     4.6872e-06
        139.852    4.64889e-06
        139.951    4.61059e-06
         140.05    4.57231e-06
        140.148    4.53404e-06
        140.247    4.49579e-06
        140.346    4.45756e-06
        140.543    4.38114e-06
        140.642    4.34297e-06
        140.741    4.30481e-06
        140.839    4.26668e-06
        140.938    4.22856e-06
        141.037    4.19048e-06
        141.135    4.15242e-06
        141.333    4.07637e-06
        141.431    4.03839e-06
         141.53    4.00044e-06
        141.629    3.96252e-06
        141.826    3.88677e-06
        141.925    3.84894e-06
        142.122    3.77339e-06
        142.221    3.73566e-06
         142.32    3.69798e-06
        142.418    3.66033e-06
        142.517    3.62272e-06
        142.616    3.58514e-06
        142.714    3.54761e-06
        142.912    3.47267e-06
        143.011    3.43526e-06
        143.109     3.3979e-06
        143.208    3.36058e-06
        143.307     3.3233e-06
        143.405    3.28608e-06
        143.504    3.24889e-06
        143.701    3.17467e-06
          143.8    3.13764e-06
        143.899    3.10065e-06
        143.998    3.06372e-06
        144.096    3.02683e-06
        144.195       2.99e-06
        144.294    2.95323e-06
        144.491    2.87983e-06
         144.59    2.84322e-06
        144.688    2.80667e-06
        144.787    2.77017e-06
        144.984    2.69734e-06
        145.083    2.66102e-06
        145.379    2.55242e-06
        145.478    2.51634e-06
        145.577    2.48033e-06
        145.675    2.44438e-06
        145.774     2.4085e-06
        145.873    2.37268e-06
         146.07    2.30124e-06
        146.169    2.26562e-06
        146.268    2.23007e-06
        146.366    2.19459e-06
        146.465    2.15918e-06
        146.564    2.12384e-06
        146.662    2.08857e-06
         146.86    2.01824e-06
        146.958    1.98319e-06
        147.057    1.94821e-06
        147.156     1.9133e-06
        147.254    1.87847e-06
        147.353    1.84372e-06
        147.452    1.80904e-06
        147.649    1.73991e-06
        147.748    1.70547e-06
        147.847     1.6711e-06
        147.945    1.63681e-06
        148.143    1.56847e-06
        148.241    1.53443e-06
        148.439    1.46658e-06
        148.538    1.43278e-06
        148.636    1.39906e-06
        148.735    1.36543e-06
        148.834    1.33188e-06
        148.932    1.29842e-06
        149.031    1.26504e-06
        149.228    1.19855e-06
        149.327    1.16543e-06
        149.426     1.1324e-06
        149.525    1.09946e-06
        149.623    1.06661e-06
        149.722    1.03385e-06
        149.821    1.00117e-06
        150.117    9.03699e-07
        150.215    8.71391e-07
        150.314    8.39176e-07
        150.413    8.07053e-07
        150.511    7.75024e-07
         150.61    7.43088e-07
        150.808      6.795e-07
        150.906    6.47849e-07
        151.005    6.16294e-07
        151.104    5.84834e-07
        151.301    5.22205e-07
          151.4    4.91037e-07
        151.597    4.28994e-07
        151.696     3.9812e-07
        151.795    3.67346e-07
        151.893    3.36671e-07
        151.992    3.06096e-07
        152.091    2.75622e-07
        152.189    2.45248e-07
        152.387    1.84804e-07
        152.485    1.54735e-07
        152.584    1.24768e-07
        152.683    9.49038e-08
        152.781    6.51426e-08
         152.88    3.54849e-08
        152.979    5.93086e-09
        153.176   -5.28644e-08
        153.275    -8.2105e-08
        153.374    -1.1124e-07
        153.472    -1.4027e-07
        153.571   -1.69194e-07
         153.67   -1.98012e-07
        153.768   -2.26724e-07
        153.966   -2.83825e-07
        154.065   -3.12215e-07
        154.163   -3.40498e-07
        154.262   -3.68672e-07
        154.459   -4.24694e-07
        154.558   -4.52542e-07
        154.755   -5.07911e-07
        154.854    -5.3543e-07
        154.953   -5.62839e-07
        155.051   -5.90138e-07
         155.15   -6.17327e-07
        155.249   -6.44404e-07
        155.348   -6.71371e-07
        155.545   -7.24969e-07
        155.644     -7.516e-07
        155.742   -7.78119e-07
        155.841   -8.04526e-07
         155.94    -8.3082e-07
        156.038   -8.57001e-07
        156.137   -8.83069e-07
        156.335   -9.34866e-07
        156.433   -9.60593e-07
        156.532   -9.86207e-07
        156.631   -1.01171e-06
        156.729   -1.03709e-06
        156.828   -1.06236e-06
        156.927   -1.08752e-06
        157.124   -1.13748e-06
        157.223   -1.16229e-06
        157.321   -1.18699e-06
         157.42   -1.21157e-06
        157.618   -1.26038e-06
        157.716   -1.28461e-06
        157.914   -1.33272e-06
        158.012    -1.3566e-06
        158.111   -1.38036e-06
         158.21   -1.40401e-06
        158.308   -1.42754e-06
        158.407   -1.45095e-06
        158.506   -1.47425e-06
        158.703   -1.52048e-06
        158.802   -1.54343e-06
        158.901   -1.56625e-06
        158.999   -1.58896e-06
        159.098   -1.61154e-06
        159.197   -1.63401e-06
        159.295   -1.65636e-06
        159.493   -1.70071e-06
        159.592    -1.7227e-06
         159.69   -1.74458e-06
        159.789   -1.76634e-06
        159.888   -1.78798e-06
        159.986    -1.8095e-06
        160.085    -1.8309e-06
        160.282   -1.87334e-06
        160.381   -1.89438e-06
         160.48    -1.9153e-06
        160.578    -1.9361e-06
        160.776   -1.97735e-06
        160.875    -1.9978e-06
        161.072   -2.03832e-06
        161.171   -2.05841e-06
        161.269   -2.07837e-06
        161.368   -2.09822e-06
        161.467   -2.11794e-06
        161.565   -2.13755e-06
        161.664   -2.15703e-06
        161.862   -2.19564e-06
         161.96   -2.21477e-06
        162.059   -2.23377e-06
        162.158   -2.25265e-06
        162.256   -2.27142e-06
        162.355   -2.29006e-06
        162.454   -2.30859e-06
         162.75   -2.36344e-06
        162.848   -2.38148e-06
        162.947   -2.39941e-06
        163.046   -2.41721e-06
        163.145   -2.43489e-06
        163.243   -2.45246e-06
        163.441   -2.48722e-06
        163.539   -2.50443e-06
        163.638   -2.52151e-06
        163.737   -2.53847e-06
        163.934   -2.57204e-06
        164.033   -2.58865e-06
         164.23   -2.62149e-06
        164.329   -2.63774e-06
        164.428   -2.65387e-06
        164.526   -2.66987e-06
        164.625   -2.68576e-06
        164.724   -2.70153e-06
        164.822   -2.71718e-06
         165.02   -2.74811e-06
        165.118   -2.76341e-06
        165.217   -2.77858e-06
        165.316   -2.79363e-06
        165.415   -2.80856e-06
        165.513   -2.82338e-06
        165.612   -2.83808e-06
        165.809   -2.86711e-06
        165.908   -2.88146e-06
        166.007   -2.89568e-06
        166.105   -2.90978e-06
        166.204   -2.92377e-06
        166.303   -2.93764e-06
        166.402   -2.95139e-06
        166.599   -2.97854e-06
        166.698   -2.99194e-06
        166.796   -3.00522e-06
        166.895   -3.01838e-06
        167.092   -3.04436e-06
        167.191   -3.05717e-06
        167.388   -3.08244e-06
        167.487    -3.0949e-06
        167.586   -3.10725e-06
        167.685   -3.11948e-06
        167.783   -3.13159e-06
        167.882   -3.14359e-06
        167.981   -3.15547e-06
        168.178   -3.17889e-06
        168.277   -3.19042e-06
        168.375   -3.20184e-06
        168.474   -3.21315e-06
        168.573   -3.22434e-06
        168.672   -3.23541e-06
         168.77   -3.24637e-06
        168.968   -3.26795e-06
        169.066   -3.27857e-06
        169.165   -3.28907e-06
        169.264   -3.29946e-06
        169.362   -3.30973e-06
        169.461    -3.3199e-06
         169.56   -3.32995e-06
        169.757   -3.34971e-06
        169.856   -3.35942e-06
        169.955   -3.36901e-06
        170.053    -3.3785e-06
        170.251   -3.39713e-06
        170.349   -3.40628e-06
        170.547   -3.42425e-06
        170.645   -3.43306e-06
        170.744   -3.44177e-06
        170.843   -3.45036e-06
        170.942   -3.45884e-06
         171.04   -3.46722e-06
        171.139   -3.47548e-06
        171.336   -3.49167e-06
        171.435   -3.49961e-06
        171.534   -3.50743e-06
        171.632   -3.51514e-06
        171.731   -3.52275e-06
         171.83   -3.53025e-06
        171.929   -3.53764e-06
        172.126   -3.55209e-06
        172.225   -3.55915e-06
        172.323   -3.56611e-06
        172.422   -3.57296e-06
        172.521    -3.5797e-06
        172.619   -3.58634e-06
        172.718   -3.59287e-06
        172.915   -3.60561e-06
        173.014   -3.61182e-06
        173.113   -3.61792e-06
        173.212   -3.62392e-06
        173.409    -3.6356e-06
        173.508   -3.64129e-06
        173.705   -3.65235e-06
        173.804   -3.65772e-06
        173.902   -3.66299e-06
        174.001   -3.66815e-06
          174.1   -3.67321e-06
        174.199   -3.67817e-06
        174.297   -3.68303e-06
        174.495   -3.69244e-06
        174.593   -3.69699e-06
        174.692   -3.70143e-06
        174.791   -3.70578e-06
        174.889   -3.71003e-06
        174.988   -3.71417e-06
        175.087   -3.71822e-06
        175.383   -3.72975e-06
        175.482    -3.7334e-06
         175.58   -3.73694e-06
        175.679   -3.74039e-06
        175.778   -3.74374e-06
        175.876   -3.74699e-06
        176.074    -3.7532e-06
        176.172   -3.75616e-06
        176.271   -3.75902e-06
         176.37   -3.76178e-06
        176.567   -3.76702e-06
        176.666   -3.76949e-06
        176.962   -3.77634e-06
        177.061   -3.77844e-06
        177.159   -3.78044e-06
        177.258   -3.78234e-06
        177.357   -3.78415e-06
        177.455   -3.78587e-06
        177.653   -3.78902e-06
        177.752   -3.79046e-06
         177.85   -3.79181e-06
        177.949   -3.79306e-06
        178.048   -3.79422e-06
        178.146   -3.79529e-06
        178.245   -3.79627e-06
        178.442   -3.79795e-06
        178.541   -3.79866e-06
         178.64   -3.79928e-06
        178.739    -3.7998e-06
        178.837   -3.80024e-06
        178.936   -3.80059e-06
        179.035   -3.80085e-06
        179.232    -3.8011e-06
        179.331    -3.8011e-06
        179.429     -3.801e-06
        179.528   -3.80082e-06
        179.725    -3.8002e-06
        179.824   -3.79976e-06
        180.022   -3.79863e-06
         180.12   -3.79793e-06
        180.219   -3.79715e-06
        180.318   -3.79628e-06
        180.416   -3.79533e-06
        180.515   -3.79429e-06
        180.614   -3.79318e-06
        180.811   -3.79069e-06
         180.91   -3.78932e-06
        181.009   -3.78787e-06
        181.107   -3.78634e-06
        181.206   -3.78472e-06
        181.305   -3.78303e-06
        181.403   -3.78125e-06
        181.601   -3.77745e-06
        181.699   -3.77543e-06
        181.798   -3.77333e-06
        181.897   -3.77116e-06
        181.996    -3.7689e-06
        182.094   -3.76656e-06
        182.193   -3.76415e-06
         182.39   -3.75908e-06
        182.489   -3.75644e-06
        182.588   -3.75371e-06
        182.686   -3.75091e-06
        182.884   -3.74507e-06
        182.982   -3.74204e-06
         183.18   -3.73575e-06
        183.279    -3.7325e-06
        183.377   -3.72917e-06
        183.476   -3.72576e-06
        183.575   -3.72228e-06
        183.673   -3.71873e-06
        183.772    -3.7151e-06
        183.969   -3.70763e-06
        184.068   -3.70379e-06
        184.167   -3.69987e-06
        184.266   -3.69589e-06
        184.364   -3.69183e-06
        184.463    -3.6877e-06
        184.562    -3.6835e-06
        184.759   -3.67489e-06
        184.858   -3.67048e-06
        184.956     -3.666e-06
        185.055   -3.66146e-06
        185.154   -3.65684e-06
        185.252   -3.65216e-06
        185.351   -3.64741e-06
        185.549   -3.63771e-06
        185.647   -3.63275e-06
        185.746   -3.62774e-06
        185.845   -3.62265e-06
        186.042   -3.61229e-06
        186.141   -3.60701e-06
        186.338   -3.59625e-06
        186.437   -3.59078e-06
        186.536   -3.58525e-06
        186.634   -3.57965e-06
        186.733   -3.57398e-06
        186.832   -3.56826e-06
         186.93   -3.56247e-06
        187.128   -3.55071e-06
        187.226   -3.54474e-06
        187.325   -3.53871e-06
        187.424   -3.53261e-06
        187.522   -3.52646e-06
        187.621   -3.52025e-06
         187.72   -3.51398e-06
        188.016    -3.4948e-06
        188.115    -3.4883e-06
        188.213   -3.48173e-06
        188.312   -3.47511e-06
        188.411   -3.46843e-06
        188.509    -3.4617e-06
        188.707   -3.44806e-06
        188.806   -3.44115e-06
        188.904    -3.4342e-06
        189.003   -3.42718e-06
          189.2   -3.41299e-06
        189.299   -3.40581e-06
        189.496    -3.3913e-06
        189.595   -3.38397e-06
        189.694   -3.37658e-06
        189.792   -3.36914e-06
        189.891   -3.36164e-06
         189.99    -3.3541e-06
        190.089    -3.3465e-06
        190.286   -3.33116e-06
        190.385   -3.32341e-06
        190.483   -3.31562e-06
        190.582   -3.30777e-06
        190.681   -3.29987e-06
        190.779   -3.29193e-06
        190.878   -3.28394e-06
        191.076   -3.26781e-06
        191.174   -3.25967e-06
        191.273   -3.25149e-06
        191.372   -3.24326e-06
         191.47   -3.23498e-06
        191.569   -3.22666e-06
        191.668   -3.21829e-06
        191.865   -3.20142e-06
        191.964   -3.19291e-06
        192.063   -3.18437e-06
        192.161   -3.17577e-06
        192.359   -3.15846e-06
        192.457   -3.14974e-06
        192.655   -3.13217e-06
        192.753   -3.12332e-06
        192.852   -3.11442e-06
        192.951   -3.10549e-06
        193.049   -3.09652e-06
        193.148    -3.0875e-06
        193.247   -3.07845e-06
        193.444   -3.06022e-06
        193.543   -3.05105e-06
        193.642   -3.04183e-06
         193.74   -3.03258e-06
        193.839   -3.02329e-06
        193.938   -3.01396e-06
        194.036    -3.0046e-06
        194.234   -2.98575e-06
        194.333   -2.97627e-06
        194.431   -2.96676e-06
         194.53   -2.95721e-06
        194.629   -2.94763e-06
        194.727     -2.938e-06
        194.826   -2.92835e-06
        195.023   -2.90893e-06
        195.122   -2.89917e-06
        195.221   -2.88938e-06
        195.319   -2.87955e-06
        195.517    -2.8598e-06
        195.616   -2.84987e-06
        195.912    -2.8199e-06
         196.01   -2.80985e-06
        196.109   -2.79977e-06
        196.208   -2.78965e-06
        196.306   -2.77951e-06
        196.405   -2.76933e-06
        196.603    -2.7489e-06
        196.701   -2.73863e-06
          196.8   -2.72834e-06
        196.899   -2.71802e-06
        196.997   -2.70768e-06
        197.096    -2.6973e-06
        197.195    -2.6869e-06
        197.392   -2.66601e-06
        197.491   -2.65553e-06
        197.589   -2.64502e-06
        197.688   -2.63448e-06
        197.787   -2.62392e-06
        197.886   -2.61334e-06
        197.984   -2.60273e-06
        198.182   -2.58143e-06
         198.28   -2.57075e-06
        198.379   -2.56004e-06
        198.478   -2.54931e-06
        198.675   -2.52778e-06
        198.774   -2.51698e-06
        198.971   -2.49532e-06
         199.07   -2.48445e-06
        199.169   -2.47357e-06
        199.267   -2.46266e-06
        199.366   -2.45173e-06
        199.465   -2.44078e-06
        199.563   -2.42982e-06
        199.761   -2.40782e-06
        199.859    -2.3968e-06
        199.958   -2.38575e-06
