  0.000000   -0.33634939608386   -1.10981176496303    0.00000000000000    0.00000000000000    0.00000000000000  
  0.010000   -0.33617369817827   -1.10937664043907   -0.00802068058112    0.02501704342419    0.00014560249632  
  0.020000   -0.33564698819762   -1.10807315544762   -0.01603141528477    0.04986152569058    0.00058230491536  
  0.030000   -0.33477041513078   -1.10590696262083   -0.02402232377197    0.07436218428141    0.00130979097868  
  0.040000   -0.33354588657764   -1.10288743941783   -0.03198365625847    0.09835034334729    0.00232753000854  
  0.050000   -0.33197605773544   -1.09902762309140   -0.03990585749104    0.12166118060332    0.00363477166179  
  0.060000   -0.33006431609670   -1.09434412035485   -0.04777962917473    0.14413496275396    0.00523053866497  
  0.070000   -0.32781476197454   -1.08885699245577   -0.05559599035496    0.16561823937821    0.00711361765721  
  0.080000   -0.32523218500263   -1.08258961655488   -0.06334633527571    0.18596498556294    0.00928254827572  
  0.090000   -0.32232203678753   -1.07556852449285   -0.07102248825599    0.20503768401263    0.01173561064549  
  0.100000   -0.31909039991953   -1.06782322020330   -0.07861675515200    0.22270833788241    0.01447081146024  
  0.110000   -0.31554395357578   -1.05938597719531   -0.08612197100092    0.23885940617566    0.01748586886456  
  0.120000   -0.31168993597418   -1.05029161768231   -0.09353154347422    0.25338465421041    0.02077819636794  
  0.130000   -0.30753610396007   -1.04057727507431   -0.10083949180363    0.26618991238577    0.02434488603996  
  0.140000   -0.30309069002812   -1.03028214167718   -0.10804048088051    0.27719373726339    0.02818269125109  
  0.150000   -0.29836235710063   -1.01944720355338   -0.11512985026990    0.28632796981335    0.03228800923624  
  0.160000   -0.29336015139876   -1.00811496459389   -0.12210363792284    0.29353818655041    0.03665686376806  
  0.170000   -0.28809345375656   -0.99632916192951   -0.12895859841465    0.29878404019874    0.04128488823267  
  0.180000   -0.28257192973755   -0.98413447487027   -0.13569221558261    0.30203948746196    0.04616730940429  
  0.190000   -0.27680547892116   -0.97157622960517   -0.14230270948256    0.30329290243324    0.05129893221454  
  0.200000   -0.27080418373028   -0.95870010191888   -0.14878903763143    0.30254707514778    0.05667412580866  
  0.210000   -0.26457825817297   -0.94555182018888   -0.15515089054954    0.29981909575002    0.06228681117421  
  0.220000   -0.25813799686907   -0.93217687091452   -0.16138868166377    0.29514012571063    0.06813045061745  
  0.230000   -0.25149372472853   -0.91862020899925   -0.16750353167870    0.28855505847650    0.07419803934937  
  0.240000   -0.24465574764006   -0.90492597495972   -0.17349724756847    0.28012207286108    0.08048209942690  
  0.250000   -0.23763430451869   -0.89113722116939   -0.17937229638555    0.26991208337547    0.08697467627574  
  0.260000   -0.23043952104764   -0.87729564916266   -0.18513177412499    0.25800809255452    0.09366733799893  
  0.270000   -0.22308136543386   -0.86344135992651   -0.19077936992246    0.24450445113913    0.10055117765117  
  0.280000   -0.21556960647866   -0.84961261899338   -0.19631932590166    0.22950603272957    0.10761681863189  
  0.290000   -0.20791377424393   -0.83584563802083   -0.20175639302157    0.21312733021832    0.11485442332143  
  0.300000   -0.20012312357198   -0.82217437440254   -0.20709578330534    0.19549148193853    0.12225370505425  
  0.310000   -0.19220660069203   -0.80863035030226   -0.21234311886054    0.17672923602047    0.12980394349105  
  0.320000   -0.18417281312019   -0.79524249233868   -0.21750437812560    0.15697786192946    0.13749400341909  
  0.330000   -0.17603000303162   -0.78203699297631   -0.22258583979745    0.13638001855899    0.14531235697565  
  0.340000   -0.16778602425445   -0.76903719449720   -0.22759402491254    0.11508258857097    0.15324710925620  
  0.350000   -0.15944832300477   -0.75626349624148   -0.23253563756610    0.09323548890726    0.16128602723386  
  0.360000   -0.15102392245085   -0.74373328561347   -0.23741750476307    0.07099046754146    0.16941657188325  
  0.370000   -0.14251941116344   -0.73146089315590   -0.24224651589834    0.04849989659735    0.17762593336834  
  0.380000   -0.13394093547711   -0.71945757179921   -0.24702956236426    0.02591557192855    0.18590106912151  
  0.390000   -0.12529419575574   -0.70773150019763   -0.25177347777908    0.00338752913550    0.19422874460977  
  0.400000   -0.11658444652423   -0.69628780987027   -0.25648497932165   -0.01893711420945    0.20259557655491  
  0.410000   -0.10781650039697   -0.68512863567597   -0.26117061064553   -0.04091528064699    0.21098807834653  
  0.420000   -0.09899473570420   -0.67425318896546   -0.26583668682884   -0.06240901011391    0.21939270736136  
  0.430000   -0.09012310768784   -0.66365785257695   -0.27048924179665   -0.08328648375987    0.22779591387988  
  0.440000   -0.08120516311090   -0.65333629667066   -0.27513397862817   -0.10342298615349    0.23618419127038  
  0.450000   -0.07224405809818   -0.64327961423780   -0.27977622313469   -0.12270179832203    0.24454412709380  
  0.460000   -0.06324257900170   -0.63347647496953   -0.28442088106305   -0.14101501471942    0.25286245476821  
  0.470000   -0.05420316606130   -0.62391329603361   -0.28907239924705   -0.15826427792470    0.26112610542116  
  0.480000   -0.04512793961087   -0.61457442818188   -0.29373473099293   -0.17436142562968    0.26932225955018  
  0.490000   -0.03601872856193   -0.60544235550088   -0.29841130594753   -0.18922904527429    0.27743839810822  
  0.500000   -0.02687710088077   -0.59649790702207   -0.30310500465763   -0.20280093252309    0.28546235262976  
  0.510000   -0.01770439576188   -0.58772047832778   -0.30781813798781   -0.21502245063931    0.29338235401703  
  0.520000   -0.00850175718957   -0.57908826122515   -0.31255243152171   -0.22585078869541    0.30118707961164  
  0.530000    0.00072983142818   -0.57057847951233   -0.31730901502800   -0.23525511745397    0.30886569818801  
  0.540000    0.00998951187513   -0.56216762883098   -0.32208841702914   -0.24321664265117    0.31640791251750  
  0.550000    0.01927651531549   -0.55383171858526   -0.32689056446675   -0.24972855630974    0.32380399917009  
  0.560000    0.02859012637980   -0.54554651391091   -0.33171478741472   -0.25479588759048    0.33104484523956  
  0.570000    0.03792964746894   -0.53728777569840   -0.33655982874788   -0.25843525555390    0.33812198170189  
  0.580000    0.04729436359188   -0.52903149671078   -0.34142385863320   -0.26067452703847    0.34502761314188  
  0.590000    0.05668350804426   -0.52075413189009   -0.34630449367004   -0.26155238366211    0.35175464361168  
  0.600000    0.06609622922461   -0.51243282101464   -0.35119882046790   -0.26111780271174    0.35829669841531  
  0.610000    0.07553155887156   -0.50404560195291   -0.35610342341404   -0.25942945739617    0.36464814164611  
  0.620000    0.08498838199031   -0.49557161285752   -0.36101441634954   -0.25655504259292    0.37080408933801  
  0.630000    0.09446540871889   -0.48699128175307   -0.36592747784165   -0.25257053281594    0.37676041812760  
  0.640000    0.10396114836549   -0.47828650209475   -0.37083788971206   -0.24755937966210    0.38251376936035  
  0.650000    0.11347388582669   -0.46944079300782   -0.37574057845592   -0.24161165645651    0.38806154861195  
  0.660000    0.12300166057376   -0.46043944306177   -0.38063015916523   -0.23482315820603    0.39340192063335  
  0.670000    0.13254224837000   -0.45126963658455   -0.38550098155218   -0.22729446528382    0.39853379976593  
  0.680000    0.14209314585655   -0.44192056168087   -0.39034717765370   -0.21912997950337    0.40345683591045  
  0.690000    0.15165155811817   -0.43238349928317   -0.39516271078849   -0.21043694139642    0.40817139617025  
  0.700000    0.16121438931322   -0.42265189273213   -0.39994142533074   -0.20132443758457    0.41267854232451  
  0.710000    0.17077823642485   -0.41272139755487   -0.40467709686239   -0.19190240712970    0.41698000432188  
  0.720000    0.18033938616281   -0.40258991128103   -0.40936348226688   -0.18228065566340    0.42107815001700  
  0.730000    0.18989381501756   -0.39225758330927   -0.41399436933231   -0.17256788593252    0.42497595140296  
  0.740000    0.19943719244117   -0.38172680500629   -0.41856362544062   -0.16287075315858    0.42867694762095  
  0.750000    0.20896488710282   -0.37100218038785   -0.42306524493215   -0.15329295329552    0.43218520505394  
  0.760000    0.21847197614026   -0.36009047789286   -0.42749339475034   -0.14393435188739    0.43550527483387  
  0.770000    0.22795325730395   -0.34900056391817   -0.43184245799113   -0.13489016077801    0.43864214811191  
  0.780000    0.23740326386621   -0.33774331892989   -0.43610707500368   -0.12625016941452    0.44160120945761  
  0.790000    0.24681628214554   -0.32633153710752   -0.44028218171450   -0.11809803691901    0.44438818876633  
  0.800000    0.25618637147468   -0.31477981060726   -0.44436304487520   -0.11051065048577    0.44700911206388  
  0.810000    0.26550738642234   -0.30310439965063   -0.44834529396413   -0.10355755499869    0.44947025160393  
  0.820000    0.27477300106031   -0.29132308975216   -0.45222494950518   -0.09730045806373    0.45177807565610  
  0.830000    0.28397673505275   -0.27945503749529   -0.45599844760093   -0.09179281391931    0.45393919838200  
  0.840000    0.29311198133082   -0.26752060634754   -0.45966266051334   -0.08707948893151    0.45596033019200  
  0.850000    0.30217203510478   -0.25554119407406   -0.46321491316210   -0.08319651060768    0.45784822896744  
  0.860000    0.31115012395668   -0.24353905336256   -0.46665299544840   -0.08017090127855    0.45960965252175  
  0.870000    0.32003943875043   -0.23153710731140   -0.46997517035029   -0.07802059681290    0.46125131265913  
  0.880000    0.32883316509174   -0.21955876145716   -0.47318017777398   -0.07675444994740    0.46277983117166  
  0.890000    0.33752451506878   -0.20762771402675   -0.47626723418348   -0.07637231704427    0.46420169809491  
  0.900000    0.34610675900492   -0.19576776609400   -0.47923602806871   -0.07686522633841    0.46552323251850  
  0.910000    0.35457325695790   -0.18400263329967   -0.48208671134868   -0.07821562501006    0.46675054622199  
  0.920000    0.36291748970524   -0.17235576075957   -0.48481988684161   -0.08039770172534    0.46788951037818  
  0.930000    0.37113308896285   -0.16085014273644   -0.48743659196809   -0.08337778063159    0.46894572553561  
  0.940000    0.37921386659372   -0.14950814858921   -0.48993827888490   -0.08711478218291    0.46992449505979  
  0.950000    0.38715384257515   -0.13835135643873   -0.49232679127754   -0.09156074560853    0.47083080217982  
  0.960000    0.39494727150652   -0.12740039590209   -0.49460433806659   -0.09666140732823    0.47166929075205  
  0.970000    0.40258866745489   -0.11667480115012   -0.49677346430847   -0.10235682916865    0.47244424981797  
  0.980000    0.41007282695281   -0.10619287543515   -0.49883701959288   -0.10858206984561    0.47315960199739  
  0.990000    0.41739484998097   -0.09597156811896   -0.50079812425896   -0.11526789285373    0.47381889572304  
  1.000000    0.42455015878800   -0.08602636510702   -0.50266013376771   -0.12234150364851    0.47442530128721  
  1.010000    0.43153451442039   -0.07637119346328   -0.50442660158173   -0.12972730881831    0.47498161063659  
  1.020000    0.43834403085729   -0.06701834084381   -0.50610124091234   -0.13734768982659    0.47549024081788  
  1.030000    0.44497518666681   -0.05797839024640   -0.50768788570070   -0.14512378385832    0.47595324094466  
  1.040000    0.45142483412360   -0.04926017043015   -0.50919045120217   -0.15297626432809    0.47637230252499  
  1.050000    0.45769020575019   -0.04087072221377   -0.51061289454256   -0.16082611370079    0.47674877296072  
  1.060000    0.46376891826752   -0.03281528071616   -0.51195917561091   -0.16859538143717    0.47708367200263  
  1.070000    0.46965897396324   -0.02509727345894   -0.51323321864626   -0.17620792010371    0.47737771092126  
  1.080000    0.47535875950862   -0.01771833410853   -0.51443887486535   -0.18359009297611    0.47763131413170  
  1.090000    0.48086704227670   -0.01067833149786   -0.51557988646455   -0.19067144681615    0.47784464299147  
  1.100000    0.48618296423582   -0.00397541343419   -0.51665985231311   -0.19738534390704    0.47801762147473  
  1.110000    0.49130603351265    0.00239393532736   -0.51768219563529   -0.20366954788987    0.47814996341334  
  1.120000    0.49623611373779    0.00843482168497   -0.51865013395750   -0.20946675844767    0.47824120098515  
  1.130000    0.50097341130520    0.01415386021843   -0.51956665157233   -0.21472509042920    0.47829071412364  
  1.140000    0.50551846069280    0.01955907759962   -0.52043447474525   -0.21939849358565    0.47829776051987  
  1.150000    0.50987210800652    0.02465980643339   -0.52125604986186   -0.22344710970534    0.47826150588737  
  1.160000    0.51403549292326    0.02946656965901   -0.52203352468403   -0.22683756456632    0.47818105416426  
  1.170000    0.51801002921956    0.03399095671366   -0.52276873285261   -0.22954319278049    0.47805547733308  
  1.180000    0.52179738408229    0.03824549271837   -0.52346318174254   -0.23154419426671    0.47788384454836  
  1.190000    0.52539945640531    0.04224350199384   -0.52411804374403   -0.23282772176014    0.47766525027462  
  1.200000    0.52881835428174    0.04599896724806   -0.52473415101059   -0.23338789943246    0.47739884115254  
  1.210000    0.53205637190479    0.04952638579909   -0.52531199368204   -0.23322577335784    0.47708384132913  
  1.220000    0.53511596609215    0.05284062420549   -0.52585172155818   -0.23234919520502    0.47671957600805  
  1.230000    0.53799973264828    0.05595677267294   -0.52635314916663   -0.23077264116153    0.47630549299865  
  1.240000    0.54071038277648    0.05889000058919   -0.52681576413767   -0.22851696869602    0.47584118206702  
  1.250000    0.54325071974868    0.06165541451077   -0.52723873876841   -0.22560911433251    0.47532639191825  
  1.260000    0.54562361603432    0.06426791988425   -0.52762094463062   -0.22208173614236    0.47476104466698  
  1.270000    0.54783199108201    0.06674208773306   -0.52796097004914   -0.21797280515001    0.47414524768163  
  1.280000    0.54987878993794    0.06909202747780   -0.52825714025313   -0.21332515029322    0.47347930271771  
  1.290000    0.55176696287361    0.07133126698522   -0.52850753997923   -0.20818596197384    0.47276371228512  
  1.300000    0.55349944618318    0.07347264085896   -0.52871003828513   -0.20260625957769    0.47199918322489  
  1.310000    0.55507914429609    0.07552818789410   -0.52886231531402   -0.19664032862881    0.47118662750085  
  1.320000    0.55650891333616    0.07750905851979   -0.52896189073450   -0.19034513347255    0.47032716024132  
  1.330000    0.55779154624140    0.07942543294903   -0.52900615356800   -0.18377971155173    0.46942209509493  
  1.340000    0.55892975954241    0.08128645064464   -0.52899239310559   -0.17700455544867    0.46847293699268  
  1.350000    0.55992618187888    0.08310015159572   -0.52891783060883   -0.17008098891465    0.46748137243496  
  1.360000    0.56078334431590    0.08487342978075   -0.52877965148542   -0.16307054309493    0.46644925744749  
  1.370000    0.56150367250294    0.08661199907346   -0.52857503762879   -0.15603433908482    0.46537860337339  
  1.380000    0.56208948069965    0.08832037172618   -0.52830119961274   -0.14903248282032    0.46427156068996  
  1.390000    0.56254296767409    0.09000184944446   -0.52795540843648   -0.14212347811780    0.46313040105804  
  1.400000    0.56286621446017    0.09165852694670   -0.52753502652323   -0.13536366343374    0.46195749782829  
  1.410000    0.56306118394333    0.09329130778515   -0.52703753768501   -0.12880667761999    0.46075530524318  
  1.420000    0.56312972222560    0.09489993209053   -0.52646057577964   -0.12250295960623    0.45952633658494  
  1.430000    0.56307356170440    0.09648301579275   -0.52580195180033   -0.11649928655289    0.45827314152853  
  1.440000    0.56289432578370    0.09803810076644   -0.52505967915632   -0.11083835458879    0.45699828296463  
  1.450000    0.56259353512056    0.09956171525167   -0.52423199692224   -0.10555840578318    0.45570431356074  
  1.460000    0.56217261529695    0.10104944381031   -0.52331739085506   -0.10069290450607    0.45439375232893  
  1.470000    0.56163290579353    0.10249600599551   -0.52231461200119   -0.09627026580912    0.45306906146583  
  1.480000    0.56097567013124    0.10389534283815   -0.52122269274013   -0.09231363791732    0.45173262372532  
  1.490000    0.56020210703655    0.10524071018975   -0.52004096013739   -0.08884074036473    0.45038672057627  
  1.500000    0.55931336247811    0.10652477790649   -0.51876904650567   -0.08586375874068    0.44903351138675  
  1.510000    0.55831054241596    0.10773973381488   -0.51740689710089   -0.08338929644281    0.44767501386328  
  1.520000    0.55719472609924    0.10887739136562   -0.51595477490735   -0.08141838326460    0.44631308595782  
  1.530000    0.55596697974539    0.10992929985952   -0.51441326249423   -0.07994654008410    0.44494940943799  
  1.540000    0.55462837043191    0.11088685611706   -0.51278326095359   -0.07896389837199    0.44358547529603  
  1.550000    0.55317998003209    0.11174141646219   -0.51106598595725   -0.07845537270712    0.44222257115116  
  1.560000    0.55162291902772    0.11248440790073   -0.50926296099695   -0.07840088398056    0.44086177077696  
  1.570000    0.54995834003527    0.11310743739409   -0.50737600789818   -0.07877563048975    0.43950392586156  
  1.580000    0.54818745088706    0.11360239815964   -0.50540723472250   -0.07955040367773    0.43814966008363  
  1.590000    0.54631152711534    0.11396157196989   -0.50335902119729   -0.08069194486213    0.43679936556124  
  1.600000    0.54433192369535    0.11417772647277   -0.50123400183320   -0.08216333892812    0.43545320170516  
  1.610000    0.54225008591265    0.11424420661423   -0.49903504691013   -0.08392444063293    0.43411109648138  
  1.620000    0.54006755923051    0.11415501931177   -0.49676524153073   -0.08593232888932    0.43277275006219  
  1.630000    0.53778599804516    0.11390491060252   -0.49442786295657   -0.08814178416313    0.43143764081928  
  1.640000    0.53540717322902    0.11348943457087   -0.49202635645625   -0.09050578393915    0.43010503358733  
  1.650000    0.53293297837607    0.11290501344820   -0.48956430990622   -0.09297601107985    0.42877399010279  
  1.660000    0.53036543467743    0.11214898837012   -0.48704542739451   -0.09550336982475    0.42744338149960  
  1.670000    0.52770669437052    0.11121966037280   -0.48447350208421   -0.09803850415428    0.42611190272227  
  1.680000    0.52495904272037    0.11011632131014   -0.48185238859799   -0.10053231327088    0.42477808869693  
  1.690000    0.52212489850717    0.10883927447521   -0.47918597518655   -0.10293645903080    0.42344033208311  
  1.700000    0.51920681301023    0.10738984481245   -0.47647815594307   -0.10520386029149    0.42209690241296  
  1.710000    0.51620746749395    0.10577037871042   -0.47373280332277   -0.10728916932000    0.42074596641112  
  1.720000    0.51312966921714    0.10398423346722   -0.47095374122056   -0.10914922563482    0.41938560927654  
  1.730000    0.50997634600225    0.10203575662090   -0.46814471885205   -0.11074348292483    0.41801385669901  
  1.740000    0.50675053941561    0.09993025543546   -0.46530938567262   -0.11203440500120    0.41662869737607  
  1.750000    0.50345539662414    0.09767395692655   -0.46245126755699   -0.11298782708778    0.41522810579219  
  1.760000    0.50009416100709    0.09527395890066   -0.45957374444719   -0.11357327913888    0.41381006502066  
  1.770000    0.49667016161411    0.09273817256564   -0.45668002966040   -0.11376426828645    0.41237258930925  
  1.780000    0.49318680157198    0.09007525734833   -0.45377315103053   -0.11353851795682    0.41091374621485  
  1.790000    0.48964754555326    0.08729454862581   -0.45085593403748   -0.11287816165615    0.40943167805788  
  1.800000    0.48605590642857    0.08440597914074   -0.44793098705783   -0.11176988989869    0.40792462247604  
  1.810000    0.48241543123275    0.08141999492640   -0.44500068884849   -0.11020504923751    0.40639093186727  
  1.820000    0.47872968658111    0.07834746661413   -0.44206717835244   -0.10817969284969    0.40482909152536  
  1.830000    0.47500224367746    0.07519959703395   -0.43913234689252   -0.10569458262096    0.40323773628575  
  1.840000    0.47123666305903    0.07198782604798   -0.43619783279526   -0.10275514316383    0.40161566551656  
  1.850000    0.46743647922567    0.06872373357576   -0.43326501846334   -0.09937136868448    0.39996185630767  
  1.860000    0.46360518530142    0.06541894178033   -0.43033502989138   -0.09555768408032    0.39827547473098  
  1.870000    0.45974621787575    0.06208501738474   -0.42740873859610   -0.09133276209999    0.39655588506591  
  1.880000    0.45586294216948    0.05873337507918   -0.42448676590954   -0.08671929882419    0.39480265690601  
  1.890000    0.45195863766676    0.05537518296066   -0.42156948956123   -0.08174375012676    0.39301557008594  
  1.900000    0.44803648434939    0.05202127091999   -0.41865705245451   -0.07643603214549    0.39119461739090  
  1.910000    0.44409954966344    0.04868204285429   -0.41574937352178   -0.07082918912934    0.38934000503450  
  1.920000    0.44015077634035    0.04536739353907   -0.41284616052489   -0.06495903232857    0.38745215091467  
  1.930000    0.43619297118603    0.04208663094158   -0.40994692464948   -0.05886375385499    0.38553168068034  
  1.940000    0.43222879494142    0.03884840469772   -0.40705099672659   -0.05258351965842    0.38357942166492  
  1.950000    0.42826075330726    0.03566064140842   -0.40415754490098   -0.04616004594074    0.38159639476445  
  1.960000    0.42429118921399    0.03253048733997   -0.40126559355355   -0.03963616345899    0.37958380435956  
  1.970000    0.42032227640517    0.02946425903481   -0.39837404327551   -0.03305537425349    0.37754302640060  
  1.980000    0.41635601438999    0.02646740225855   -0.39548169168383   -0.02646140537459    0.37547559479373  
  1.990000    0.41239422480647    0.02354445962322   -0.39258725486202   -0.01989776417317    0.37338318624293  
  2.000000    0.40843854922349    0.02069904713934   -0.38968938920643   -0.01340729966530    0.37126760371830  
  2.010000    0.40449044839533    0.01793383985957   -0.38678671345709   -0.00703177438174    0.36913075873430  
  2.020000    0.40055120296839    0.01525056668624   -0.38387783069264   -0.00081145096964    0.36697465263314  
  2.030000    0.39662191562577    0.01265001432442   -0.38096135007211    0.00521530237164    0.36480135707781  
  2.040000    0.39270351464113    0.01013204027224   -0.37803590811094    0.01101238376401    0.36261299396602  
  2.050000    0.38879675880024    0.00769559465247   -0.37510018928592    0.01654630323867    0.36041171498160  
  2.060000    0.38490224363521    0.00533875060344   -0.37215294577266    0.02178649874107    0.35819968100183  
  2.070000    0.38102040890401    0.00305874286547   -0.36919301612974    0.02670561958220    0.35597904157956  
  2.080000    0.37715154723629    0.00085201412099   -0.36621934275661    0.03127977472087    0.35375191471681  
  2.090000    0.37329581385569   -0.00128573142668   -0.36323098796594    0.03548874364036    0.35152036714181  
  2.100000    0.36945323727851   -0.00335946781852   -0.36022714852684    0.03931614798066    0.34928639529495  
  2.110000    0.36562373088025   -0.00537478109267   -0.35720716855216    0.04274958250184    0.34705190722006  
  2.120000    0.36180710521341   -0.00733779772366   -0.35417055062063    0.04578070437871    0.34481870554669  
  2.130000    0.35800308095332   -0.00925510849386   -0.35111696504355    0.04840528025875    0.34258847173620  
  2.140000    0.35421130234366   -0.01113368858272   -0.34804625720501    0.05062319094944    0.34036275174974  
  2.150000    0.35043135100899   -0.01298081469122   -0.34495845292459    0.05243839403346    0.33814294328036  
  2.160000    0.34666275999911   -0.01480398004246   -0.34185376181161    0.05385884513571    0.33593028467368  
  2.170000    0.34290502792851   -0.01661080811431   -0.33873257860045    0.05489637898154    0.33372584564267  
  2.180000    0.33915763307421   -0.01840896596653   -0.33559548247649    0.05556655178577    0.33153051986265  
  2.190000    0.33542004729650   -0.02020607802318   -0.33244323442240    0.05588844689409    0.32934501951162  
  2.200000    0.33169174964988   -0.02200964116021   -0.32927677263353    0.05588444595745    0.32716987180001  
  2.210000    0.32797223955521   -0.02382694192982   -0.32609720607046    0.05557996825360    0.32500541751258  
  2.220000    0.32426104940938   -0.02566497672629   -0.32290580623409    0.05500318107449    0.32285181156320  
  2.230000    0.32055775651511   -0.02753037566334   -0.31970399726599    0.05418468437017    0.32070902554218  
  2.240000    0.31686199422093   -0.02942933089145   -0.31649334449213    0.05315717307822    0.31857685221421  
  2.250000    0.31317346216999   -0.03136753003464   -0.31327554154271    0.05195508076881    0.31645491190475  
  2.260000    0.30949193556558   -0.03335009537104   -0.31005239619346    0.05061420839821    0.31434266069270  
  2.270000    0.30581727337200   -0.03538152932079   -0.30682581508551    0.04917134208688    0.31223940030842  
  2.280000    0.30214942537984   -0.03746566673847   -0.30359778749028    0.04766386392043    0.31014428961857  
  2.290000    0.29848843807702   -0.03960563443688   -0.30037036829392    0.04612935981268    0.30805635756304  
  2.300000    0.29483445927886   -0.04180381829437   -0.29714566038208    0.04460522846974    0.30597451739445  
  2.310000    0.29118774148295   -0.04406183822075   -0.29392579660985    0.04312829545222    0.30389758205765  
  2.320000    0.28754864392776   -0.04638053117708   -0.29071292154433    0.04173443625102    0.30182428053576  
  2.330000    0.28391763334666   -0.04875994236349   -0.28750917316763    0.04045821217043    0.29975327497951  
  2.340000    0.28029528342221   -0.05119932460768   -0.28431666472693    0.03933252265347    0.29768317842984  
  2.350000    0.27668227295833   -0.05369714590503   -0.28113746691484    0.03838827748927    0.29561257293826  
  2.360000    0.27307938280078   -0.05625110498073   -0.27797359055845    0.03765409211346    0.29354002788662  
  2.370000    0.26948749154849   -0.05885815466567   -0.27482696998864    0.03715600895291    0.29146411830683  
  2.380000    0.26590757011019   -0.06151453280127   -0.27169944725292    0.03691724747782    0.28938344300248  
  2.390000    0.26234067517188   -0.06421580031573   -0.26859275732503    0.03695798531106    0.28729664227766  
  2.400000    0.25878794165131   -0.06695688604486   -0.26550851445325    0.03729517240959    0.28520241508355  
  2.410000    0.25525057422511   -0.06973213780630   -0.26244819977666    0.03794237997941    0.28309953540101  
  2.420000    0.25172983802312   -0.07253537917681   -0.25941315032465    0.03890968541790    0.28098686768665  
  2.430000    0.24822704859222   -0.07535997136857   -0.25640454950017    0.04020359419873    0.27886338122094  
  2.440000    0.24474356123861   -0.07819887955369   -0.25342341913134    0.04182699922976    0.27672816320989  
  2.450000    0.24128075986323   -0.08104474294525   -0.25047061315968    0.04377917782597    0.27458043050615  
  2.460000    0.23784004540931   -0.08388994791001   -0.24754681301602    0.04605582605307    0.27241953983088  
  2.470000    0.23442282404433   -0.08672670336189   -0.24465252471786    0.04864912981583    0.27024499639516  
  2.480000    0.23103049520078   -0.08954711766680   -0.24178807770441    0.05154787169255    0.26805646083693  
  2.490000    0.22766443960053   -0.09234327627851   -0.23895362540776    0.05473757215739    0.26585375440877  
  2.500000    0.22432600738759   -0.09510731932261   -0.23614914754128    0.05820066348870    0.26363686237083  
  2.510000    0.22101650649191   -0.09783151835013   -0.23337445406940    0.06191669433798    0.26140593556287  
  2.520000    0.21773719134402   -0.10050835149490   -0.23062919080590    0.06586256263308    0.25916129014947  
  2.530000    0.21448925205639   -0.10313057628888   -0.22791284657241    0.07001277421436    0.25690340555211  
  2.540000    0.21127380418177   -0.10569129941688   -0.22522476183306    0.07433972435617    0.25463292060140  
  2.550000    0.20809187915278   -0.10818404272630   -0.22256413870781    0.07881399911012    0.25235062796193  
  2.560000    0.20494441549930   -0.11060280484855   -0.21993005225304    0.08340469322385    0.25005746690064  
  2.570000    0.20183225093229   -0.11294211783558   -0.21732146288686    0.08807974124081    0.24775451448703  
  2.580000    0.19875611537333   -0.11519709826809   -0.21473722982559    0.09280625827353    0.24544297533028  
  2.590000    0.19571662499922   -0.11736349234932   -0.21217612538886    0.09755088686756    0.24312416997345  
  2.600000    0.19271427736068   -0.11943771456106   -0.20963685002322    0.10228014633404    0.24079952207905  
  2.610000    0.18974944762288   -0.12141687952463   -0.20711804788796    0.10696078092798    0.23847054455238  
  2.620000    0.18682238596425   -0.12329882677907   -0.20461832284237    0.11156010328519    0.23613882476017  
  2.630000    0.18393321615794   -0.12508213826073   -0.20213625467105    0.11604632960330    0.23380600901066  
  2.640000    0.18108193534845   -0.12676614834240   -0.19967041538239    0.12038890316048    0.23147378646864  
  2.650000    0.17826841502390   -0.12835094636462   -0.19721938541617    0.12455880290791    0.22914387268414  
  2.660000    0.17549240317222   -0.12983737166739   -0.19478176959804    0.12852883404712    0.22681799291661  
  2.670000    0.17275352759762   -0.13122700120486   -0.19235621268275    0.13227389770905    0.22449786543791  
  2.680000    0.17005130036243   -0.13252212989932   -0.18994141433286    0.13577123708550    0.22218518499647  
  2.690000    0.16738512330767   -0.13372574396237   -0.18753614338686    0.13900065762376    0.21988160662253  
  2.700000    0.16475429459558   -0.13484148748027   -0.18513925127863    0.14194471917755    0.21758872994941  
  2.710000    0.16215801620667   -0.13587362262624   -0.18274968447954    0.14458889831027    0.21530808421967  
  2.720000    0.15959540231503   -0.13682698392438   -0.18036649584565    0.14692171926584    0.21304111413625  
  2.730000    0.15706548845655   -0.13770692704729   -0.17798885476395    0.14893485245474    0.21078916670900  
  2.740000    0.15456724139745   -0.13851927268187   -0.17561605600438    0.15062317964580    0.20855347923528  
  2.750000    0.15209956960340   -0.13927024604447   -0.17324752719845    0.15198482540237    0.20633516854015  
  2.760000    0.14966133420396   -0.13996641266765   -0.17088283487902    0.15302115465319    0.20413522158752  
  2.770000    0.14725136034252   -0.14061461111505   -0.16852168903120    0.15373673663843    0.20195448755800  
  2.780000    0.14486844879813   -0.14122188330880   -0.16616394611940    0.15413927581704    0.19979367147259  
  2.790000    0.14251138776331   -0.14179540317487   -0.16380961057104    0.15423951065921    0.19765332942437  
  2.800000    0.14017896466093   -0.14234240432548   -0.16145883471323    0.15405108157378    0.19553386546229  
  2.810000    0.13786997788277   -0.14287010750421   -0.15911191717419    0.15359036953170    0.19343553015283  
  2.820000    0.13558324833390   -0.14338564851909   -0.15676929977639    0.15287630723999    0.19135842082705  
  2.830000    0.13331763066897   -0.14389600738082   -0.15443156296355    0.15193016499301    0.18930248350190  
  2.840000    0.13107202411014   -0.14440793934844   -0.15209941981779    0.15077531357708    0.18726751644649  
  2.850000    0.12884538274077   -0.14492790856307   -0.14977370873735    0.14943696682719    0.18525317534610  
  2.860000    0.12663672517449   -0.14546202492156   -0.14745538485769    0.14794190662987    0.18325897999936  
  2.870000    0.12444514350590   -0.14601598480708   -0.14514551031149    0.14631819333078    0.18128432246780  
  2.880000    0.12226981145649   -0.14659501625302   -0.14284524343340    0.14459486463963    0.17932847658098  
  2.890000    0.12010999163773   -0.14720382906966   -0.14055582702581    0.14280162622555    0.17739060868642  
  2.900000    0.11796504186230   -0.14784657041197   -0.13827857581007    0.14096853726348    0.17546978951999  
  2.910000    0.11583442044407   -0.14852678621053   -0.13601486319536    0.13912569422557    0.17356500706101  
  2.920000    0.11371769043780   -0.14924738882758   -0.13376610750285    0.13730291621044    0.17167518022571  
  2.930000    0.11161452278019   -0.15001063123671   -0.13153375778796    0.13552943506860    0.16979917324446  
  2.940000    0.10952469830500   -0.15081808795864   -0.12931927940587    0.13383359351384    0.16793581056101  
  2.950000    0.10744810861634   -0.15167064291701   -0.12712413946773    0.13224255430948    0.16608389208713  
  2.960000    0.10538475581553   -0.15256848430892   -0.12494979233459    0.13078202348646    0.16424220864247  
  2.970000    0.10333475108861   -0.15351110651411   -0.12279766529511    0.12947599038778    0.16240955740858  
  2.980000    0.10129831217272   -0.15449731899686   -0.12066914457002    0.12834648714429    0.16058475722591  
  2.990000    0.09927575973090   -0.15552526208482   -0.11856556178219    0.12741336997054    0.15876666356550  
  3.000000    0.09726751267546   -0.15659242944081   -0.11648818102572    0.12669412443019    0.15695418301096  
  3.010000    0.09527408249083   -0.15769569697770   -0.11443818666028    0.12620369656026    0.15514628709234  
  3.020000    0.09329606661621   -0.15883135790281   -0.11241667194909    0.12595435146478    0.15334202532133  
  3.030000    0.09133414095783   -0.15999516351850   -0.11042462864970    0.12595556069511    0.15154053728622  
  3.040000    0.08938905160928   -0.16118236934927   -0.10846293765619    0.12621391942828    0.14974106367628  
  3.050000    0.08746160586560   -0.16238778611403   -0.10653236078059    0.12673309414031    0.14794295611685  
  3.060000    0.08555266262416   -0.16360583501575   -0.10463353374918    0.12751380115158    0.14614568571056  
  3.070000    0.08366312227092   -0.16483060677905   -0.10276696047651    0.12855381609859    0.14434885019393  
  3.080000    0.08179391615568   -0.16605592383106   -0.10093300866714    0.12984801406595    0.14255217963472  
  3.090000    0.07994599576364   -0.16727540499140   -0.09913190678104    0.13138843979513    0.14075554061113  
  3.100000    0.07812032169358   -0.16848253201428   -0.09736374238507    0.13316440707775    0.13895893883127  
  3.110000    0.07631785255433   -0.16967071730932   -0.09562846189873    0.13516262614304    0.13716252016809  
  3.120000    0.07453953389192   -0.17083337215806   -0.09392587172834    0.13736735756445    0.13536657010279  
  3.130000    0.07278628725912   -0.17196397474065   -0.09225564076998    0.13976059094304    0.13357151158702  
  3.140000    0.07105899953749   -0.17305613729090   -0.09061730424801    0.14232224637681    0.13177790135163  
  3.150000    0.06935851261898   -0.17410367170917   -0.08901026884261    0.14503039649884    0.12998642470641  
  3.160000    0.06768561355059   -0.17510065297974   -0.08743381904738    0.14786150666499    0.12819788889208  
  3.170000    0.06604102524049   -0.17604147976347   -0.08588712468587    0.15079069069533    0.12641321506116  
  3.180000    0.06442539781809   -0.17692093156670   -0.08436924950493    0.15379197942539    0.12463342897934  
  3.190000    0.06283930073407   -0.17773422192332   -0.08287916075237    0.15683859920395    0.12285965055266  
  3.200000    0.06128321567828   -0.17847704706850   -0.08141573963715    0.15990325738492    0.12109308229849  
  3.210000    0.05975753038558   -0.17914562962927   -0.07997779256206    0.16295843180318    0.11933499688942  
  3.220000    0.05826253339013   -0.17973675690817   -0.07856406301197    0.16597666119744    0.11758672390918  
  3.230000    0.05679840977931   -0.18024781339176   -0.07717324397461    0.16893083354860    0.11584963596767  
  3.240000    0.05536523798820   -0.18067680717426   -0.07580399076641    0.17179446933842    0.11412513432934  
  3.250000    0.05396298766493   -0.18102239004856   -0.07445493413266    0.17454199680087    0.11241463421338  
  3.260000    0.05259151862660   -0.18128387108076   -0.07312469348915    0.17714901633573    0.11071954992811  
  3.270000    0.05125058091420   -0.18146122355008   -0.07181189017205    0.17959255138089    0.10904128000287  
  3.280000    0.04993981594432   -0.18155508520266   -0.07051516056319    0.18185128319297    0.10738119248044  
  3.290000    0.04865875874381   -0.18156675183484   -0.06923316896032    0.18390576716587    0.10574061053108  
  3.300000    0.04740684124346   -0.18149816428806   -0.06796462006491    0.18573862852006    0.10412079854513  
  3.310000    0.04618339659548   -0.18135188900336   -0.06670827096481    0.18733473542024    0.10252294885544  
  3.320000    0.04498766446983   -0.18113109234744   -0.06546294249491    0.18868134782287    0.10094816923411  
  3.330000    0.04381879727449   -0.18083950898386   -0.06422752986568    0.18976824061592    0.09939747129851  
  3.340000    0.04267586723556   -0.18048140462221   -0.06300101245756    0.19058779988694    0.09787175995195  
  3.350000    0.04155787426466   -0.18006153353297   -0.06178246268819    0.19113509144104    0.09637182397230  
  3.360000    0.04046375453327   -0.17958509126771   -0.06057105386898    0.19140790098296    0.09489832784930  
  3.370000    0.03939238966669   -0.17905766307086   -0.05936606697864    0.19140674567540    0.09345180495732  
  3.380000    0.03834261646417   -0.17848516851126   -0.05816689629182    0.19113485708476    0.09203265213550  
  3.390000    0.03731323704680   -0.17787380289838   -0.05697305381367    0.19059813582365    0.09064112573178  
  3.400000    0.03630302933034   -0.17722997607889   -0.05578417248251    0.18980507849275    0.08927733915101  
  3.410000    0.03531075771735   -0.17656024923397   -0.05460000811611    0.18876667781043    0.08794126193099  
  3.420000    0.03433518390071   -0.17587127031662   -0.05342044008909    0.18749629709404    0.08663272035343  
  3.430000    0.03337507766995   -0.17516970878013   -0.05224547074230    0.18600952051852    0.08535139957997  
  3.440000    0.03242922761151   -0.17446219025456   -0.05107522353732    0.18432398082450    0.08409684728697  
  3.450000    0.03149645159580   -0.17375523182737   -0.04990993998188    0.18245916637551    0.08286847875620  
  3.460000    0.03057560694580   -0.17305517857653   -0.04874997536414    0.18043620967087    0.08166558336293  
  3.470000    0.02966560018552   -0.17236814199073   -0.04759579334532    0.17827765960517    0.08048733238770  
  3.480000    0.02876539627101   -0.17169994089113   -0.04644795947159    0.17600723992481    0.07933278806367  
  3.490000    0.02787402721174   -0.17105604544248   -0.04530713367628    0.17364959646544    0.07820091375842  
  3.500000    0.02699059999674   -0.17044152480961   -0.04417406185344    0.17123003586021    0.07709058517641  
  3.510000    0.02611430374675   -0.16986099897739   -0.04304956659242    0.16877425848653    0.07600060245794  
  3.520000    0.02524441602154   -0.16931859520984   -0.04193453717126    0.16630808846722    0.07492970304052  
  3.530000    0.02438030822037   -0.16881790957619   -0.04082991891325    0.16385720356130    0.07387657514063  
  3.540000    0.02352145002242   -0.16836197392070   -0.03973670201718    0.16144686776876    0.07283987170747  
  3.550000    0.02266741282411   -0.16795322859720   -0.03865590997616    0.15910166943419    0.07181822469532  
  3.560000    0.02181787213997   -0.16759350123144   -0.03758858770365    0.15684526756486    0.07081025949801  
  3.570000    0.02097260894469   -0.16728399171305   -0.03653578948736    0.15470014898275    0.06981460938756  
  3.580000    0.02013150994416   -0.16702526355641   -0.03549856689310    0.15268739880588    0.06882992979939  
  3.590000    0.01929456677446   -0.16681724170550   -0.03447795674020    0.15082648660561    0.06785491230839  
  3.600000    0.01846187413846   -0.16665921679295   -0.03347496926899    0.14913507041342    0.06688829814389  
  3.610000    0.01763362690034   -0.16654985579912   -0.03249057661827    0.14762882055578    0.06592889109697  
  3.620000    0.01681011616879   -0.16648721899256   -0.03152570172686    0.14632126508118    0.06497556968045  
  3.630000    0.01599172441007   -0.16646878297066   -0.03058120776868    0.14522365831076    0.06402729841035  
  3.640000    0.01517891964147   -0.16649146955825   -0.02965788822492    0.14434487379691    0.06308313808751  
  3.650000    0.01437224876523   -0.16655168026362   -0.02875645768984    0.14369132271415    0.06214225496928  
  3.660000    0.01357233011152   -0.16664533593608   -0.02787754349909    0.14326689843724    0.06120392873340  
  3.670000    0.01277984526704   -0.16676792121742   -0.02702167826082    0.14307294778493    0.06026755914990  
  3.680000    0.01199553027270   -0.16691453333224   -0.02618929336034    0.14310826912762    0.05933267139085  
  3.690000    0.01122016628078   -0.16707993471917   -0.02538071349913    0.14336913727538    0.05839891992299  
  3.700000    0.01045456976646   -0.16725860896696   -0.02459615231840    0.14384935478391    0.05746609094403  
  3.710000    0.00969958239404   -0.16744481948712   -0.02383570914644    0.14454032904051    0.05653410333915  
  3.720000    0.00895606064077   -0.16763267032798   -0.02309936689736    0.14543117422574    0.05560300815076  
  3.730000    0.00822486528412   -0.16781616851408   -0.02238699113764    0.14650883698923    0.05467298657075  
  3.740000    0.00750685085961   -0.16798928728054   -0.02169833032495    0.14775824443457    0.05374434648075  
  3.750000    0.00680285519617   -0.16814602956332   -0.02103301721200    0.14916247278007    0.05281751758163  
  3.760000    0.00611368913589   -0.16828049110487   -0.02039057139689    0.15070293485150    0.05189304516917  
  3.770000    0.00544012654240   -0.16838692253871   -0.01977040298990    0.15235958437280    0.05097158262726  
  3.780000    0.00478289469971   -0.16845978982777   -0.01917181735585    0.15411113485179    0.05005388272420  
  3.790000    0.00414266519914   -0.16849383244814   -0.01859402088061    0.15593529071329    0.04914078781064  
  3.800000    0.00352004540711   -0.16848411873315   -0.01803612770048    0.15780898821148    0.04823321902940  
  3.810000    0.00291557060055   -0.16842609782182   -0.01749716732385    0.15970864355986    0.04733216465843  
  3.820000    0.00232969685027   -0.16831564769002   -0.01697609306607    0.16161040564986    0.04643866771724  
  3.830000    0.00176279472461   -0.16814911878263   -0.01647179121081    0.16349041069025    0.04555381297517  
  3.840000    0.00121514387783   -0.16792337280949   -0.01598309080427    0.16532503608790    0.04467871350626  
  3.850000    0.00068692857857   -0.16763581631655   -0.01550877398285    0.16709115090735    0.04381449694019  
  3.860000    0.00017823422415   -0.16728442869679   -0.01504758673018    0.16876636029093    0.04296229156191  
  3.870000   -0.00031095512330   -0.16686778436098   -0.01459824995532    0.17032924129293    0.04212321241421  
  3.880000   -0.00078075815330   -0.16638506884771   -0.01415947078166    0.17175956767916    0.04129834755713  
  3.890000   -0.00123139666110   -0.16583608871260   -0.01372995393415    0.17303852136657    0.04048874463606  
  3.900000   -0.00166319483511   -0.16522127509956   -0.01330841311215    0.17414888832459    0.03969539790723  
  3.910000   -0.00207657748414   -0.16454168096015   -0.01289358223590    0.17507523692959    0.03891923586372  
  3.920000   -0.00247206722187   -0.16379897195123   -0.01248422645627    0.17580407695320    0.03816110959850  
  3.930000   -0.00285028063611   -0.16299541110419   -0.01207915282024    0.17632399757419    0.03742178203288  
  3.940000   -0.00321192348119   -0.16213383742201   -0.01167722048868    0.17662578302768    0.03670191812887  
  3.950000   -0.00355778494133   -0.16121763862098   -0.01127735040754    0.17670250474385    0.03600207619337  
  3.960000   -0.00388873102257   -0.16025071829302   -0.01087853433962    0.17654958907835    0.03532270036962  
  3.970000   -0.00420569713942   -0.15923745782032   -0.01047984317077    0.17616485999430    0.03466411439851  
  3.980000   -0.00450967997093   -0.15818267342679   -0.01008043441182    0.17554855632067    0.03402651671821  
  3.990000   -0.00480172866807   -0.15709156879966   -0.00967955882586    0.17470332347888    0.03340997695575  
  4.000000   -0.00508293550108   -0.15596968375913   -0.00927656611943    0.17363417983755    0.03281443384897  
  4.010000   -0.00535442604124   -0.15482283949356   -0.00887090964557    0.17234845812060    0.03223969462140  
  4.020000   -0.00561734897622   -0.15365708091241   -0.00846215007672    0.17085572255439    0.03168543581667  
  4.030000   -0.00587286566218   -0.15247861669799   -0.00804995801577    0.16916766269204    0.03115120558299  
  4.040000   -0.00612213951839   -0.15129375766060   -0.00763411552397    0.16729796509474    0.03063642738233  
  4.050000   -0.00636632537195   -0.15010885401852   -0.00721451655536    0.16526216427944    0.03014040508318  
  4.060000   -0.00660655886100   -0.14893023223551   -0.00679116629803    0.16307747455556    0.02966232938071  
  4.070000   -0.00684394600408   -0.14776413205314   -0.00636417943329    0.16076260456966    0.02920128547339  
  4.080000   -0.00707955304207   -0.14661664435344   -0.00593377733426    0.15833755655414    0.02875626191153  
  4.090000   -0.00731439665636   -0.14549365047946   -0.00550028423602    0.15582341243078    0.02832616052017  
  4.100000   -0.00754943466337   -0.14440076362687   -0.00506412241894    0.15324210905316    0.02790980728704  
  4.110000   -0.00778555728086   -0.14334327289944   -0.00462580645682    0.15061620497989    0.02750596409566  
  4.120000   -0.00802357905583   -0.14232609059468   -0.00418593658981    0.14796864125399    0.02711334117452  
  4.130000   -0.00826423153736   -0.14135370325383   -0.00374519129104    0.14532249872075    0.02673061012517  
  4.140000   -0.00850815677028   -0.14043012697324   -0.00330431910290    0.14270075444657    0.02635641738582  
  4.150000   -0.00875590167747   -0.13955886743139   -0.00286412982611    0.14012603980543    0.02598939798244  
  4.160000   -0.00900791338965   -0.13874288503911   -0.00242548515055    0.13762040277565    0.02562818941577  
  4.170000   -0.00926453557227   -0.13798456556923   -0.00198928882185    0.13520507694057    0.02527144553151  
  4.180000   -0.00952600578879   -0.13728569656746   -0.00155647644207    0.13290025961026    0.02491785022096  
  4.190000   -0.00979245392965   -0.13664744978826   -0.00112800500574    0.13072490138114    0.02456613080119  
  4.200000   -0.01006390172519   -0.13607036983943   -0.00070484227470    0.12869650932507    0.02421507092748  
  4.210000   -0.01034026335001   -0.13555436915692   -0.00028795609673    0.12683096585208    0.02386352289551  
  4.220000   -0.01062134711529   -0.13509872936800    0.00012169622773    0.12514236512222    0.02351041919797  
  4.230000   -0.01090685823450   -0.13470210903671    0.00052317842636    0.12364286869416    0.02315478320784  
  4.240000   -0.01119640263700   -0.13436255772172    0.00091558548178    0.12234258189284    0.02279573887061  
  4.250000   -0.01148949179357   -0.13407753621305    0.00129805350485    0.12124945215825    0.02243251929816  
  4.260000   -0.01178554850729   -0.13384394275194    0.00166976915960    0.12036919040426    0.02206447416931  
  4.270000   -0.01208391361365   -0.13365814497799    0.00202997854904    0.11970521617300    0.02169107585500  
  4.280000   -0.01238385352414   -0.13351601728957    0.00237799547702    0.11925862711900    0.02131192419993  
  4.290000   -0.01268456853898   -0.13341298324912    0.00271320900769    0.11902819310106    0.02092674990746  
  4.300000   -0.01298520184672   -0.13334406261321    0.00303509025106    0.11901037490078    0.02053541648946  
  4.310000   -0.01328484912112   -0.13330392252075    0.00334319831130    0.11919936732826    0.02013792075902  
  4.320000   -0.01358256861953   -0.13328693232978    0.00363718534220    0.11958716621964    0.01973439185952  
  4.330000   -0.01387739168153   -0.13328722155602    0.00391680066389    0.12016365858125    0.01932508883977  
  4.340000   -0.01416833352237   -0.13329874033422    0.00418189390327    0.12091673489300    0.01891039680091  
  4.350000   -0.01445440421225   -0.13331532179692    0.00443241713106    0.12183242235253    0.01849082165648  
  4.360000   -0.01473461973033   -0.13333074574499    0.00466842597749    0.12289503762373    0.01806698356222  
  4.370000   -0.01500801298133   -0.13333880296994    0.00489007971902    0.12408735744993    0.01763960908682  
  4.380000   -0.01527364466238   -0.13333335958036    0.00509764033833    0.12539080530733    0.01720952220898  
  4.390000   -0.01553061386895   -0.13330842068327    0.00529147056957    0.12678565210771    0.01677763423867  
  4.400000   -0.01577806833114   -0.13325819277643    0.00547203095087    0.12825122881477    0.01634493277274  
  4.410000   -0.01601521417455   -0.13317714421893    0.00563987591542    0.12976614871587    0.01591246980562  
  4.420000   -0.01624132510480   -0.13306006316548    0.00579564896148    0.13130853699238    0.01548134912527  
  4.430000   -0.01645575091971   -0.13290211237353    0.00594007695085    0.13285626515768    0.01505271313242  
  4.440000   -0.01665792526012   -0.13269888032246    0.00607396359280    0.13438718788383    0.01462772922794  
  4.450000   -0.01684737251715   -0.13244642811959    0.00619818217890    0.13587937971496    0.01420757591771  
  4.460000   -0.01702371382218   -0.13214133170864    0.00631366764053    0.13731136916988    0.01379342878803  
  4.470000   -0.01718667205482   -0.13178071894203    0.00642140800734    0.13866236776546    0.01338644650589  
  4.480000   -0.01733607581347   -0.13136230112885    0.00652243535050    0.13991249154884    0.01298775699877  
  4.490000   -0.01747186230362   -0.13088439872428    0.00661781629909    0.14104297280652    0.01259844396643  
  4.500000   -0.01759407910970   -0.13034596088444    0.00670864222170    0.14203635972430    0.01221953387424  
  4.510000   -0.01770288482723   -0.12974657867074    0.00679601916851    0.14287670189957    0.01185198357210  
  4.520000   -0.01779854854358   -0.12908649175121    0.00688105767073    0.14354971975834    0.01149666867676  
  4.530000   -0.01788144816726   -0.12836658851058    0.00696486249563    0.14404295609926    0.01115437284694  
  4.540000   -0.01795206761702   -0.12758839954685    0.00704852245531    0.14434590817592    0.01082577807122  
  4.550000   -0.01801099289396   -0.12675408459787    0.00713310036668    0.14445013893421    0.01051145607784  
  4.560000   -0.01805890707087   -0.12586641300774    0.00721962325827    0.14434936624093    0.01021186096324  
  4.570000   -0.01809658424440   -0.12492873790735    0.00730907291700    0.14403952917167    0.00992732312329  
  4.580000   -0.01812488250616   -0.12394496434721    0.00740237686434    0.14351883066746    0.00965804455682  
  4.590000   -0.01814473599920   -0.12291951168188    0.00750039984730    0.14278775611774    0.00940409559629  
  4.600000   -0.01815714613572   -0.12185727056374    0.00760393592410    0.14184906768057    0.00916541310485  
  4.610000   -0.01816317206095   -0.12076355495911    0.00771370121901    0.14070777440558    0.00894180016318  
  4.620000   -0.01816392045599   -0.11964404965114    0.00783032741407    0.13937107847913    0.00873292725302  
  4.630000   -0.01816053477968   -0.11850475374027    0.00795435603832    0.13784829816221    0.00853833492822  
  4.640000   -0.01815418405597   -0.11735192069570    0.00808623360752    0.13615076823577    0.00835743794756  
  4.650000   -0.01814605131813   -0.11619199554720    0.00822630765927    0.13429171900453    0.00818953082771  
  4.660000   -0.01813732182559   -0.11503154983809    0.00837482371989    0.13228613513540    0.00803379475884  
  4.670000   -0.01812917117198   -0.11387721498485    0.00853192323065    0.13015059581828    0.00788930581073  
  4.680000   -0.01812275340501   -0.11273561470740    0.00869764245177    0.12790309793339    0.00775504434243  
  4.690000   -0.01811918927918   -0.11161329720645    0.00887191235374    0.12556286408762    0.00762990551536  
  4.700000   -0.01811955476212   -0.11051666776951    0.00905455949607    0.12315013754216    0.00751271079759  
  4.710000   -0.01812486991330   -0.10945192248618    0.00924530788436    0.12068596619114    0.00740222033545  
  4.720000   -0.01813608825117   -0.10842498374530    0.00944378178791    0.11819197786739    0.00729714605908  
  4.730000   -0.01815408672054   -0.10744143817193    0.00964950949077    0.11569014934274    0.00719616538008  
  4.740000   -0.01817965636679   -0.10650647764091    0.00986192794089    0.11320257145812    0.00709793533237  
  4.750000   -0.01821349381728   -0.10562484397653    0.01008038825388    0.11075121286023    0.00700110700227  
  4.760000   -0.01825619366291   -0.10480077791375    0.01030416201975    0.10835768483810    0.00690434008991  
  4.770000   -0.01830824182436   -0.10403797285727    0.01053244835437    0.10604300974266    0.00680631744237  
  4.780000   -0.01837000997854   -0.10333953392982    0.01076438163004    0.10382739543710    0.00670575939848  
  4.790000   -0.01844175111056   -0.10270794275089    0.01099903981411    0.10173001816443    0.00660143778700  
  4.800000   -0.01852359624592   -0.10214502833283    0.01123545333875    0.09976881613255    0.00649218942274  
  4.810000   -0.01861555240619   -0.10165194442255    0.01147261442061    0.09796029600723    0.00637692895054  
  4.820000   -0.01871750181962   -0.10122915355494    0.01170948674514    0.09631935437042    0.00625466089308  
  4.830000   -0.01882920240587   -0.10087641801919    0.01194501542709    0.09485911604666    0.00612449076713  
  4.840000   -0.01895028954148   -0.10059279787197    0.01217813715670    0.09359079102644    0.00598563514202  
  4.850000   -0.01908027910009   -0.10037665606224    0.01240779043939    0.09252355152249    0.00583743052547  
  4.860000   -0.01921857174853   -0.10022567066277    0.01263292583618    0.09166443048648    0.00567934097388  
  4.870000   -0.01936445846742   -0.10013685413305    0.01285251611236    0.09101824269116    0.00551096433803  
  4.880000   -0.01951712725238   -0.10010657946848    0.01306556620297    0.09058752924847    0.00533203706916  
  4.890000   -0.01967567093983   -0.10013061302169    0.01327112290525    0.09037252619039    0.00514243752602  
  4.900000   -0.01983909608982   -0.10020415371495    0.01346828421121    0.09037115748938    0.00494218773937  
  4.910000   -0.02000633284703   -0.10032187829764    0.01365620819668    0.09057905263999    0.00473145360697  
  4.920000   -0.02017624569087   -0.10047799224117    0.01383412138715    0.09098958866746    0.00451054350889  
  4.930000   -0.02034764497584   -0.10066628580535    0.01400132652594    0.09159395617380    0.00427990535033  
  4.940000   -0.02051929915458   -0.10088019475647    0.01415720967516    0.09238124878024    0.00404012205573  
  4.950000   -0.02068994756826   -0.10111286516807    0.01430124658639    0.09333857507987    0.00379190555531  
  4.960000   -0.02085831368221   -0.10135722169129    0.01443300828417    0.09445119197774    0.00353608932131  
  4.970000   -0.02102311863908   -0.10160603864336    0.01455216581259    0.09570265807047    0.00327361952729  
  4.980000   -0.02118309499731   -0.10185201323080    0.01465849410272    0.09707500550591    0.00300554491912  
  4.990000   -0.02133700051969   -0.10208784019763    0.01475187492592    0.09854892856736    0.00273300550056  
  5.000000   -0.02148363187460   -0.10230628717018    0.01483229890669    0.10010398704888    0.00245722014960  
  5.010000   -0.02162183811207   -0.10250026995744    0.01489986657619    0.10171882232960    0.00217947329404  
  5.020000   -0.02175053377752   -0.10266292706113    0.01495478845629    0.10337138391802    0.00190110078528  
  5.030000   -0.02186871152787   -0.10278769265125    0.01499738417215    0.10503916412255    0.00162347511898  
  5.040000   -0.02197545411828   -0.10286836727225    0.01502808059943    0.10669943841408    0.00134799015889  
  5.050000   -0.02206994563226   -0.10289918556108    0.01504740906079    0.10832950898084    0.00107604552633  
  5.060000   -0.02215148183370   -0.10287488028167    0.01505600159372    0.10990694893554    0.00080903082239  
  5.070000   -0.02221947952666   -0.10279074201040    0.01505458632021    0.11140984462071    0.00054830985268  
  5.080000   -0.02227348481684   -0.10264267384373    0.01504398195536    0.11281703347048    0.00029520502518  
  5.090000   -0.02231318017804   -0.10242724054194    0.01502509149993    0.11410833492515    0.00005098209122  
  5.100000   -0.02233839023718   -0.10214171157190    0.01499889516777    0.11526477195902   -0.00018316460333  
  5.110000   -0.02234908620280   -0.10178409756549    0.01496644260558    0.11626878087097   -0.00040612619387  
  5.120000   -0.02234538887390   -0.10135317976992    0.01492884446812    0.11710440710108   -0.00061689254336  
  5.130000   -0.02232757017893   -0.10084853212938    0.01488726341679    0.11775748497285   -0.00081456451032  
  5.140000   -0.02229605320783   -0.10027053570493    0.01484290461413    0.11821579941932   -0.00099836509949  
  5.150000   -0.02225141071411   -0.09962038521030    0.01479700579077    0.11846922792980   -0.00116764936683  
  5.160000   -0.02219436207808   -0.09890008751433    0.01475082696406    0.11850986115139   -0.00132191296312  
  5.170000   -0.02212576873668   -0.09811245203594    0.01470563989070    0.11833210079262   -0.00146079921407  
  5.180000   -0.02204662809994   -0.09726107303380    0.01466271733698    0.11793273370504   -0.00158410464961  
  5.190000   -0.02195806598858   -0.09635030387005    0.01462332225156    0.11731098125792   -0.00169178291091  
  5.200000   -0.02186132764141   -0.09538522340345    0.01458869692632    0.11646852337150   -0.00178394698046  
  5.210000   -0.02175776735537   -0.09437159474368    0.01456005223002    0.11540949683039   -0.00186086969743  
  5.220000   -0.02164883683436   -0.09331581667219    0.01453855699908    0.11414046776045   -0.00192298253892  
  5.230000   -0.02153607233606   -0.09222486810682    0.01452532766781    0.11267037841530   -0.00197087266519  
  5.240000   -0.02142108071826   -0.09110624605625    0.01452141821828    0.11101046868124   -0.00200527824575  
  5.250000   -0.02130552449763   -0.08996789757518    0.01452781052719    0.10917417296831   -0.00202708210071  
  5.260000   -0.02119110604418   -0.08881814629196    0.01454540518349    0.10717699340815   -0.00203730371023  
  5.270000   -0.02107955104464   -0.08766561413637    0.01457501284654    0.10503635052369   -0.00203708966182  
  5.280000   -0.02097259137575   -0.08651913894545    0.01461734621027    0.10277141276922   -0.00202770262236  
  5.290000   -0.02087194753617   -0.08538768866981    0.01467301263355    0.10040290655888   -0.00201050893748  
  5.300000   -0.02077931079133   -0.08428027294126    0.01474250749168    0.09795290860629   -0.00198696497595  
  5.310000   -0.02069632519002   -0.08320585279353    0.01482620829836    0.09544462258406   -0.00195860235060  
  5.320000   -0.02062456961498   -0.08217324935250    0.01492436964116    0.09290214227894   -0.00192701215994  
  5.330000   -0.02056554003114   -0.08119105232905    0.01503711896724    0.09035020356382   -0.00189382840538  
  5.340000   -0.02052063209553   -0.08026752915734    0.01516445324983    0.08781392763009   -0.00186071074924  
  5.350000   -0.02049112429184   -0.07941053562257    0.01530623655877    0.08531855802245   -0.00182932678593  
  5.360000   -0.02047816174947   -0.07862742881668    0.01546219855209    0.08288919409134   -0.00180133400541  
  5.370000   -0.02048274090311   -0.07792498324622    0.01563193389850    0.08055052352517   -0.00177836163238  
  5.380000   -0.02050569514296   -0.07730931089507    0.01581490263376    0.07832655664534   -0.00176199252680  
  5.390000   -0.02054768159851   -0.07678578601527    0.01601043144704    0.07624036514017   -0.00175374533267  
  5.400000   -0.02060916919035   -0.07635897538192    0.01621771588651    0.07431382788065   -0.00175505706003  
  5.410000   -0.02069042807390   -0.07603257470341    0.01643582346624    0.07256738640014   -0.00176726628241  
  5.420000   -0.02079152058771   -0.07580935182506    0.01666369764969    0.07101981253231   -0.00179159712672  
  5.430000   -0.02091229380496   -0.07569109730385    0.01690016267750    0.06968799058742   -0.00182914422534  
  5.440000   -0.02105237377205   -0.07567858286165    0.01714392919971    0.06858671630534   -0.00188085879140  
  5.450000   -0.02121116149994   -0.07577152814543    0.01739360066381    0.06772851465541   -0.00194753596729  
  5.460000   -0.02138783075424   -0.07596857613164    0.01764768040034    0.06712347835645   -0.00202980358334  
  5.470000   -0.02158132766560   -0.07626727740773    0.01790457933582    0.06677912876380   -0.00212811244868  
  5.480000   -0.02179037215414   -0.07666408344132    0.01816262424832    0.06670030051052   -0.00224272827889  
  5.490000   -0.02201346112706   -0.07715434880385    0.01842006646233    0.06688905099217   -0.00237372534448  
  5.500000   -0.02224887336720   -0.07773234214292    0.01867509085554    0.06734459544101   -0.00252098190135  
  5.510000   -0.02249467597837   -0.07839126548967    0.01892582501955    0.06806326793626   -0.00268417743624  
  5.520000   -0.02274873219057   -0.07912328123495    0.01917034837679    0.06903850822897   -0.00286279172787  
  5.530000   -0.02300871025034   -0.07991954580265    0.01940670100655    0.07026087370690   -0.00305610568562  
  5.540000   -0.02327209302848   -0.08077024868218    0.01963289187274    0.07171807517120   -0.00326320388093  
  5.550000   -0.02353618786751   -0.08166465505144    0.01984690607417    0.07339503432547   -0.00348297863128  
  5.560000   -0.02379813606690   -0.08259114972931    0.02004671065871    0.07527395998219   -0.00371413543170  
  5.570000   -0.02405492126938   -0.08353727965921    0.02023025845810    0.07733443897419   -0.00395519945384  
  5.580000   -0.02430337587726   -0.08448979157510    0.02039548932163    0.07955353664851   -0.00420452275015  
  5.590000   -0.02454018451051   -0.08543466099753    0.02054032806582    0.08190590067945   -0.00446029171433  
  5.600000   -0.02476188344181   -0.08635710834042    0.02066267843600    0.08436386087888   -0.00472053426766  
  5.610000   -0.02496485494500   -0.08724159780566    0.02076041241778    0.08689751688174   -0.00498312617542  
  5.620000   -0.02514531561409   -0.08807181506959    0.02083135437636    0.08947480529222   -0.00524579586812  
  5.630000   -0.02529929800358   -0.08883062072460    0.02087325977454    0.09206153841887   -0.00550612717137  
  5.640000   -0.02542262546478   -0.08949997825269    0.02088378866417    0.09462140849914   -0.00576155946551  
  5.650000   -0.02551088085887   -0.09006085819920    0.02086047479321    0.09711595474692   -0.00600938503417  
  5.660000   -0.02555937095958   -0.09049312436231    0.02080069204210    0.09950449606637   -0.00624674375033  
  5.670000   -0.02556308982861   -0.09077541330628    0.02070162099619    0.10174404017821   -0.00647061581446  
  5.680000   -0.02551668622950   -0.09088502527379    0.02056021974282    0.10378919030888   -0.00667781401100  
  5.690000   -0.02541444215095   -0.09079785232236    0.02037320437132    0.10559208327010   -0.00686497787273  
  5.700000   -0.02525027157763   -0.09048837765746    0.02013704602447    0.10710240700556   -0.00702857318761  
  5.710000   -0.02501775052845   -0.08992978776922    0.01984799251406    0.10826756021778   -0.00716490135786  
  5.720000   -0.02471019074953   -0.08909424484628    0.01950212323478    0.10903302958073   -0.00727012408714  
  5.730000   -0.02432076990593   -0.08795336950479    0.01909544611871    0.10934306874336   -0.00734030954227  
  5.740000   -0.02384273023158   -0.08647898142717    0.01862404438271    0.10914176482127   -0.00737150629143  
  5.750000   -0.02326965496063   -0.08464413639084    0.01808427858235    0.10837456918153   -0.00735985072663  
  5.760000   -0.02259582715629   -0.08242448102846    0.01747304582185    0.10699034716356   -0.00730171212128  
  5.770000   -0.02181666863037   -0.07979992078995    0.01678809283995    0.10494396394450   -0.00719387680258  
  5.780000   -0.02092924762355   -0.07675656225537    0.01602837323971    0.10219937058197   -0.00703376909297  
  5.790000   -0.01993283323961   -0.07328884974862    0.01519443172692    0.09873308704858   -0.00681970181312  
  5.800000   -0.01882946311851   -0.06940177118167    0.01428879048161    0.09453790214657   -0.00655114354956  
  5.810000   -0.01762447968313   -0.06511296376458    0.01331630555431    0.08962653070777   -0.00622898408940  
  5.820000   -0.01632698099442   -0.06045451244944    0.01228445546952    0.08403489616254   -0.00585577411686  
  5.830000   -0.01495012645866   -0.05547420928596    0.01120352112588    0.07782465292655   -0.00543591129067  
  5.840000   -0.01351123697251   -0.05023603676856    0.01008661663199    0.07108454015444   -0.00497574305663  
  5.850000   -0.01203163491007   -0.04481965826043    0.00894953571291    0.06393017709100   -0.00448355779160  
  5.860000   -0.01053618244796   -0.03931874712157    0.00781038817184    0.05650197818268   -0.00396944069066  
  5.870000   -0.00905249709597   -0.03383806361617    0.00668901546355    0.04896098585707   -0.00344497939418  
  5.880000   -0.00760984999780   -0.02848929160308    0.00560619296568    0.04148258634702   -0.00292281642118  
  5.890000   -0.00623778361117   -0.02338576791990    0.00458264759881    0.03424827760593   -0.00241606020116  
  5.900000   -0.00496451785899   -0.01863636496925    0.00363794105218    0.02743587952670   -0.00193758252773  
  5.910000   -0.00381524416420   -0.01433890718140    0.00278928861803    0.02120879092292   -0.00149924582366  
  5.920000   -0.00281043105097   -0.01057359934275    0.00205039899354    0.01570507756488   -0.00111111671160  
  5.930000   -0.00196427953352   -0.00739700452258    0.00143042903075    0.01102729398130   -0.00078073106242  
  5.940000   -0.00128346839450   -0.00483711965867    0.00093314749667    0.00723397623715   -0.00051247830283  
  5.950000   -0.00076631700698   -0.00289005083661    0.00055639248614    0.00433367933907   -0.00030716826856  
  5.960000   -0.00040246653732   -0.00151868742768    0.00029188831579    0.00228226855316   -0.00016183208089  
  5.970000   -0.00017314094348   -0.00065362122247    0.00012546078851    0.00098391898344   -0.00006979013535  
  5.980000   -0.00005200064341   -0.00019636710916    0.00003765701379    0.00029595522670   -0.00002099698288  
  5.990000   -0.00000654894508   -0.00002473488594    0.00000474072791    0.00003730626875   -0.00000264708156  
  6.000000   -0.00000000000000    0.00000000000000    0.00000000000000    0.00000000000000    0.00000000000000  
