---------------------------------------------------------------------------
Element                     Si
Energy Cutoff(Ry)           100
Radius Cutoff(a.u.)         8
Lmax                        2
Number of Sorbital-->       2
Number of Porbital-->       2
Number of Dorbital-->       1
---------------------------------------------------------------------------
SUMMARY  END

Mesh                        801
dr                          0.01
                Type                   L                   N
                   0                   0                   0
-0.36148040810642373	-0.3613309491572558	-0.3608827404854134	-0.3601362860529215	
-0.35909242391677154	-0.3577523234214973	-0.35611748129298487	-0.3541897166575111	
-0.3519711650165501	-0.34946427121420326	-0.3466717814401707	-0.3435967343169009	
-0.34024245112493373	-0.33661252522542795	-0.33271081074340064	-0.3285414105792836	
-0.32410866381997755	-0.3194171326236477	-0.3144715886550178	-0.3092769991498872	
-0.3038385126889836	-0.29816144476208134	-0.2922512632035552	-0.28611357358019374	
-0.2797541046111857	-0.2731786936987221	-0.26639327264562684	-0.2594038536338924	
-0.2522165155349312	-0.2448373906188347	-0.23727265172594583	-0.22952849995966432	
-0.22161115295463146	-0.21352683376934609	-0.20528176044685142	-0.1968821362814916	
-0.18833414082387556	-0.17964392165017773	-0.17081758691577134	-0.1618611987070154	
-0.15278076719880707	-0.1435822456193544	-0.13427152601753603	-0.12485443582226952	
-0.11533673517752145	-0.10572411503104434	-0.09602219594961109	-0.08623652762852473	
-0.07637258905850447	-0.0664357893087461	-0.056431468881052535	-0.04636490158644382	
-0.036241296892612816	-0.02606580268803018	-0.0158435084063951	-0.0055794484535298325	
0.004721394122295356	0.015054083776226898	0.025413728488622448	0.035795475722128	
0.04619450837253318	0.056606040770571416	0.06702531479005112	0.0774475961154869	
0.0878681707197883	0.09828234159956213	0.10868542581223986	0.11907275185557253	
0.12943965742609573	0.139781487588972	0.1500935933872222	0.16037133091378705	
0.17061006086517694	0.18080514859067714	0.19095196464626818	0.20104588585758454	
0.21108229689145377	0.22105659233084374	0.2309641792434597	0.24080048022978526	
0.2505609369321133	0.2602410139820882	0.2698362033604996	0.27934202913958056	
0.2887540525748714	0.29806787751086583	0.30727915606213474	0.3163835945295018	
0.3253769595090713	0.3342550841505403	0.3430138745202567	0.3516493160238879	
0.3601574798433979	0.36853452934322295	0.37677672640112636	0.3848804376201805	
0.3928421403796342	0.4006584286840854	0.4083260187723603	0.4158417544497735	
0.4232026121099969	0.43040570541556056	0.4374482896090217	0.444327765430044	
0.4510416826169782	0.45758774297502686	0.46396380299663514	0.47016787602338755	
0.4761981339423392	0.4820529084133457	0.4877306916275698	0.49323013660085274	
0.4985500570090788	0.50368942657593	0.5086473780265756	0.5134232016237696	
0.5180163433055666	0.5224264024463631	0.5266531292652307	0.5306964219074799	
0.5345563232271114	0.5382330172992147	0.5417268256925079	0.5450382035330051	
0.5481677353903308	0.5511161310183942	0.5538842209820443	0.556472952200948	
0.5588833834412524	0.5611166807846637	0.5631741131033615	0.5650570475677402	
0.5667669452122917	0.5683053565830972	0.5696739174883271	0.5708743448709707	
0.5719084328206707	0.5727780487391012	0.573485129670816	0.5740316788089243	
0.5744197621823481	0.5746515055288356	0.5747290913553287	0.5746547561847856	
0.5744307879861082	0.5740595237815247	0.5735433474235472	0.5728846875315885	
0.5720860155764325	0.5711498440990364	0.5700787250486532	0.5688752482239643	
0.5675420397998484	0.5660817609215695	0.5644971063475882	0.5627908031218295	
0.560965609256144	0.5590243124038256	0.5569697285054307	0.5548047003887369	
0.5525320963055246	0.5501548083888989	0.5476757510161161	0.5450978590633202	
0.5424240860401817	0.5396574020942064	0.5368007918763394	0.5338572522615228	
0.530829789919918	0.527721418736685	0.5245351570803937	0.5212740249223644	
0.5179410408114532	0.5145392187109774	0.5110715647066209	0.5075410735962151	
0.5039507253742683	0.5003034816259602	0.4966022818470417	0.49285003970764546	
0.48904963927939216	0.4852039312464096	0.4813157291218643	0.47738780549242865	
0.4734228883136713	0.4694236572797269	0.46539274029072447	0.4613327100413425	
0.4572460807535374	0.4531353050759084	0.44900277117138226	0.44485080001388755	
0.44068164291346895	0.436497479287873	0.4323004146970404	0.42809247915515725	
0.4238756257329933	0.41965172946119295	0.41542258654299513	0.4111899138825875	
0.40695534893293334	0.40272044986451067	0.39848669605395437	0.39425548888914386	
0.3900281528848471	0.3858059371006206	0.3815900168503448	0.37738149569049506	
0.37318140767210356	0.3689907198393339	0.36481033495568854	0.3606410944371442	
0.35648378146994303	0.35233912428940384	0.3482077995949435	0.3440904360755459	
0.33998761801918026	0.3358998889791664	0.3318277554702078	0.32777169066677436	
0.3237321380767169	0.3197095151634218	0.3157042168904691	0.31171661916364685	
0.30774708214625907	0.3037959534249714	0.29986357100492345	0.2959502661145074	
0.29205636580204225	0.28818219530854744	0.28432808020291644	0.28049434826801484	
0.27668133112849863	0.27288936561353516	0.269118794849998	0.2653699690841344	
0.2616432462321466	0.2579389921625061	0.2542575807152097	0.2505993934654577	
0.2469648192414572	0.24335425340814956	0.23976809693064507	0.2362067552329792	
0.2326706368694866	0.2291601520275957	0.22567571088216587	0.22221772182261218	
0.21878658957498487	0.2153827132418745	0.21200648428349958	0.20865828446360174	
0.20533848378381872	0.20204743843002243	0.19878548875371985	0.19555295731100023	
0.19235014698069994	0.18917733918244187	0.18603479221400718	0.18292273972612677	
0.17984138935124055	0.1767909215011045	0.17377148834630857	0.17078321298886498	
0.1678261888370097	0.16490047918928957	0.1620061170328722	0.15914310505886242	
0.15631141589522846	0.15351099255579195	0.1507417491015982	0.14800357150891025	
0.14529631873605725	0.14261982397945655	0.13997389610730934	0.13735832125778732	
0.1347728645869754	0.13221727215044315	0.12969127290108107	0.12719458078479084	
0.12472689691474192	0.1222879118042373	0.11987730763774503	0.11749476055938285	
0.11513994295806118	0.11281252572862249	0.11051218048864182	0.10823858173107381	
0.10599140889365154	0.10377034832682917	0.10157509514313384	0.09940535493201662	
0.09726084532566984	0.09514129740278468	0.09304645691885678	0.0909760853533717	
0.0889299607660237	0.08690787845599786	0.0849096514202822	0.08293511060893084	
0.08098410497717547	0.07905650133623704	0.07715218400663013	0.07527105427963192	
0.07341302969441589	0.07157804314008546	0.06976604179348754	0.06797698590520801	
0.06621084744755695	0.0644676086395992	0.06274726036539707	0.061049800502569446	
0.059375232179037674	0.05772356197642575	0.05609479809898173	0.05448894852711475	
0.05290601917466811	0.05134601206890141	0.049808923571806905	0.04829474266087183	
0.04680344928669686	0.04533501282402062	0.043889390631675025	0.04246652673582973	
0.04106635064957363	0.03968877634045676	0.03833370135607479	0.037001006116154485	
0.035690553377886264	0.03440218787949064	0.033135736165193705	0.03189100659295956	
0.03066778952448692	0.029465857695156025	0.028284966759813394	0.027124856008537496	
0.025985249244843012	0.02486585581718032	0.023766371793080596	0.022686481263900465	
0.021625857766850744	0.020584165809855382	0.01956106248380296	0.018556199145915542	
0.017569223157296192	0.01659977965721496	0.015647513356371	0.014712070331220403	
0.013793099801492202	0.012890255873221387	0.012003199230013476	0.01113159875580677	
0.01027513307311883	0.009433491981637931	0.008606377783045273	0.00779350647911468	
0.006994608831424702	0.006209431272418343	0.005437736659046184	0.004679304861811598	
0.003933933183690282	0.0032014366050988913	0.002481647852828206	0.001774417292612319	
0.0010796126467633154	0.0003971185400414235	-0.00027316412136197136	-0.0009313189311949194	
-0.0015774149167467665	-0.0022115076150499118	-0.0028336402806426308	-0.0034438452125512948	
-0.004042145186977759	-0.004628554981133985	-0.005203082972769924	-0.005765732799198666	
-0.0063165050590391885	-0.006855399039480812	-0.007382414451627773	-0.007897553156406212	
-0.00840082086361719	-0.008892228786985323	-0.009371795238495578	-0.009839547145910897	
-0.010295521478124894	-0.010739766563917412	-0.01117234329073155	-0.011593326171277578	
-0.012002804267070634	-0.012400881959421555	-0.01278767955990144	-0.013163333753881805	
-0.013527997872395024	-0.013881841989249506	-0.01422505284205123	-0.014557833577516954	
-0.014880403323189269	-0.01519299658937193	-0.015495862506771789	-0.015789263906947078	
-0.016073476254208272	-0.016348786439077095	-0.016615491444769124	-0.016873896899415153	
-0.017124315527861998	-0.017367065517878505	-0.017602468816440377	-0.01783084937245792	
-0.018052531342838626	-0.018267837279148016	-0.01847708631232652	-0.018680592352948538	
-0.018878662324369352	-0.019071594445791734	-0.019259676581806794	-0.01944318467432805	
-0.019622381272039132	-0.019797514171540815	-0.01996881518330054	-0.020136499034303295	
-0.020300762417982787	-0.02046178320058668	-0.02061971979161604	-0.02077471068439746	
-0.020926874171194317	-0.021076308235582486	-0.021223090623098927	-0.02136727908944922	
-0.021508911823844866	-0.02164800804335072	-0.02178456875246985	-0.021918577660600184	
-0.02205000224847662	-0.02217879497327187	-0.022304894600701317	-0.02242822765125079	
-0.02254870994655285	-0.022666248240979382	-0.022780741922702123	-0.022892084767813046	
-0.023000166730598133	-0.023104875752717746	-0.02320609957388252	-0.02330372752661258	
-0.02339765229783727	-0.023487771640433315	-0.023573990018299136	-0.023656220169223585	
-0.023734384570626064	-0.023808416794197457	-0.023878262736572262	-0.02394388171437753	
-0.02400524741333817	-0.02406234868255005	-0.024115190166550973	-0.02416379276940788	
-0.024208193946683863	-0.024248447822835154	-0.024284625133291257	-0.024316812992191447	
-0.02434511448845032	-0.024369648114504417	-0.02439054703372653	-0.024407958194068335	
-0.02442204129699286	-0.024432967632171242	-0.024440918789725343	-0.024446085262992474	
-0.024448664955854363	-0.024448861609599918	-0.024446883165075116	-0.024442940076499494	
-0.024437243593794896	-0.024430004030577903	-0.024421429035095917	-0.0244117218813563	
-0.02440107979749168	-0.02438969234803222	-0.024377739886222886	-0.024365392091829294	
-0.02435280660903072	-0.024340127798012107	-0.024327485612744802	-0.024314994616199213	
-0.024302753142880974	-0.024290842617126687	-0.024279327034059665	-0.024268252608502964	
-0.024257647595489144	-0.024247522284312137	-0.02423786916635458	-0.024228663275205908	
-0.024219862695884192	-0.02421140923830249	-0.024203229268492343	-0.02419523468953666	
-0.024187324062676187	-0.024179383857661548	-0.024171289820137574	-0.024162908442676913	
-0.02415409852504457	-0.024144712808377496	-0.02413459966721791	-0.024123604842748267	
-0.024111573200150935	-0.024098350492755615	-0.024083785115549115	-0.024067729830705695	
-0.02405004344804713	-0.02403059244376575	-0.024009252501327998	-0.02398590995922099	
-0.023960463151102555	-0.023932823624953633	-0.023902917229006112	-0.023870685053514	
-0.023836084218840786	-0.023799088501835833	-0.02375968879405539	-0.02371789338703014	
-0.023673728081481136	-0.0236272361191146	-0.023578477937375563	-0.023527530749286974	
-0.02347448795222912	-0.02341945837121084	-0.023362565343825328	-0.023303945655661077	
-0.023243748336429962	-0.023182133328470158	-0.02311927004056524	-0.02305533580117854	
-0.022990514226226944	-0.02292499351739169	-0.0228589647076887	-0.02279261987157695	
-0.022726150317275106	-0.022659744779173832	-0.022593587628274573	-0.022527857118451518	
-0.022462723686024966	-0.022398348319655054	-0.0223348810169139	-0.02227245934308473	
-0.02221120710676999	-0.022151233165779455	-0.022092630375522813	-0.02203547469076152	
-0.02197982443009531	-0.021925719710981718	-0.021873182061432725	-0.021822214212807174	
-0.021772800076352294	-0.021724904904343735	-0.021678475634859428	-0.02163344141741429	
-0.02158971431489156	-0.02154719017546006	-0.021505749666471962	-0.02146525946071824	
-0.02142557356388746	-0.021386534770649522	-0.021347976235477833	-0.02130972314314973	
-0.021271594462833672	-0.021233404768793398	-0.02119496611002896	-0.0211560899106279	
-0.021116588882237365	-0.021076278929880947	-0.02103498103234163	-0.020992523078516817	
-0.020948741641512707	-0.020903483672792995	-0.020856608099414132	-0.02080798730827007	
-0.020757508502316065	-0.020705074914943875	-0.02065060687001907	-0.020594042676558705	
-0.020535339348609873	-0.02047447314256726	-0.020411439905931604	-0.020346255233337347	
-0.020278954427554445	-0.020209592265075196	-0.02013824256781397	-0.020064997584358556	
-0.01998996718609722	-0.019913277885384956	-0.019835071684692916	-0.019755504767381422	
-0.01967474604234101	-0.019592975556233915	-0.01951038278843127	-0.019427164844960022	
-0.019343524568841017	-0.019259668585100552	-0.019175805299463784	-0.019092142870283223	
-0.01900888717361039	-0.018926239781482904	-0.018844395973464483	-0.018763542801248353	
-0.018683857225711017	-0.018605504345187297	-0.018528635732937497	-0.018453387900795717	
-0.018379880904836225	-0.0183082171075824	-0.018238480109820675	-0.018170733863485805	
-0.01810502197536481	-0.018041367209547157	-0.017979771194636857	-0.017920214339765615	
-0.01786265596141541	-0.017807034620999185	-0.01775326867107624	-0.01770125700601679	
-0.017650880010893998	-0.017602000700398593	-0.017554466037651494	-0.01750810842096098	
-0.01746274732484481	-0.017418191080035943	-0.017374238775727455	-0.017330682266001145	
-0.017287308261244257	-0.017243900484395402	-0.01720024187108859	-0.017156116792190604	
-0.017111313276860076	-0.017065625214097727	-0.017018854510814006	-0.016970813184710186	
-0.01692132537075255	-0.01687022922071127	-0.016817378676134885	-0.016762645096224597	
-0.01670591872335692	-0.016647109970463286	-0.01658615051609912	-0.016522994194811392	
-0.01645761767232023	-0.01639002089705663	-0.016320227321720934	-0.01624828389072832	
-0.016174260791667495	-0.01609825097119279	-0.016020369418083075	-0.0159407522185026	
-0.015859555390773418	-0.015776953509191886	-0.015693138128572873	-0.015608316023258342	
-0.015522707256270817	-0.015436543096098213	-0.015350063800250988	-0.015263516286218554	
-0.015177151711751878	-0.015091222987500624	-0.015005982245922646	-0.014921678291053477	
-0.014838554054160418	-0.014756844080510725	-0.014676772072443936	-0.014598548513660487	
-0.014522368399118296	-0.014448409094168486	-0.014376828345569515	-0.014307762465798488	
-0.014241324710642043	-0.01417760386840642	-0.01411666307725077	-0.014058538885137396	
-0.014003240564719986	-0.013950749693178801	-0.013901020004579257	-0.013853977519798303	
-0.013809520956454019	-0.01376752241861326	-0.013727828363362832	-0.01369026083863517	
-0.013654618984008255	-0.013620680783572882	-0.013588205057406207	-0.013556933675730068	
-0.013526593977493258	-0.013496901372918431	-0.013467562107519853	-0.013438276163248265	
-0.01340874027077278	-0.013378651005482457	-0.013347707938601102	-0.013315616813867082	
-0.013282092719549745	-0.013246863225164437	-0.0132096714521124	-0.013170279047619787	
-0.01312846903177726	-0.013084048488193398	-0.013036851069762169	-0.012986739292305986	
-0.012933606590380984	-0.012877379111307572	-0.012818017225508453	-0.012755516733477199	
-0.012689909752150444	-0.012621265266092217	-0.01254968933170247	-0.012475324925605187	
-0.012398351431436246	-0.012318983762406031	-0.012237471120232617	-0.012154095394301446	
-0.012069169208173634	-0.011983033623816782	-0.011896055517131045	-0.011808624641469591	
-0.011721150398873175	-0.011634058341625012	-0.011547786429465051	-0.011462781070345334	
-0.01137949297494984	-0.011298372857305729	-0.011219867015674345	-0.011144412829493418	
-0.011072434209445566	-0.011004337038728879	-0.010940504644292835	-0.010881293337173248	
-0.010827028061096132	-0.010777998188230449	-0.010734453500339308	-0.010696600392618563	
-0.01066459833621093	-0.010638556633756614	-0.01061853150037357	-0.010604523500160229	
-0.010596475365663202	-0.010594270224729288	-0.010597730255729998	-0.010606615788230531	
-0.010620624861672564	-0.010639393249389163	-0.010662494949028822	-0.010689443132927795	
-0.010719691542687195	-0.01075263630065275	-0.01078761809647478	-0.010823924688706011	
-0.0108607936386528	-0.010897415165741617	-0.010932934980030359	-0.010966456908282443	
-0.010997045086248087	-0.011023725443854646	-0.011045486166274144	-0.011061276779170825	
-0.01107000549075884	-0.011070534439803863	-0.011061672563772999	-0.011042165933708386	
-0.011010685621582784	-0.010965813489393801	-0.010906026728718559	-0.010829682535757812	
-0.010735004964455676	-0.010620076721419822	-0.010482839386636942	-0.01032110616982788	
-0.010132591722611018	-0.009914963579510033	-0.009665919346709479	-0.009383292658830911	
-0.009065189081046584	-0.00871015051325405	-0.00831734331680461	-0.007886761512763707	
-0.007419432304512651	-0.006917607292280025	-0.0063849196067056095	-0.005826485374710703	
-0.00524892800223952	-0.004660306163310769	-0.00406993137064888	-0.0034880685350212933	
-0.002925522625182157	-0.002393125691133924	-0.001901150064771266	-0.0014586842296406594	
-0.001073016292180515	-0.0007490749127150208	-0.0004889779610190346	-0.00029173448839072324	
-0.00015313586704055143	-6.585777715630413e-05	-1.9777359374747128e-05	-2.491012209712131e-06	
-0.0	
                Type                   L                   N
                   0                   0                   1
0.8376055852874763	0.8374555335482042	0.8370056265178741	0.8362566075406426	
0.8352097114710694	0.8338666586256861	0.8322296463751854	0.8303013384366688	
0.8280848519415577	0.8255837423703574	0.8228019864603392	0.8197439632062359	
0.8164144330871453	0.8128185156648973	0.8089616657100513	0.8048496480214076	
0.8004885111133145	0.7958845599521251	0.7910443279287944	0.7859745482588287	
0.7806821250035163	0.7751741039076149	0.769457643248408	0.7635399848893027	
0.7574284257279208	0.7511302897239862	0.7446529006862683	0.7380035559904479	
0.7311895013911194	0.7242179070812831	0.7170958451416991	0.7098302685104885	
0.7024279915904386	0.6948956725977528	0.6872397977415473	0.6794666673083952	
0.67158238371076	0.6635928415423717	0.6555037196676078	0.6473204753558938	
0.6390483404561328	0.6306923195903721	0.6222571903304268	0.6137475053061212	
0.6051675961793117	0.5965215794040363	0.5878133636800799	0.579046658995069	
0.5702249871390214	0.5613516935650976	0.5524299604613113	0.5434628208900917	
0.5344531738460222	0.5254038000767747	0.5163173785082776	0.5071965031125243	
0.49804370005513926	0.48886144495989364	0.47965218012875055	0.4704183315587521	
0.4611623256010494	0.4518866051126013	0.44259364495748427	0.43328596672227127	
0.423966152518504	0.4146368577547968	0.40530082277150803	0.3959608832420786	
0.3866199792569684	0.3772811630185359	0.36794760508805596	0.3586225991392808	
0.3493095651863838	0.3400120512676636	0.3307337335799318	0.3214784150719356	
0.3122500225183453	0.30305260210871576	0.2938903135982019	0.28476742307870107	
0.27568829444029175	0.26665737960332975	0.2576792076112318	0.24875837268276926	
0.23989952133051176	0.231107338658896	0.22238653396114963	0.2137418257389738	
0.20517792627242368	0.19669952586984837	0.1883112769289797	0.18001777794039384	
0.17182355756351234	0.16373305890319315	0.15575062411172472	0.14788047943676969	
0.14012672083055444	0.13249330022941178	0.12498401260570963	0.1176024838863588	
0.1103521598235024	0.10323629589378247	0.09625794829283199	0.08941996608140486	
0.08272498452902062	0.07617541969014346	0.06977346423693957	0.06352108456160613	
0.05742001915024323	0.05147177821937926	0.045677644595588505	0.04003867580834657	
0.03455570735632434	0.029229357097936837	0.024060030708101393	0.019047928134962637	
0.014193050982876711	0.009495210741222653	0.004954037772713113	0.0005689909698829707	
-0.0036606320157260546	-0.00773568407032173	-0.011657157541482312	-0.0154261728908287	
-0.019043967178289024	-0.02251188247990758	-0.025831354339587092	-0.02900390035274329	
-0.032031108976530984	-0.034914628657186864	-0.03765615736008997	-0.04025743258254483	
-0.04272022192294641	-0.04504631427313779	-0.04723751169328984	-0.049295622020816054	
-0.05122245225654607	-0.05301980276287491	-0.05468946229984665	-0.05623320391628704	
-0.05765278170418264	-0.05894992841567597	-0.06012635393330663	-0.06118374457564686	
-0.06212376321223282	-0.06294805015388844	-0.06365822477707869	-0.0642558878340589	
-0.0647426243942159	-0.06512000735628265	-0.06538960146603359	-0.06555296776973192	
-0.06561166842997966	-0.06556727182776853	-0.06542135787251746	-0.0651755234406005	
-0.06483138786244387	-0.0643905983786372	-0.06385483548666519	-0.06322581810178268	
-0.06250530845825884	-0.061695116680606975	-0.06079710495848497	-0.059813191263688316	
-0.05874535255291828	-0.05759562740586896	-0.056366118054412044	-0.055058991765407676	
-0.0536764815466334	-0.05222088615265482	-0.05069456937490971	-0.04909995860788208	
-0.04743954269087869	-0.04571586903251914	-0.043931540032554714	-0.042089208822944625	
-0.0401915743572021	-0.038241375883768004	-0.03624138684555888	-0.03419440825378325	
-0.03210326158954641	-0.02997078129170801	-0.02779980689373139	-0.02559317487599731	
-0.023353710303055542	-0.021084218317656864	-0.018787475565046906	-0.016466221621920987	
-0.014123150504666915	-0.011760902330982611	-0.009382055207744287	-0.006989117416069411	
-0.004584519961916306	-0.002170609557309076	0.00025035790658079783	0.0026762233377124536	
0.005104929821001869	0.0075345273493232666	0.009963176867210181	0.012389153593003603	
0.014810849591778174	0.01722677557814488	0.019635561935036263	0.022035958941645856	
0.024426836210844634	0.02680718134350384	0.029176097814160633	0.03153280210934678	
0.03387662014652772	0.03620698300796103	0.038523422029803175	0.04082556329241395	
0.043113121562974414	0.04538589374621514	0.04764375190319215	0.04988663590160865	
0.05211454576414864	0.054327533783611846	0.05652569647532616	0.05870916643834306	
0.060878104197253806	0.06303269009617031	0.06517311631542257	0.06729957907990486	
0.0694122711257422	0.07151137448907999	0.0735970536773643	0.07566944927949015	
0.07772867206671487	0.07977479763128668	0.08180786160439774	0.08382785548935531	
0.08583472313987034	0.08782835790711513	0.08980860047276364	0.09177523737870456	
0.09372800025748397	0.09566656576096444	0.09759055617812779	0.0994995407265687	
0.10139303749599449	0.10327051601608947	0.10513140041542289	0.10697507313277181	
0.10880087913731637	0.11060813060968466	0.11239611203185605	0.11416408563045287	
0.11591129711504636	0.1176369816507532	0.11934037000265753	0.12102069478845262	
0.1226771967751583	0.12430913115587151	0.1259157737431926	0.12749642701727376	
0.12905042596831517	0.13057714367577905	0.13207599656957503	0.13354644932195464	
0.13498801932280613	0.1364002806954251	0.13778286781460475	0.1391354782939857	
0.14045787541499932	0.14174988997535462	0.14301142154081697	0.1442424390899395	
0.14544298104739592	0.1466131547075348	0.14775313505572416	0.14886316300086364	
0.14994354303811144	0.15099464036630575	0.15201687748974124	0.15301073033881124	
0.15397672394851866	0.15491542773795194	0.15582745043747173	0.1567134347135218	
0.15757405154366538	0.1584099943965831	0.1592219732733885	0.16001070866765782	
0.16077692550207226	0.16152134709948052	0.16224468924557248	0.16294765439915063	
0.16363092610427443	0.16429516365630162	0.1649409970711227	0.16556902240367632	
0.1661797974582112	0.16677383792872422	0.16735161400363538	0.1679135474640667	
0.16846000930014388	0.16899131786457902	0.16950773757746873	0.17000947819080517	
0.17049669461571468	0.1709694873099413	0.17142790321765694	0.17187193724833863	
0.17230153427627473	0.17271659163728229	0.17311696209449132	0.17350245724062818	
0.17387285130013114	0.1742278852907267	0.17456727150078885	0.17489069823594136	
0.17519783478597623	0.17548833656125137	0.17576185034633715	0.17601801961779598	
0.17625648987262463	0.17647691391405138	0.17667895704207182	0.1768623020973026	
0.17702665430843142	0.17717174589572066	0.177297340385653	0.17740323659487203	
0.17748927224503028	0.17755532717398223	0.17760132611290275	0.17762724100334001	
0.1776330928328796	0.17761895297294908	0.177584944007295	0.17753124004475135	
0.17745806651506213	0.17736569945163855	0.1772544642702137	0.17712473405731188	
0.17697692738726756	0.17681150569112988	0.17662897020515633	0.1764298585306702	
0.1762147408408038	0.17598421577303705	0.17573890604942818	0.17547945386900465	
0.17520651611890012	0.17492075945248273	0.17462285528389418	0.17431347474910003	
0.1739932836837453	0.1736629376677999	0.17332307718617132	0.17297432295319187	
0.1726172714471231	0.17225249069862622	0.1718805163745111	0.17150184819505085	
0.17111694671974287	0.17072623053266386	0.17033007385452933	0.16992880460427615	
0.1695227029284757	0.16911200021221212	0.16869687858024757	0.16827747089242723	
0.16785386123235763	0.16742608588351116	0.16699413478208058	0.16655795343120408	
0.16611744525663175	0.1656724743795635	0.16522286877828976	0.16476842380646128	
0.16430890603232398	0.16384405736012986	0.16337359939218798	0.1628972379876974	
0.16241466797260398	0.1619255779532862	0.16142965518589789	0.16092659045270272	
0.16041608289670675	0.15989784476636404	0.1593716060230558	0.15883711876544374	
0.15829416142664474	0.15774254270244545	0.15718210517146738	0.1566127285712507	
0.15603433269764447	0.1554468798986238	0.1548503771376617	0.15424487760603986	
0.1536304818679291	0.1530073385266743	0.15237564440543416	0.15173564424009878	
0.1510876298872028	0.15043193905431132	0.149768953565042	0.14909909717544514	
0.14842283296286216	0.14774066031255953	0.14705311153137768	0.14636074812126823	
0.14566415674892266	0.1449639449506511	0.1442607366142539	0.1435551672817966	
0.1428478793189337	0.14213951699772379	0.14143072154070735	0.14072212617438204	
0.14001435124010989	0.13930799940991198	0.13860365105357222	0.13790185980198275	
0.13720314834973535	0.1365080045376203	0.13581687775295284	0.13513017568254176	
0.13444826144966432	0.13377145116266964	0.13310001189880857	0.1324341601426517	
0.13177406069402242	0.13111982605579953	0.13047151630727788	0.1298291394640453	
0.12919265232060995	0.12856196176731785	0.1279369265684991	0.1273173595843019	
0.1267030304143769	0.12609366843748276	0.1254889662172583	0.12488858324086315	
0.1242921499539792	0.1236992720528081	0.12310953499123298	0.12252250865924841	
0.12193775218713473	0.12135481882866203	0.12077326087587963	0.12019263455777869	
0.11961250487531024	0.11903245032590169	0.11845206747173116	0.1178709753075785	
0.11728881938606414	0.1167052756604889	0.11612005400827205	0.11553290140113888	
0.1149436046916766	0.11435199298965618	0.11375793960553861	0.11316136354283589	
0.1125622305254172	0.11196055355040889	0.11135639296198287	0.11074985604601886	
0.11014109615031281	0.10953031133964655	0.10891774259957875	0.10830367160723281	
0.10768841809158222	0.10707233680974926	0.10645581416957674	0.10583926453218785	
0.10522312623137144	0.1046078573493849	0.10399393129114824	0.10338183220075656	
0.10277205026577352	0.10216507695585575	0.10156140024288547	0.10096149984995983	
0.10036584257629179	0.09977487774431859	0.09918903281411012	0.09860870920851375	
0.09803427839040259	0.09746607823090807	0.09690440970465901	0.09634953394483135	
0.0958016696872778	0.09526099112918103	0.0947276262235968	0.09420165542697087	
0.09368311091225816	0.09317197625569214	0.0926681866005932	0.09217162929691039	
0.09168214501050385	0.09119952929155195	0.09072353458693523	0.09025387267707653	
0.08979021751351837	0.0893322084295642	0.08887945369261475	0.0884315343634444	
0.08798800842461578	0.08754841513754912	0.08711227958547992	0.08667911735767075	
0.08624843932881048	0.08581975648655728	0.08539258475965907	0.084966449799032	
0.08454089166459101	0.08411546937150333	0.08368976525086676	0.08326338908158977	
0.08283598195245036	0.08240721981591663	0.08197681669829553	0.08154452753411423	
0.08111015059629202	0.08067352949759884	0.08023455474308268	0.07979316481753285	
0.07934934679660229	0.07890313647487435	0.07845461800890749	0.07800392307805429	
0.0775512295706001	0.07709675980744762	0.07664077832014167	0.07618358920443861	
0.07572553307483625	0.07526698364944702	0.07480834399828552	0.0743500424914095	
0.07389252848637251	0.07343626779708227	0.07298173798838957	0.07252942354253096	
0.07207981094489865	0.07163338373750024	0.07119061758888791	0.07075197542927385	
0.07031790269901309	0.069888822757623	0.06946513249903347	0.06904719821683802	
0.06863535176095514	0.0682298870243438	0.06783105679526012	0.06743907000703857	
0.0670540894135478	0.0666762297143621	0.066305556149328	0.06594208357764682	
0.06558577605187159	0.0652365468923859	0.06489425926302902	0.06455872724361635	
0.06422971739021133	0.0639069507691951	0.06359010544648812	0.06327881940876179	
0.06297269388917169	0.06267129706609709	0.06237416809962055	0.06208082146706552	
0.06179075155586252	0.061503437469364396	0.061218347999012414	0.06093494671447757	
0.060652697122100224	0.06037106784112399	0.06008953774688919	0.05980760103031231	
0.05952477212363894	0.05924059044360382	0.05895462490476522	0.05866647815787531	
0.05837579051069448	0.05808224349162607	0.057785563019914034	0.0574855221498769	
0.057181943360713874	0.05687470036777153	0.05656371943576347	0.05624898017924644	
0.055930515840626145	0.05560841304105182	0.05528281100470285	0.05495390026213542	
0.05462192084347947	0.05428715997731665	0.05394994931597372	0.05361066171268429	
0.05326970758056276	0.05292753086754967	0.05258460468538589	0.052241426634216714	
0.051898513867576795	0.051556397945239224	0.051215619523682566	0.05087672293573658	
0.050540250712267004	0.050206738099562616	0.04987670762635729	0.049550663774177196	
0.049229087803928304	0.04891243279034883	0.04860111891415181	0.04829552905938799	
0.047996004760794644	0.04770284254267737	0.047416290687238995	0.047136546466246536	
0.04686375386555574	0.04659800182733534	0.04633932302988595	0.04608769321978971	
0.04584303110579138	0.045605198818366194	0.04537400293340923	0.04514919605295531	
0.04493047893034657	0.04471750312186987	0.044509874141637276	0.0443071550914276	
0.0441088707324053	0.043914511961119174	0.043723540648017374	0.04353539479292242	
0.043349493948547924	0.04316524486022302	0.042982047267568275	0.04279929981195192	
0.04261640599217714	0.042432780110021835	0.042247853146983115	0.042061078513879524	
0.041871937615828886	0.041679945176549216	0.04148465426791242	0.04128566099319587	
0.041082608775513216	0.04087519220642647	0.04066316041372425	0.04044631991175721	
0.0402245369025101	0.039997739000720865	0.039765916361780534	0.039529122196815016	
0.039287472665208906	0.03904114614082396	0.038790381854240774	0.03853547791944794	
0.03827678875946161	0.038014721951326415	0.03774973451676188	0.03748232869032398	
0.037213047202294944	0.03694246811854037	0.036671199284232625	0.03639987242258622	
0.03612913694354147	0.035859653520624556	0.035592087496975296	0.03532710218373473	
0.03506535211559542	0.034807476329328006	0.03455409173147857	0.03430578662119091	
0.034063114433229257	0.03382658776477166	0.03359667274741894	0.03337378382313211	
0.033158278979497774	0.032950455495845694	0.03275054624734468	0.03255871660931356	
0.03237506199864853	0.03219960608352915	0.03203229968647804	0.031873020399463284	
0.03172157292310639	0.031577690135253765	0.03144103488724546	0.0313112025192362	
0.03118772407895511	0.0310700702213958	0.030957655760174944	0.030849844834744226	
0.030745956651356262	0.030645271749725762	0.030547038741752387	0.03045048146353657	
0.03035480647727773	0.030259210855535644	0.030162890176815452	0.030065046658528636	
0.02996489735113047	0.029861682315659915	0.02975467270603017	0.029643178677259265	
0.029526557041387645	0.029404218594117206	0.02927563503720869	0.029140345424387003	
0.028997962061908463	0.028848175799010813	0.028690760648175346	0.028525577680433456	
0.028352578146815036	0.028171805783409436	0.027983398264343397	0.02778758777421382	
0.02758470067908969	0.027375156283049856	0.0271594646652842	0.026938223600989675	
0.026712114577559325	0.026481897925832488	0.026248407094358994	0.026012542102670597	
0.025775262217368266	0.025537577902353628	0.02530054210169599	0.0250652409203531	
0.024832783774207664	0.024604293086566028	0.02438089361335369	0.024163701483666703	
0.023953813046069476	0.023752293614018774	0.02356016620601138	0.02337840037747542	
0.023207901242024598	0.023049498779465296	0.02290393752687358	0.02277186674714303	
0.022653831166642064	0.02255026237002021	0.0224614709357577	0.022387639390766878	
0.022328816056201822	0.02228490984957481	0.02225568610023948	0.022240763426137608	
0.022239611709211266	0.022251551194722146	0.022275752725411487	0.022311239104322346	
0.022356887559277283	0.02241143325632196	0.022473473777478988	0.022541474438298	
0.022613774271195687	0.022688592439891787	0.022764034777297895	0.02283810005406478	
0.022908685489610864	0.022973590916724653	0.02303052091380329	0.02307708413986881	
0.02311078906765697	0.023129035337430152	0.023129100083902555	0.023108118861383527	
0.023063061250627914	0.022990701913888575	0.022887588799277655	0.022750011386110047	
0.022573973278783716	0.022355175019847184	0.022089014567084092	0.02177061426492585	
0.021394884076448916	0.020956631020647584	0.020450723853388905	0.019872319735347272	
0.019217155720742424	0.018481902293174722	0.017664568990872594	0.01676494378200983	
0.01578503893522192	0.014729507620612693	0.013605988531527608	0.012425331708347668	
0.011201658700560998	0.00995221521807334	0.008696985060244087	0.007458050321933845	
0.006258703872256007	0.005122344319873178	0.004071208851742685	0.0031250226840235967	
0.002299662412666775	0.0016059414921692013	0.0010486271877386641	0.0006257883892529871	
0.00032855264332937737	0.0001413200263261809	4.2443733830302676e-05	5.346244692787303e-06	
0.0	
                Type                   L                   N
                   0                   1                   0
0.0	0.0008365668518849218	0.0016723151091292902	0.002506431047782468	
0.0033381106475683982	0.0041665643497788805	0.004991021703324232	0.005810735863136478	
0.006624987906367863	0.00743309093336775	0.008234393922238107	0.00902828530784819	
0.009814196258512247	0.010591603626081744	0.011360032547952275	0.01211905868241173	
0.012868310061834093	0.01360746855142667	0.014336270904539273	0.015054509408912193	
0.015762032121649016	0.016458742694117564	0.01714459979138096	0.017819616114109437	
0.01848385703419475	0.019137438858453103	0.019780526737834172	0.02041333224242487	
0.02103611062522551	0.02164915780015564	0.022252807062001854	0.022847425578025847	
0.023433410682694944	0.024011186008463435	0.02458119748670965	0.02514390925381097	
0.025699799497912363	0.026249356282205247	0.026793073380487926	0.027331446160420665	
0.027864967549227414	0.028394124115636955	0.028919392300609546	0.02944123482786836	
0.029960097323473284	0.03047640517163966	0.03099056063175035	0.03150294023904408	
0.032013892508818836	0.03252373596118202	0.03303275748044172	0.03354121102018509	
0.03404931666196469	0.03455726003233323	0.03506519207976613	0.03557322920980949	
0.03608145377362801	0.0365899149020188	0.03709862967393844	0.037607584605686674	
0.03811673744412049	0.03862601924467053	0.039135336712509315	0.039644574783006946	
0.040153599415617865	0.04066226057359038	0.041170395360392964	0.04167783128252089	
0.042184389607389926	0.04268988878435096	0.043194147896473876	0.04369699011065121	
0.04419824609376341	0.0446977573631236	0.04519537954017336	0.04569098547743025	
0.046184468229968335	0.04667574384425096	0.04716475393889767	0.047651468053947474	
0.04813588574735783	0.04861803841983031	0.049097990851559775	0.04957584243713936	
0.050051728107597025	0.05052581893136144	0.05099832238883417	0.05146948231815322	
0.051939578532643936	0.05240892611334189	0.052877874382812697	0.05334680556926041	
0.053816133172584914	0.05428630004659873	0.05475777621401729	0.055231056433080454	
0.05570665753672449	0.05618511556708303	0.05666698272974353	0.05715282419360435	
0.05764321476335911	0.05813873545256529	0.0586399699859363	0.059147501259913984	
0.05966190779074042	0.060183760179150114	0.060713617620444575	0.06125202448811041	
0.0617995070182852	0.062356570121295564	0.06292369434518094	0.06350133301460292	
0.06408990956682575	0.06468981510457342	0.06530140618351582	0.06592500284996092	
0.0665608869420241	0.06720930066515314	0.06787044545041629	0.06854448110144307	
0.06923152523336162	0.06993165300452572	0.07064489713929785	0.0713712482376647	
0.07211065536504155	0.07286302691328457	0.0736282317217009	0.07440610044474298	
0.07519642715111347	0.07599897113720722	0.07681345893619386	0.07763958650260606	
0.07847702155106552	0.0793254060267466	0.0801843586843712	0.08105347775193375	
0.08193234365499184	0.08282052177721785	0.08371756523299066	0.08462301762811003	
0.08553641578524135	0.08645729241142582	0.08738517868591919	0.08831960674774561	
0.08926011206364279	0.09020623565853482	0.09115752619227185	0.0921135418681085	
0.09307385216024197	0.09403803934966659	0.09500569985961961	0.09597644538395875	
0.09694990380391665	0.09792571989079238	0.09890355579425313	0.09988309131799865	
0.10086402398658495	0.10184606890917136	0.10282895844784794	0.10381244169998896	
0.10479628380575232	0.10578026509338435	0.10676418007639134	0.10774783631787488	
0.10873105317840702	0.10971366046471706	0.11069549699717993	0.11167640911462388	
0.11265624913531884	0.11363487379314575	0.11461214266791372	0.11558791662855229	
0.11656205630749028	0.11753442062394236	0.11850486537305178	0.1194732418969151	
0.12043939585243396	0.12140316608972274	0.12236438365345709	0.12332287091809735	
0.12427844086636923	0.1252308965187559	0.12618003052006854	0.12712562488742107	
0.12806745092217456	0.12900526928664408	0.12993883024459313	0.1308678740628016	
0.1317921315692979	0.13271132486220266	0.1336251681615741	0.13453336879516306	
0.13543562830762446	0.13633164368147016	0.13722110865692805	0.1381037151368813	
0.13897915466222457	0.1398471199422853	0.14070730642443555	0.14155941388665563	
0.14240314803661805	0.14323822210083173	0.1440643583875266	0.14488128980726087	
0.14568876133569628	0.14648653140360515	0.14727437319993522	0.14805207587466254	
0.14881944562919305	0.14957630668322322	0.1503225021082208	0.15105789451903948	
0.151782366616598	0.15249582157604818	0.1531981832763899	0.15388939636906107	
0.15456942618461714	0.1552382584782025	0.15589589901608863	0.15654237300709808	
0.1571777243842283	0.1578020149432331	0.158415323346277	0.1590177440000606	
0.15960938581899253	0.16019037088504942	0.16076083301691968	0.16132091626184084	
0.1618707733242292	0.16241056394573927	0.16294045325178666	0.1634606100798164	
0.1639712053046895	0.164472410176504	0.16496439468596602	0.1654473259720637	
0.16592136678630995	0.16638667402717888	0.16684339735760592	0.1672916779175298	
0.16773164714246536	0.1681634256979936	0.16858712253886868	0.16900283410017852	
0.1694106436266609	0.16981062064489869	0.17020282058169878	0.17058728453051378	
0.1709640391663197	0.17133309680791484	0.1716944556251807	0.17204809998745763	
0.17239400094784038	0.17273211685692086	0.17306239409829413	0.1733847679370176	
0.17369916347118736	0.17400549667586646	0.17430367552779352	0.17459360119860523	
0.17487516930374505	0.1751482711937987	0.1754127952746985	0.17566862834308078	
0.17591565692305897	0.1761537685907901	0.17638285327346548	0.17660280450973734	
0.17681352065910755	0.17701490604843423	0.1772068720444581	0.1773893380421091	
0.17756223235929558	0.17772549302992344	0.17787906848800036	0.1780229181368607	
0.17815701279877447	0.17828133504147542	0.1783958793794355	0.17850065234902568	
0.17859567245800934	0.1786809700111113	0.1787565868146759	0.17882257576465824	
0.17887900032336987	0.17892593389152328	0.17896345908315553	0.17899166691197937	
0.1790106558985685	0.17902053110855737	0.17902140313268605	0.1790133870200669	
0.1789966011764712	0.17897116623973408	0.17893720394454898	0.17889483598897046	
0.17884418291486445	0.17878536301434225	0.1787184912738804	0.17864367836739273	
0.17856102970895085	0.1784706445751889	0.17837261530665718	0.1782670265965314	
0.17815395487414157	0.17803346778976847	0.1779056238060799	0.17777047190044684	
0.17762805138121482	0.17747839181980823	0.17732151309933475	0.1771574255791432	
0.1769861303735841	0.17680761974204073	0.1766218775861464	0.17642888004900528	
0.17622859621018017	0.17602098886923567	0.17580601540971696	0.17558362873462716	
0.1753537782637396	0.17511641098245617	0.17487147253140445	0.17461890832555765	
0.17435866469137073	0.1740906900102486	0.17381493585660965	0.17353135811887027	
0.173239918091857	0.17294058352945435	0.1726333296467047	0.17231814006109708	
0.1719950076634058	0.1716639354091544	0.17132493702259208	0.17097803760595498	
0.17062327414774245	0.1702606959247613	0.16989036479375874	0.16951235536957635	
0.1691267550878978	0.1687336641518167	0.16833319536261332	0.16792547383628487	
0.1675106366085091	0.1670888321318284	0.16666021966991104	0.1662249685947577	
0.16578325759367915	0.1653352737937533	0.1648812118122742	0.16442127274242221	
0.16395566308400927	0.16348459362967152	0.16300827831730522	0.16252693305984184	
0.16204077456366206	0.16155001914702602	0.161054881569866	0.16055557388614455	
0.16005230432972298	0.15954527624431677	0.15903468706764898	0.15852072737933617	
0.1580035800213815	0.15748341929939602	0.15696041027183744	0.15643470813365828	
0.15590645769978925	0.1553757929928711	0.1548428369385933	0.15430770117091405	
0.15377048594832693	0.15323128018123278	0.15269016156935925	0.15214719684707945	
0.15160244213340798	0.1510559433824185	0.15050773692883845	0.14995785012264415	
0.14940630204561162	0.14885310430198556	0.14829826187471626	0.14774177403809102	
0.14718363531705725	0.14662383648310703	0.14606236557626287	0.14549920894249058	
0.14493435227574963	0.14436778165389502	0.14379948455774735	0.14322945086286717	
0.1426576737938895	0.14208415083169396	0.1415088845642097	0.14093188347226204	
0.14035316264256334	0.13977274440072807	0.1391906588580322	0.13860694436654153	
0.13802164787819537	0.13743482520442235	0.13684654117390194	0.13625686968713518	
0.13566589366754556	0.1350737049099002	0.13448040382788343	0.1338860991036928	
0.1332909072435142	0.132694952043697	0.13209836397334532	0.1315012794798895	
0.13090384022497056	0.13030619225866943	0.1297084851407243	0.12911087101790253	
0.1285135036671209	0.12791653751423765	0.12732012663866804	0.12672442377409407	
0.1261295793155624	0.12553574034317014	0.12494304967235376	0.12435164494049822	
0.12376165773919252	0.12317321280097267	0.12258642724881634	0.12200140991599469	
0.12141826074315162	0.12083707025867542	0.12025791914756634	0.11968087791308295	
0.11910600663449623	0.11853335482328646	0.11796296137910883	0.11739485464582508	
0.11682905256687819	0.11626556293826448	0.11570438375636787	0.11514550365694538	
0.11458890244063287	0.1140345516794567	0.11348241539801514	0.11293245082224253	
0.11238460918798207	0.11183883660099661	0.11129507493952924	0.11075326279010378	
0.11021333640692921	0.10967523068504009	0.10913888013718344	0.10860421986443382	
0.10807118651059817	0.10753971919065287	0.10700976038373053	0.10648125678155597	
0.10595416008369557	0.10542842773154128	0.10490402357358995	0.10438091845529575	
0.1038590907275486	0.10333852666868323	0.10281922081580948	0.10230117620219602	
0.10178440449840626	0.10126892605587737	0.10075476985263693	0.10024197334186054	
0.0997305822049701	0.09922065001195397	0.09871223779254462	0.09820541352279939	
0.0977002515325041	0.0971968318396258	0.09669523941878991	0.0961955634114337	
0.09569789628588506	0.09520233295612524	0.09470896986842062	0.09421790406533344	
0.09372923223685445	0.0932430497685291	0.09275944979648201	0.0922785222791688	
0.09180035309551601	0.09132502317883565	0.09085260769553649	0.09038317527719253	
0.08991678731398346	0.0894534973168935	0.08899335035534779	0.08853638257619634	
0.08808262080911974	0.08763208226264535	0.08718477431403661	0.08674069439535498	
0.08629982997700754	0.08586215864909802	0.08542764829989274	0.0849962573897208	
0.08456793531764653	0.08414262287730474	0.08372025279736918	0.08330075036126246	
0.08288403409989495	0.08247001655047659	0.08205860507376064	0.08164970272147898	
0.08124320914521135	0.08083902153750089	0.0804370355956957	0.08003714649875732	
0.07963924988713882	0.07924324283580184	0.0788490248105017	0.07845649859764062	
0.07806557119825032	0.07767615467702914	0.077288166957813	0.07690153255740179	
0.07651618325029051	0.07613205865755454	0.07574910675391276	0.07536728428782481	
0.07498655711036478	0.07460690040954623	0.07422829884773675	0.07385074660079309	
0.07347424729855104	0.07309881386731411	0.07272446827598977	0.07235124118850937	
0.07197917152612827	0.07160830594412966	0.0712386982283352	0.0708704086176508	
0.07050350305963861	0.07013805240679745	0.0697741315618491	0.0694118185808551	
0.06905119374342966	0.06869233859965893	0.0683353350035834	0.06798026414324729	
0.06762720557736172	0.06727623628857046	0.06692742976314477	0.06658085510667175	
0.06623657620494067	0.06589465093877457	0.06555513046101025	0.06521805854319757	
0.06488347099888121	0.06455139518954617	0.06422184961846401	0.06389484361677958	
0.06357037712522969	0.0632484405739068	0.06292901486147168	0.06261207143419388	
0.06229757246417288	0.06198547112506439	0.061675711962629616	0.06136823135644088	
0.06106295806812849	0.060759813870654454	0.060458714252247504	0.06015956918785411	
0.05986228397024623	0.059566760092295126	0.05927289617137383	0.05898058890639599	
0.058689734057641545	0.058400227439260384	0.058111965914191224	0.057824848381185456	
0.057538776743677855	0.05725365685041388	0.05696939939800484	0.05668592078595206	
0.056403143915148085	0.05612099892142166	0.055839423836341995	0.05555836516822774	
0.05527777839710992	0.05499762837827114	0.05471788964991004	0.054438546641458634	
0.05415959378009673	0.05388103549405103	0.05360288611232996	0.053325169661613325	
0.05304791956208175	0.052771178225022246	0.052494996556069075	0.05221943336892921	
0.05194455471538262	0.05167043313823521	0.051397146854720153	0.05112477887859184	
0.050853416089819345	0.0505831482613625	0.05031406705299322	0.050046264982503565	
0.049779834384916975	0.049514866370486285	0.04925144979231706	0.04898967023440162	
0.048729609030682616	0.048471342325489476	0.04821494018530959	0.04796046577136772	
0.047707974581902124	0.04745751377234694	0.047209121560861184	0.046962826725800794	
0.046718648200809954	0.046476594772228055	0.04623666488247663	0.0459988465420125	
0.04576311735132985	0.04552944463336276	0.045297785675506956	0.045068088079342934	
0.04484029021502458	0.0446143217762029	0.04439010443029706	0.04416755255791748	
0.04394657407429238	0.043727071324669235	0.043508942044857515	0.04329208037735985	
0.04307637793291653	0.042861724886764284	0.04264801109849365	0.042435127244086546	
0.04222296594852414	0.042011422907286496	0.04180039798511099	0.04158979628054615	
0.04137952914512238	0.041169515146362676	0.0409596809643731	0.040749962212373356	
0.040540304172254314	0.04033066243707121	0.040121003453286945	0.039911304956571136	
0.03970155629601519	0.039491758642741036	0.03928192508004532	0.03907208057342149	
0.038862261820028346	0.03865251697840939	0.03844290528050609	0.03823349652923131	
0.038024370486067084	0.03781561615431217	0.0376073309647138	0.03739961987126681	
0.037192594365938705	0.03698637142196966	0.03678107237619624	0.03657682176154299	
0.0363737461014117	0.03617197267816888	0.03597162828827679	0.03577283799683394	
0.03557572390437995	0.0353804039387749	0.03518699068478828	0.03499559026372154	
0.03480630127494996	0.034619213810701474	0.03443440855469991	0.034251955974494715	
0.03407191561638164	0.03389433551080147	0.033719251694994776	0.03354668785849689	
0.0333766551157983	0.03320915190917198	0.033044164043305777	0.03288166485197795	
0.03272161549559727	0.032563965387009966	0.03240865274156141	0.032255605246017366	
0.032104740839599244	0.03195596859909317	0.03180918971876462	0.03166429857465938	
0.0315211838618163	0.031379729791961956	0.031239817338419667	0.03110132551425081	
0.030964132669064923	0.030828117789495613	0.030693161788045466	0.030559148764862414	
0.03042596722702477	0.030293511250082398	0.030161681566933714	0.030030386569602576	
0.02989954321012155	0.02976907778751981	0.029638926608849144	0.029509036513257026	
0.029379365249318435	0.029249881697161535	0.029120565928354804	0.028991409098050248	
0.02886241316549091	0.028733590440669785	0.02860496295666242	0.028476561668929888	
0.028348425484681472	0.028220600127188824	0.02809313684173178	0.027966090951615907	
0.02783952027441642	0.027713483410257773	0.027588037915507607	0.027463238376747842	
0.027339134401251484	0.02721576854143994	0.02709317417190368	0.026971373338525558	
0.026850374600043945	0.026730170883015224	0.026610737371583947	0.0264920294537241	
0.02637398074568015	0.026256501216201236	0.02613947543182348	0.02602276094390326	
0.02590618683734103	0.02578955245993581	0.02567262635007108	0.025555145378912417	
0.025436814121456902	0.025317304468535883	0.025196255489128065	0.025073273548921433	
0.024947932686736955	0.024819775244858202	0.024688312742059754	0.02455302696859223	
0.02441337126984012	0.024268771968908514	0.02411862985701495	0.023962321653194497	
0.02379920130050027	0.023628600923952876	0.023449831225968422	0.0232621810390043	
0.02306491569553195	0.022857273817384238	0.022638462078340117	0.022407647467557336	
0.02216394659334889	0.021906411637160887	0.021634012720107294	0.021345616704327434	
0.021039962842562147	0.020715636229670854	0.020371040705648005	0.02000437369891285	
0.01961360644344483	0.019196473983848866	0.01875048029244458	0.018272924519196966	
0.017760954704852845	0.01721165501790389	0.0166221715375049	0.015989879639229095	
0.015312593056585654	0.014588810699502724	0.013817992458992501	0.013000849822644637	
0.01213963164282483	0.011238380462325757	0.010303131138899106	0.009342021879296813	
0.0083652888863749	0.007385120150302888	0.006415351694620674	0.005471000649346785	
0.004567643250573735	0.003720661194074021	0.0029443952477104713	0.00225125894506736	
0.0016508757632012355	0.0011493088116371474	0.0007484515031604007	0.0004456403194309026	
0.00023353675844546782	0.00010030579840262766	3.0094433252717055e-05	3.7883240109791123e-06	
-0.0	
                Type                   L                   N
                   0                   1                   1
0.0	-0.008854251381133998	-0.017693800388219848	-0.026504044665779675	
-0.03527058110642598	-0.043979303508828234	-0.05261649789465818	-0.06116893473446208	
-0.06962395735803349	-0.07796956585648095	-0.08619449582052288	-0.09428829130228604	
-0.10224137143565894	-0.11004509020265707	-0.11769178888983695	-0.12517484083907554	
-0.13248868816048645	-0.13962887014134276	-0.1465920431530473	-0.15337599192785928	
-0.159979632147658	-0.1664030043578991	-0.17264725929050245	-0.17871463474909285	
-0.18460842427823082	-0.19033293790441622	-0.19589345530019903	-0.20129617178313416	
-0.20654813761807736	-0.2116571911439727	-0.21663188629438127	-0.22148141512416128	
-0.2262155259925887	-0.23084443808547925	-0.23537875298531183	-0.23982936401873553	
-0.24420736412502547	-0.24852395299694546	-0.25279034424702507	-0.2570176733474928	
-0.26121690708108	-0.2653987552227565	-0.2695735851493364	-0.27375134004505697	
-0.2779414613369115	-0.2821528159540855	-0.28639362896161086	-0.29067142206976837	
-0.2949929584682369	-0.2993641943779976	-0.30379023765505	-0.3082753137186049	
-0.31282273901312285	-0.3174349021489372	-0.3221132528007733	-0.3268582983778619	
-0.3316696084140562	-0.33654582656201254	-0.34148469001259585	-0.34648305609978264	
-0.35153693579294537	-0.35664153372302676	-0.36179129433719465	-0.366979953728532	
-0.3722005966435644	-0.3774457181313177	-0.3827072892633759	-0.3879768263254681	
-0.3932454628574927	-0.398504023900919	-0.4037431018002025	-0.40895313289830504	
-0.4141244744656561	-0.4192474812068682	-0.42431258070014116	-0.42931034714043914	
-0.4342315727789859	-0.439067336478206	-0.44380906883262133	-0.44844861334212766	
-0.4529782831641289	-0.45739091301484613	-0.46167990583729007	-0.46583927390348956	
-0.4698636740710799	-0.4737484369688498	-0.47748958994177754	-0.48108387364295796	
-0.48452875221714364	-0.48782241707784185	-0.4909637843365482	-0.49395248599823005	
-0.4967888550911529	-0.4994739049510353	-0.5020093029289615	-0.5043973388389722	
-0.506640888504454	-0.5087433728020001	-0.5107087126369383	-0.5125412803160275	
-0.5142458478095601	-0.5158275324171797	-0.5172917403688875	-0.518644108904909	
-0.5198904473852434	-0.5210366779818008	-0.5220887765030787	-0.5230527138934072	
-0.5239343989360314	-0.5247396226718465	-0.5254740050236627	-0.5261429440897046	
-0.5267515685399069	-0.527304693514773	-0.5278067803894632	-0.5282619007257447	
-0.528673704691839	-0.5290453941855044	-0.5293797008492629	-0.5296788691190285	
-0.529944644398899	-0.5301782664060629	-0.5303804676810319	-0.5305514772102367	
-0.5306910290608414	-0.530798375881844	-0.5308723070816062	-0.5309111714502064	
-0.5309129039558821	-0.5308750564085947	-0.5307948316507635	-0.5306691209057309	
-0.5304945438887946	-0.5302674912638552	-0.5299841690110868	-0.5296406442576187	
-0.5292328921141533	-0.5287568430557567	-0.5282084303847349	-0.5275836373175672	
-0.5268785432461608	-0.5260893687361562	-0.5252125188414695	-0.5242446243345263	
-0.5231825804754783	-0.5220235829708815	-0.5207651608025178	-0.5194052056399879	
-0.5179419975860456	-0.5163742270410111	-0.5147010125116593	-0.5129219142303013	
-0.5110369434910121	-0.5090465676516797	-0.5069517107923638	-0.5047537500619902	
-0.5024545077862244	-0.5000562394491456	-0.49756161769965623	-0.49497371257011635	
-0.49229596812909293	-0.48953217582212705	-0.48668644478368583	-0.48376316942979836	
-0.4807669946639912	-0.4777027790488914	-0.47457555631206494	-0.47139049556720286	
-0.46815286064054146	-0.4648679688974013	-0.4615411499648694	-0.4581777047440238	
-0.4547828650987157	-0.4513617545978845	-0.44791935067484406	-0.444460448550046	
-0.4409896272437428	-0.4375112179819269	-0.4340292752731658	-0.4305475509057554	
-0.42706947108427223	-0.4235981168924148	-0.4201362082353183	-0.41668609137965046	
-0.41324973017406186	-0.40982870099636465	-0.4064241914374652	-0.4030370026959578	
-0.39966755562170275	-0.3963159003120732	-0.3929817291310884	-0.3896643929897714	
-0.38636292069598765	-0.3830760411540653	-0.37980220816890775	-0.37653962758628867	
-0.3732862864808069	-0.3700399840857404	-0.3667983641448597	-0.3635589483553781	
-0.36031917056355056	-0.35707641137018836	-0.35382803280241665	-0.350571412710449	
-0.3473039785538751	-0.3440232402508992	-0.34072682177600877	-0.33741249120657524	
-0.33407818893666624	-0.33072205379677644	-0.32734244684094993	-0.3239379725877004	
-0.32050749752793956	-0.3170501657415538	-0.31356541149399014	-0.31005296871498383	
-0.3065128772930315	-0.3029454861510795	-0.29935145310086764	-0.29573174150510007	
-0.29208761380782605	-0.28842062202378604	-0.28473259530671663	-0.2810256247444823	
-0.2773020455550659	-0.2735644168817455	-0.26981549940793553	-0.2660582310319908	
-0.262295700859587	-0.25853112178594706	-0.2547678019520549	-0.25100911536798376	
-0.24725847200251436	-0.24351928764127312	-0.23979495381567517	-0.2360888081020492	
-0.23240410508447032	-0.2287439882661411	-0.22511146320272676	-0.22150937211699437	
-0.21794037023760654	-0.21440690408612748	-0.21091119191544525	-0.20745520648007498	
-0.20404066029446774	-0.20066899350972514	-0.1973413645122761	-0.19405864332040287	
-0.190821407826258	-0.18762994290248278	-0.18448424236403402	-0.18138401374755567	
-0.17832868584297584	-0.17531741888512611	-0.17234911728742378	-0.16942244477520677	
-0.16653584175343797	-0.1636875447224004	-0.16087560753588598	-0.15809792427940497	
-0.15535225353130633	-0.15263624375744891	-0.14994745958040992	-0.14728340865714035	
-0.1446415688946173	-0.1420194157313411	-0.139414449213577	-0.13682422059892538	
-0.13424635822613906	-0.13167859239898155	-0.12911877904322921	-0.12656492190956067	
-0.12401519311087639	-0.12146795180038786	-0.11892176081643892	-0.11637540114123401	
-0.11382788404326144	-0.11127846079696863	-0.10872662989792178	-0.10617214171703923	
-0.10361500056323605	-0.10105546414974594	-0.09849404048517918	-0.09593148223584691	
-0.09336877863071721	-0.09080714500436464	-0.08824801009619955	-0.08569300124585301	
-0.08314392764472038	-0.08060276182204212	-0.07807161956044106	-0.07555273845032938	
-0.07304845530494149	-0.07056118266781701	-0.068093384652274	-0.06564755235770177	
-0.06322617911034421	-0.060831735776586696	-0.05846664639467368	-0.05613326436622601	
-0.05383384944202804	-0.05157054572735145	-0.0493453609206839	-0.047160146986285664	
-0.04501658244561596	-0.04291615645554343	-0.04086015482254529	-0.03884964808200881	
-0.036885481750479024	-0.034968268836465366	-0.03309838467246489	-0.0312759641073811	
-0.029500901074803517	-0.027772850528833423	-0.026091232715602274	-0.024455239725503557	
-0.02286384424871834	-0.021315810435051295	-0.01980970673862968	-0.01834392060884986	
-0.01691667487126676	-0.015526045626076259	-0.014169981477601271	-0.012846323895874973	
-0.011552828501150412	-0.010287187054038463	-0.009047049928045014	-0.007830048837616694	
-0.006633819593419304	-0.005456024657464951	-0.004294375273869081	-0.003146652956404381	
-0.0020107301215509005	-0.0008845896653674537	0.00023365670592604635	0.0013457515683314503	
0.002453276456981985	0.0035576382724796076	0.004660057543527236	0.0057615586535139365	
0.00686296211852041	0.007964878983228469	0.009067707379688535	0.010171631272003717	
0.011276621387977604	0.01238243831684204	0.0134886377305744	0.014594577665214603	
0.015699427778242504	0.01680218047864493	0.017901663808004065	0.018996555933931576	
0.020085401101640633	0.02116662687551385	0.02223856249035948	0.023299458121708992	
0.02434750487616202	0.025380855296434347	0.026397644171519546	0.02739600944023746	
0.02837411297644352	0.029330161046283353	0.03026242423209586	0.031169256623808563	
0.032049114086896736	0.03290057142607288	0.033722338275742836	0.03451327356178408	
0.03527239839421514	0.035998907266692005	0.03669217745630914	0.037351776535724794	
0.037977467928972074	0.03856921446228435	0.03912717988162245	0.03965172832916924	
0.040143421791620566	0.0406030155534637	0.04103145170837763	0.04142985080122946	
0.04179950169167264	0.042141849747907544	0.0424584834955553	0.04275111986167597	
0.04302158816757982	0.043271813036103494	0.04350379638933263	0.04371959872127409	
0.043921319836594704	0.04411107925124207	0.04429099645344861	0.04446317122433063	
0.04462966421598321	0.044792477981683156	0.0449535386475868	0.04511467840819129	
0.04527761901890881	0.04544395644847707	0.04561514684169837	0.04579249392930269	
0.045977138006711965	0.046170046587278475	0.04637200681837435	0.04658361973067685	
0.046805296372311754	0.047037255860388046	0.047279525363052397	0.04753194200573217	
0.04779415667588672	0.04806563968157928	0.04834568820066138	0.04863343543956054	
0.04892786140370726	0.04922780516574288	0.04953197850293268	0.04983898076184178	
0.05014731479642247	0.05045540381534888	0.05076160896578714	0.05106424747392108	
0.05136161115750307	0.051651985122518174	0.051933666454782146	0.0522049827179107	
0.05246431007162432	0.052710090828735005	0.05294085027535664	0.05315521258682474	
0.053351915681412745	0.053529824865095534	0.05368794513321678	0.053825432008834134	
0.053941600812604906	0.054035934275176	0.05410808841999321	0.054157896662073025	
0.05418537208641229	0.054190707888144	0.054174275975130956	0.05413662375219107	
0.054078469124427556	0.05400069377497691	0.053904334789725755	0.05379057471801815	
0.05366073017389074	0.053516239096813856	0.05335864680410897	0.053189590979047734	
0.053010785748995835	0.052824005016731825	0.052631065215192216	0.05243380766126552	
0.05223408068786298	0.05203372173528075	0.051834539582824676	0.05163829689981699	
0.05144669329144145	0.05126134900947118	0.05108378949080885	0.05091543087804188	
0.05075756666593558	0.05061135560611294	0.050477810989160994	0.05035779140925229	
0.050251993101172274	0.050160943923591106	0.050084999045647643	0.05002433837661676	
0.04997896576076388	0.04994870994164522	0.04993322728226303	0.04993200620980986	
0.04994437333641475	0.04996950119051283	0.05000641747735341	0.050054015771923664	
0.050111067533320175	0.050176235316508194	0.050248087045595344	0.0503251112023196	
0.050405732774524065	0.05048832980203931	0.050571250351703345	0.05065282974925202	
0.050731407893571834	0.050805346478312925	0.05087304594714694	0.05093296201196988	
0.05098362156809444	0.05102363784687498	0.051051724654201186	0.05106670955281049	
0.05106754585728424	0.051053323322817465	0.05102327742225215	0.05097679712029763	
0.05091343106919363	0.050832892166137476	0.050735060429434604	0.05061998416737852	
0.0504878794311427	0.05033912776030651	0.05017427224685374	0.04999401196042367	
0.049799194794060565	0.049590808805567786	0.049369972144636454	0.04913792167006039	
0.0488960003744128	0.04864564374542447	0.04838836520384311	0.04812574076667611	
0.047859393092317334	0.04759097507008295	0.0473221531210431	0.04705459037972383	
0.0467899299272197	0.046529778245506914	0.04627568906028612	0.04602914773553791	
0.04579155637719069	0.04556421979593628	0.045348332470362906	0.04514496664129602	
0.04495506165665141	0.04477941467333228	0.04461867280886647	0.04447332682072956	
0.04434370637577897	0.04422997695608853	0.0441321384308947	0.04405002530749769	
0.043983308656987324	0.04393149969374404	0.04389395497098038	0.04386988313829374	
0.04385835319147161	0.04385830412977698	0.04386855592179662	0.04388782166779826	
0.0439147208345497	0.043947793427817836	0.04398551495839905	0.044026312049627	
0.04406857852793565	0.04411069183329054	0.04415102958318399	0.0441879861224508	
0.04421998889141433	0.04424551444681414	0.044263103973573886	0.044271378130707285	
0.04426905108147421	0.04425494356622001	0.044227994886074096	0.044187273676752264	
0.044131987363983265	0.04406149020544572	0.043975289838421944	0.043873052267495494	
0.04375460524240596	0.043619939992447856	0.043469211300413035	0.04330273591585067	
0.04312098932419132	0.04292460090488419	0.042714347527956324	0.042491145654165285	
0.04225604201901607	0.04201020299520107	0.04175490274135629	0.04149151025727022	
0.0412214754767164	0.040946314538787346	0.04066759438690089	0.04038691685143719	
0.040105902377177136	0.039826173560311866	0.03954933866172141	0.03927697526347806	
0.0390106142341029	0.03875172416501168	0.03850169643585404	0.03826183106013612	
0.03803332345466854	0.037817252267096056	0.03761456838511759	0.03742608523911637	
0.03725247049690086	0.03709423923523949	0.036951748658000334	0.03682519441512353	
0.03671460856052223	0.03661985917048442	0.03654065162739886	0.03647653155682516	
0.03642688938923543	0.03639096650134335	0.036367862875964996	0.03635654620399851	
0.03635586233749913	0.03636454698913261	0.03638123856063439	0.036404491971419435	
0.036432793348293004	0.0364645754284068	0.036498233520282426	0.03653214186194834	
0.03656467021108528	0.0365942004995647	0.036619143383953674	0.03663795452442478	
0.03664915042707162	0.036651323688844197	0.03664315749015861	0.036623439187632834	
0.036591072868294536	0.0365450907368949	0.036484663219562875	0.03640910767980967	
0.036317895656739284	0.03621065855008101	0.03608719169220195	0.035947456763417644	
0.03579158252354323	0.035619863849542105	0.03543275908617517	0.03523088573355408	
0.035015014512285454	0.0347860618633017	0.03454508095532904	0.03429325128810013	
0.034031866993710684	0.033762323951818524	0.033486105846536184	0.0332047693037737	
0.032919928257311895	0.03263323769995566	0.03234637698262356	0.03206103282913085	
0.03177888223764569	0.03150157544132343	0.03123071910042243	0.030967859896281882	
0.030714468693910233	0.03047192543462879	0.030241504913279846	0.03002436358602328	
0.02982152754477024	0.02963388178295716	0.02946216086473454	0.02930694109587474	
0.029168634279914098	0.02904748312738253	0.028943558369601635	0.028856757611593852	
0.02878680594132696	0.028733258294971763	0.028695503560266542	0.02867277038261839	
0.028664134621416735	0.028668528387344384	0.028684750575426122	0.02871147879330239	
0.02874728256991861	0.02879063771661413	0.028839941700621572	0.028893529880356487	
0.028949692442712418	0.029006691874954686	0.02906278079782399	0.029116219982167058	
0.02916529636886373	0.029208340911039514	0.029243746058561185	0.02926998270759614	
0.029285616442559965	0.02928932290403551	0.029279902124169938	0.02925629168056228	
0.02921757853066739	0.02916300940114521	0.02909199962027074	0.02900414029635539	
0.028899203760970653	0.028777147212467373	0.028638114512675027	0.02848243610759071	
0.028310627061145625	0.028123383209592626	0.027921575462515863	0.027706242294738635	
0.027478580491324192	0.027239934225247536	0.026991782563997955	0.026735725517184016	
0.02647346875200201	0.026206807117048952	0.025937607127273245	0.02566778857374339	
0.02539930543125995	0.025134126244551056	0.02487421417979312	0.024621506932422318	
0.024377896684607544	0.024145210306306973	0.02392518999252269	0.023719474526203054	
0.02352958135124995	0.023356889633306982	0.02320262447749539	0.02306784246210464	
0.022953418635525025	0.02286003511053964	0.022788171375590832	0.02273809642694292	
0.022709862808915716	0.02270330263172968	0.02271802561813883	0.022753419211111646	
0.022808650755529427	0.022882671747386462	0.022974224124485045	0.023081848553303096	
0.02320389464775808	0.023338533037177374	0.023483769183090794	0.02363745882764951	
0.023797324940716746	0.023960976018108687	0.024125925570243373	0.024289612628694442	
0.024449423087968464	0.024602711691320816	0.024746824462680277	0.02487912138182182	
0.024996999096859908	0.02509791346693769	0.02517940172866306	0.025239104082339828	
0.025274784498295046	0.02528435054948843	0.02526587208393999	0.02521759855909922	
0.02513797486980917	0.025025655511616125	0.024879516931399233	0.024698667927128385	
0.02448245796745656	0.024230483309278107	0.02394259079691413	0.023618879230038692	
0.023259698189072874	0.02286564420746908	0.022437554181920883	0.021976495917126592	
0.021483755715792092	0.020960822953103826	0.020409371625341424	0.019831238942965738	
0.019228401157680017	0.01860294697743009	0.017957049136308516	0.017292934945184087	
0.016612856942254305	0.0159190650684232	0.015213782075770307	0.01449918409148009	
0.013777388347589	0.013050449987357236	0.012320369514261789	0.011589111816681836	
0.010858636764983203	0.010130940162713235	0.009408102414740509	0.008692340781367009	
0.007986059697778962	0.007291892567476164	0.006612727911980602	0.005951712978964007	
0.005312229015791027	0.004697834442850878	0.004112175017552342	0.0035588635280608474	
0.0030413352242030425	0.002562688611586996	0.002125523896288908	0.0017317928042908913	
0.0013826733698982469	0.0010784814481618011	0.0008186272654874562	0.0006016206494169046	
0.00042512326983824123	0.0002860410245853093	0.00018064539112627736	0.00010470982374319107	
5.3646561034065635e-05	2.2630665204514707e-05	6.701529245988085e-06	8.369124740155823e-07	
0.0	
                Type                   L                   N
                   0                   2                   0
0.0	0.00015494502402509832	0.0006195246051930407	0.0013929727447433299	
0.002474014358215517	0.0038608676465817886	0.005551247417613	0.00754236935911084	
0.00983095526589632	0.012413239222549593	0.015284974743817566	0.018441442874317242	
0.021877461248638545	0.0255873941121696	0.029565163301910502	0.0338042601851961	
0.03829775855259976	0.04303832845933647	0.04801825100721753	0.05322943405663669	
0.058663428855191706	0.0643114475663787	0.07016438167835332	0.07621282126905125	
0.08244707510002636	0.08885719150722163	0.09543298005256978	0.10216403389585975	
0.10903975284174036	0.11604936701210126	0.12318196108942027	0.13042649907203488	
0.13777184947773408	0.14520681092761933	0.15272013803789783	0.16030056754319733	
0.16793684457117247	0.17561774898466073	0.18333212170447555	0.19106889092315477	
0.1988170981176344	0.20656592376694843	0.21430471267968265	0.22202299883507903	
0.2297105296414149	0.23735728951559054	0.2449535226887799	0.25248975514452054	
0.2599568155977804	0.26734585542631284	0.2746483674690128	0.28185620361000435	
0.2889615910718052	0.29595714734610745	0.302835893696473	0.3095912671735117	
0.3162171310898926	0.32270778390974963	0.3290579665146793	0.3352628678165134	
0.34131812869534495	0.34721984424983365	0.3529645643555531	0.3585492925360154	
0.3639714831599495	0.36922903698735243	0.3743202950957207	0.379244031226627	
0.38399944260138213	0.38858613926282964	0.3930041320083305	0.3972538189866065	
0.40133597103830376	0.4052517158668284	0.4090025211321573	0.4125901765658988	
0.4160167752107834	0.4192846938920511	0.4223965730317245	0.4253552959195962	
0.4281639675568051	0.43082589318918585	0.43334455664807	0.435723598615957	
0.4379667949334116	0.4400780350617203	0.4420613008132453	0.44392064545810617	
0.445660173311765	0.4472840199034004	0.44879633281959513	0.4502012533119158	
0.4515028987504717	0.4527053459985545	0.4538126157760156	0.4548286580712491	
0.45575733865349566	0.45660242672882095	0.4573675837745392	0.45805635357816554	
0.45867215349825147	0.4592182669557047	0.45969783715559487	0.46011386203091376	
0.46046919039152445	0.4607665192535014	0.46100839231643553	0.46119719954898963	
0.4613351778361921	0.46142441263561323	0.46146684058380555	0.4614642529891693	
0.4614183001428151	0.46133049637504675	0.461202225781787	0.4610347485426661	
0.46082920775055974	0.46058663667114613	0.4603079663505079	0.4599940334889559	
0.45964558850008075	0.4592633036755025	0.4588477813779032	0.45839956218763295	
0.4579191329314373	0.4574069345256677	0.45686336957060486	0.456288809637247	
0.45568360219302145	0.45504807711830775	0.4543825527713904	0.453687341565392	
0.452962755026844	0.45220910831177025	0.45142672416141016	0.4506159362859681	
0.44977709217094564	0.4489105553066899	0.44801670684765427	0.44709594671354025	
0.446148694149854	0.4451753877704766	0.44417648510953694	0.4431524617141689	
0.44210380981360164	0.44103103660342263	0.4399346621867737	0.4388152172166538	
0.43767324028538906	0.4365092751087082	0.4353238675526985	0.43411756255223954	
0.43289090096930005	0.431644416438782	0.4303786322483944	0.42909405829737307	
0.4277911881767499	0.4264704964113565	0.4251324359008415	0.423777435593743	
0.42240589842509546	0.42101819954425457	0.41961468485559017	0.41819566989049134	
0.4167614390248163	0.41531224505150116	0.41384830911361764	0.4123698209987436	
0.4108769397911606	0.4093697948741354	0.40784848727044903	0.40631309130542753	
0.4047636565730489	0.40320021018229063	0.4016227592577732	0.4000312936659625	
0.3984257889357665	0.39680620934031036	0.39517251110499174	0.39352464570568446	
0.3918625632200874	0.39018621569480727	0.3884955604907436	0.3867905635697569	
0.3850712026864071	0.38333747044975014	0.3815893772217719	0.3798269538209519	
0.3780502540017376	0.3762593566832587	0.37445436790346937	0.3726354224779834	
0.37080268534615635	0.3689563525904338	0.3670966521185702	0.365223844002008	
0.36333822046743697	0.3614401055423044	0.3595298543587566	0.3576078521241449	
0.35567451276977263	0.35373027729295203	0.3517756118106701	0.34981100534616044	
0.3478369673724573	0.34585402513948926	0.343862720813491	0.34186360845937824	
0.33985725089829427	0.3378442164737351	0.3358250757605006	0.3338003982511968	
0.331770749055118	0.32973668564407754	0.3276987546791238	0.3256574889511019	
0.3236134044666853	0.3215669977098601	0.31951874310686706	0.3174690907203695	
0.3154184641960954	0.3133672589824608	0.3113158408407303	0.30926454466014885	
0.30721367358921986	0.3051634984909404	0.30311425772636774	0.3010661572674352	
0.29901937113646754	0.2969740421664318	0.2949302830726136	0.2928881778231814	
0.2908477832930053	0.28880913118219564	0.2867722301781091	0.28473706833710216	
0.28270361566009944	0.2806718268340936	0.27864164411007525	0.2766130002865504	
0.274585821766822	0.27256003165753856	0.2705355528757071	0.26851231123138597	
0.2664902384536438	0.2644692751280731	0.26244937351518505	0.2604305002203542	
0.2584126386876389	0.2563957914917321	0.25437998240448967	0.25236525821492267	
0.2503516902841761	0.24833937581984658	0.24632843885697261	0.24431903093612917	
0.2423113314722535	0.24030554781107077	0.2383019149732609	0.23630069508975632	
0.23430217653477875	0.23230667276634395	0.2303145208869903	0.2283260799403551	
0.22634172896193255	0.22436186480485226	0.22238689976379175	0.220417259022177	
0.2184533779495856	0.2164956992777513	0.21454467018474213	0.21260073931776555	
0.21066435378559628	0.2087359561518561	0.206815981460274	0.20490485432264188	
0.2030029860994393	0.2011107722020601	0.19922858954422912	0.1973567941685767	
0.19549571907245006	0.19364567225490842	0.19180693500449772	0.18997976044485448	
0.18816437235246575	0.18636096425805912	0.18456969884013075	0.18279070761606422	
0.1810240909332076	0.17926991825915822	0.1775282287674204	0.17579903221154164	
0.17408231007788866	0.17237801700434816	0.17068608244954264	0.16900641259458618	
0.16733889245706382	0.1656833881947721	0.1640397495748615	0.16240781258237555	
0.1607874021408152	0.15917833491627084	0.1575804221758772	0.155993472670864	
0.15441729551430367	0.15285170302378487	0.1512965134996874	0.14975155391047376	
0.1482166624574466	0.14669169099273685	0.14517650726587153	0.14367099697609959	
0.14217506560971607	0.14068864004389642	0.13921166990100312	0.1377441286399423	
0.13628601437388552	0.13483735040652015	0.13339818548190702	0.13196859374598288	
0.1305486744207145	0.1291385511948664	0.1277383713382411	0.12634830454907708	
0.12496854154700418	0.1235992924265323	0.12224078478847245	0.12089326166891426	
0.11955697928740985	0.11823220463780969	0.11691921294674056	0.11561828502600244	
0.11432970454617365	0.1130537552594439	0.11179071820012729	0.1105408688914589	
0.10930447458712293	0.1080817915755211	0.10687306257406444	0.10567851423975821	
0.10449835482108817	0.1033327719746803	0.1021819307684535	0.1010459718910023	
0.0999250100847737	0.09881913281825383	0.09772839920988967	0.09665283921384624	
0.09559245307499681	0.09454721105775771	0.09351705345057171	0.09250189084501631	
0.09150160468571143	0.09051604808445116	0.08954504688930966	0.0885884009969	
0.087645885893533	0.08671725440873836	0.08580223866251184	0.08490055218575239	
0.08401189219167042	0.08313594197450457	0.08227237341069184	0.08142084953670019	
0.0805810271770709	0.07975255959583695	0.07893509914436751	0.07812829987887307	
0.07733182012124622	0.07654532493763858	0.07576848851015663	0.07500099637829448	
0.07424254752819319	0.07349285630951216	0.07275165416159377	0.07201869113268475	
0.07129373717821785	0.0705765832265343	0.06986704200291581	0.06916494860537392	
0.06847016082826715	0.06778255923248937	0.06710204696362974	0.06642854932214758	
0.06576201309219239	0.06510240563820538	0.06444971378084034	0.06380394246601562	
0.06316511324302275	0.06253326256956225	0.06190843996332744	0.0612907060212841	
0.06068013032910966	0.060076789284316506	0.0594807638573985	0.058892137315896674	
0.05831099293657141	0.05773741173088908	0.0571714702087962	0.05661323820524242	
0.056062776793159054	0.055520136305588004	0.05498535448841015	0.054458454803656596	
0.05393944490170737	0.05342831527882196	0.05292503813440941	0.052429566440270726	
0.05194183323173795	0.051461751128237164	0.05098921208832328	0.05052408740171279	
0.05006622791829795	0.04961546451158482	0.04917160877149607	0.04873445391903318	
0.04830377593292854	0.04787933487616968	0.047460876408158104	0.04704813346629914	
0.04664082809903305	0.04623867343072086	0.04584137573741357	0.04544863661137422	
0.04506015519129566	0.04467563043447827	0.04429476340680742	0.04391725956619619	
0.043542831015247675	0.04317119869923536	0.04280209452609267	0.042435263385946435	
0.04207046504880577	0.041707475920317295	0.04134609063701506	0.04098612348419583	
0.04062740962143588	0.04026980610280612	0.03991319268101183	0.03955747238697235	
0.039202571878728776	0.038848441555997267	0.038495055439162644	0.03814241081398577	
0.03779052764576271	0.0374394477690999	0.037089233861827824	0.03673996821383685	
0.03639175130377474	0.03604470019855257	0.03569894679246171	0.035354635904379435	
0.03501192325301829	0.03467097333144453	0.03433195720313436	0.03399505024264397	
0.03366042984453927	0.03332827312454354	0.032998754636928654	0.032672044131987925	
0.03234830437698779	0.03202768906331435	0.031710340821608625	0.03139638936553029	
0.031085949783427876	0.030779120995622248	0.03047598439325662	0.030176602672747462	
0.029881018877805775	0.029589255658804096	0.029301314756974724	0.029017176718557993	
0.028736800841590793	0.02846012535558472	0.028187067831888266	0.02791752582010328	
0.027651377703552603	0.027388483764492058	0.02712868744756046	0.026871816807882126	
0.026617686128297055	0.026366097688427886	0.026116843666697368	0.025869708155023683	
0.025624469264744307	0.025380901301365836	0.025138776985025344	0.024897869693076613	
0.024657955700988915	0.024418816397776134	0.02418024045244894	0.023942025908507074	
0.023703982184254097	0.023465931957717682	0.023227712916176518	0.022989179351729762	
0.022750203585971882	0.022510677208636753	0.02227051211704238	0.022029641345267435	
0.02178801967420764	0.02154562401597332	0.021302453568466845	0.02105852973840244	
0.020813895833473338	0.02056861652680251	0.020322777099218287	0.020076482467235354	
0.01982985600688384	0.01958303818568402	0.019336185017085995	0.019089466353571286	
0.018843064036316044	0.018597169920832355	0.01835198379931715	0.0181077112415328	
0.017864561376909324	0.017622744641185104	0.017382470511286285	0.017143945252275562	
0.01690736970008697	0.0166729371033927	0.01644083104733783	0.016211223481025123	
0.0159842728695498	0.015760122490081324	0.015538898889983657	0.015320710523263977	
0.015105646579772602	0.014893776019553865	0.014685146822590173	0.014479785461921767	
0.01427769660577305	0.01407886305190664	0.01388324589498221	0.01369078492524141	
0.013501399254398517	0.013314988162222242	0.013131432154959847	0.012950594224514606	
0.01277232129516468	0.012596445842619998	0.012422787668385052	0.012251155810744829	
0.012081350572228314	0.011913165642163267	0.01174639029190671	0.011580811619551197	
0.011416216820359381	0.01125239545888342	0.011089141718682667	0.010926256605763608	
0.010763550082324918	0.010600843108100754	0.010437969567543543	0.010274778062263018	
0.010111133549537073	0.00994691880930764	0.009782035723863563	0.009616406356365018	
0.009449973816471932	0.009282702903564805	0.009114580520383409	0.008945615852319925	
0.008775840310068598	0.00860530723583109	0.0084340913757694	0.008262288123872292	
0.008090012544823472	0.007917398185802007	0.00774459568939534	0.007571771221922602	
0.007399104733442664	0.0072267880675271024	0.007055022940498749	0.006884018811251324	
0.0067139906639638895	0.00654515672698496	0.006377736151884738	0.006211946677143137	
0.006048002301153903	0.005886110989181298	0.005726472438600001	0.005569275926189022	
0.005414698260435236	0.00526290186075122	0.005114032984218527	0.004968220118963287	
0.004825572561557796	0.004686179193940248	0.0045501074732821455	0.004417402646015033	
0.004288087194896137	0.004162160525554317	0.004039598896448436	0.003920355593614538	
0.0038043613489975904	0.0036915249985915804	0.0035817343740729116	0.003474857419128647	
0.003370743519288706	0.0032692250317851133	0.0031701189998126398	0.0030732290335735647	
0.002978347338678118	0.002885256870856491	0.0027937335945434553	0.0027035488217291284	
0.002614471606548491	0.0025262711704139157	0.0024387193320935373	0.00235159291699776	
0.002264676120070895	0.002177762797087698	0.0020906586598200857	0.0020031833514699937	
0.0019151723799409402	0.001826478887941172	0.0017369752405537503	0.0016465544127630476	
0.0015551311614711055	0.0014626429687498322	0.0013690507454374326	0.0012743392866715877	
0.0011785174735333933	0.001081618217630859	0.0009836981481473974	0.00088483704359418	
0.0007851370132068205	0.000684721435586515	0.0005837336647782843	0.0004823355164754426	
0.0003807055494129288	0.0002790371592399091	0.00017753650421625775	7.64202839419465e-05	
-2.408660602507537e-05	-0.00012375351938896805	-0.00022234657872938755	-0.0003196312431569578	
-0.0004153748970205135	-0.0005093494323161756	-0.0006013337973767522	-0.0006911164846288322	
-0.0007784979307051093	-0.0008632928029755589	-0.0009453321476189066	-0.0010244653756712751	
-0.0011005620650641624	-0.0011735135584730878	-0.001243234338828664	-0.001309663166574551	
-0.0013727639651645157	-0.001432526443856272	-0.0014889664495525326	-0.0015421260422327943	
-0.0015920732913882573	-0.0016389017937830472	-0.0016827299157898031	-0.0017236997664591214	
-0.0017619759103422615	-0.001797743831877439	-0.0018312081658302733	-0.001862590710826748	
-0.0018921282454074566	-0.0019200701682329483	-0.0019466759860612547	-0.0019722126748819018	
-0.001996951941098015	-0.0020211674108909982	-0.0020451317768596655	-0.002069113931692901	
-0.0020933761189926734	-0.0021181711314210033	-0.0021437395860836013	-0.002170307306495523	
-0.002198082839598077	-0.0022272551351209787	-0.0022579914131173624	-0.0022904352437588143	
-0.0023247048614710277	-0.002360891733247623	-0.002399059398509851	-0.0024392425952159437	
-0.0024814466840861176	-0.002525647379826659	-0.0025717907951401113	-0.002619793800126431	
-0.002669544696442783	-0.0027209042023365114	-0.002773706741418785	-0.002827762024847704	
-0.002882856913468471	-0.002938757543443513	-0.002995211696033722	-0.0030519513894907385	
-0.00310869566851699	-0.00316515356447074	-0.0032210271974705378	-0.003276014989793225	
-0.0033298149585012623	-0.00338212805407909	-0.0034326615110274647	-0.0034811321758683486	
-0.0035272697778568037	-0.003570820107886365	-0.0036115480716104836	-0.003649240583684525	
-0.0036837092712492447	-0.003714792956327144	-0.003742359888664107	-0.003766309702714493	
-0.00378657507491321	-0.003803123060083946	-0.0038159560887732298	-0.0038251126104511804	
-0.0038306673708453825	-0.003832731315156503	-0.0038314511124925375	-0.003827008300536194	
-0.00381961805317977	-0.0038095275775947386	-0.003797014150907977	-0.0037823828103050617	
-0.0037659637139254272	-0.00374810919333357	-0.003729190521598136	-0.003709594424063244	
-0.0036897193617171564	-0.00366997161962797	-0.0036507612351920522	-0.003632497802911795	
-0.0036155861940563336	-0.003600422230847903	-0.003587388355742703	-0.003576849336920987	
-0.0035691480512639625	-0.003564601385861347	-0.0035634962984664557	-0.003566086076279674	
-0.003572586831009655	-0.0035831742663092734	-0.0035979807514189264	-0.0036170927321371106	
-0.0036405485070520912	-0.0036683363932496402	-0.0037003933013671146	-0.0037366037347683102	
-0.0037767992215741245	-0.003820758181051961	-0.0038682062171151244	-0.0039188168210135	
-0.003972212452257836	-0.004027965950942333	-0.004085602215518282	-0.00414460005750918	
-0.00420439411882555	-0.004264376709029371	-0.004323899390870868	-0.00438227411573095	
-0.004438773690964755	-0.004492631355229605	-0.004543039254400137	-0.004589145660196483	
-0.004630050867888203	-0.00466480186003005	-0.004692386039618328	-0.004711724623031999	
-0.004721666637155682	-0.004720984870964521	-0.004708375559307357	-0.004682463978013913	
-0.004641818439466894	-0.004584975315995014	-0.004510477595690679	-0.004416929004043085	
-0.0043030648337613045	-0.004167839276386945	-0.004010527256297297	-0.0038308366114421758	
-0.0036290241041723125	-0.0034060064165860565	-0.003163455290946248	-0.002903864659774108	
-0.0026305773145966684	-0.0023477596778422867	-0.0020603157525137124	-0.0017737353529786754	
-0.001493877093329218	-0.0012266929392420166	-0.000977907828010393	-0.0007526741915930286	
-0.0005552263708840391	-0.00038856311109517974	-0.0002541869508349449	-0.00015192698839231502	
-7.98661912380876e-05	-3.438644830255852e-05	-1.0334652352498914e-05	-1.3022411246604446e-06	
0.0	
