---------------------------------------------------------------------------
Element                     Si
Energy Cutoff(Ry)           100
Radius Cutoff(a.u.)         6
Lmax                        2
Number of Sorbital-->       2
Number of Porbital-->       2
Number of Dorbital-->       1
---------------------------------------------------------------------------
SUMMARY  END

Mesh                        601
dr                          0.01
                Type                   L                   N
                   0                   0                   0
-3.36349396083864e-01  -3.36173698178269e-01  -3.35646988197617e-01  -3.34770415130782e-01  
-3.33545886577641e-01  -3.31976057735438e-01  -3.30064316096700e-01  -3.27814761974535e-01  
-3.25232185002633e-01  -3.22322036787529e-01  -3.19090399919531e-01  -3.15543953575777e-01  
-3.11689935974184e-01  -3.07536103960073e-01  -3.03090690028125e-01  -2.98362357100632e-01  
-2.93360151398763e-01  -2.88093453756559e-01  -2.82571929737553e-01  -2.76805478921156e-01  
-2.70804183730282e-01  -2.64578258172966e-01  -2.58137996869069e-01  -2.51493724728534e-01  
-2.44655747640060e-01  -2.37634304518692e-01  -2.30439521047642e-01  -2.23081365433864e-01  
-2.15569606478660e-01  -2.07913774243932e-01  -2.00123123571983e-01  -1.92206600692035e-01  
-1.84172813120192e-01  -1.76030003031617e-01  -1.67786024254450e-01  -1.59448323004770e-01  
-1.51023922450849e-01  -1.42519411163444e-01  -1.33940935477106e-01  -1.25294195755743e-01  
-1.16584446524230e-01  -1.07816500396967e-01  -9.89947357041963e-02  -9.01231076878391e-02  
-8.12051631108954e-02  -7.22440580981826e-02  -6.32425790016995e-02  -5.42031660613005e-02  
-4.51279396108683e-02  -3.60187285619251e-02  -2.68771008807703e-02  -1.77043957618804e-02  
-8.50175718956928e-03  7.29831428179871e-04  9.98951187513059e-03  1.92765153154941e-02  
2.85901263797990e-02  3.79296474689416e-02  4.72943635918799e-02  5.66835080442631e-02  
6.60962292246127e-02  7.55315588715640e-02  8.49883819903111e-02  9.44654087188925e-02  
1.03961148365492e-01  1.13473885826688e-01  1.23001660573763e-01  1.32542248370003e-01  
1.42093145856554e-01  1.51651558118174e-01  1.61214389313218e-01  1.70778236424850e-01  
1.80339386162813e-01  1.89893815017556e-01  1.99437192441171e-01  2.08964887102820e-01  
2.18471976140263e-01  2.27953257303948e-01  2.37403263866215e-01  2.46816282145535e-01  
2.56186371474680e-01  2.65507386422344e-01  2.74773001060314e-01  2.83976735052750e-01  
2.93111981330822e-01  3.02172035104783e-01  3.11150123956681e-01  3.20039438750426e-01  
3.28833165091736e-01  3.37524515068782e-01  3.46106759004917e-01  3.54573256957901e-01  
3.62917489705244e-01  3.71133088962851e-01  3.79213866593718e-01  3.87153842575151e-01  
3.94947271506522e-01  4.02588667454891e-01  4.10072826952811e-01  4.17394849980975e-01  
4.24550158788000e-01  4.31534514420394e-01  4.38344030857291e-01  4.44975186666806e-01  
4.51424834123604e-01  4.57690205750192e-01  4.63768918267516e-01  4.69658973963245e-01  
4.75358759508625e-01  4.80867042276697e-01  4.86182964235824e-01  4.91306033512654e-01  
4.96236113737792e-01  5.00973411305200e-01  5.05518460692798e-01  5.09872108006519e-01  
5.14035492923264e-01  5.18010029219564e-01  5.21797384082286e-01  5.25399456405313e-01  
5.28818354281744e-01  5.32056371904789e-01  5.35115966092154e-01  5.37999732648281e-01  
5.40710382776482e-01  5.43250719748682e-01  5.45623616034319e-01  5.47831991082014e-01  
5.49878789937937e-01  5.51766962873614e-01  5.53499446183177e-01  5.55079144296093e-01  
5.56508913336157e-01  5.57791546241399e-01  5.58929759542407e-01  5.59926181878876e-01  
5.60783344315899e-01  5.61503672502936e-01  5.62089480699649e-01  5.62542967674086e-01  
5.62866214460168e-01  5.63061183943333e-01  5.63129722225596e-01  5.63073561704404e-01  
5.62894325783701e-01  5.62593535120561e-01  5.62172615296950e-01  5.61632905793534e-01  
5.60975670131244e-01  5.60202107036548e-01  5.59313362478110e-01  5.58310542415960e-01  
5.57194726099245e-01  5.55966979745394e-01  5.54628370431913e-01  5.53179980032093e-01  
5.51622919027720e-01  5.49958340035274e-01  5.48187450887062e-01  5.46311527115339e-01  
5.44331923695352e-01  5.42250085912648e-01  5.40067559230510e-01  5.37785998045157e-01  
5.35407173229025e-01  5.32932978376075e-01  5.30365434677428e-01  5.27706694370521e-01  
5.24959042720370e-01  5.22124898507174e-01  5.19206813010234e-01  5.16207467493946e-01  
5.13129669217135e-01  5.09976346002246e-01  5.06750539415610e-01  5.03455396624137e-01  
5.00094161007093e-01  4.96670161614106e-01  4.93186801571982e-01  4.89647545553260e-01  
4.86055906428570e-01  4.82415431232746e-01  4.78729686581105e-01  4.75002243677459e-01  
4.71236663059031e-01  4.67436479225668e-01  4.63605185301417e-01  4.59746217875749e-01  
4.55862942169482e-01  4.51958637666761e-01  4.48036484349392e-01  4.44099549663442e-01  
4.40150776340354e-01  4.36192971186031e-01  4.32228794941418e-01  4.28260753307261e-01  
4.24291189213987e-01  4.20322276405173e-01  4.16356014389992e-01  4.12394224806472e-01  
4.08438549223492e-01  4.04490448395325e-01  4.00551202968393e-01  3.96621915625771e-01  
3.92703514641126e-01  3.88796758800241e-01  3.84902243635213e-01  3.81020408904006e-01  
3.77151547236295e-01  3.73295813855694e-01  3.69453237278506e-01  3.65623730880246e-01  
3.61807105213406e-01  3.58003080953321e-01  3.54211302343661e-01  3.50431351008989e-01  
3.46662759999109e-01  3.42905027928514e-01  3.39157633074213e-01  3.35420047296502e-01  
3.31691749649880e-01  3.27972239555207e-01  3.24261049409376e-01  3.20557756515105e-01  
3.16861994220932e-01  3.13173462169985e-01  3.09491935565583e-01  3.05817273372003e-01  
3.02149425379836e-01  2.98488438077019e-01  2.94834459278858e-01  2.91187741482948e-01  
2.87548643927757e-01  2.83917633346659e-01  2.80295283422206e-01  2.76682272958326e-01  
2.73079382800778e-01  2.69487491548493e-01  2.65907570110191e-01  2.62340675171881e-01  
2.58787941651310e-01  2.55250574225107e-01  2.51729838023119e-01  2.48227048592219e-01  
2.44743561238612e-01  2.41280759863234e-01  2.37840045409310e-01  2.34422824044334e-01  
2.31030495200778e-01  2.27664439600525e-01  2.24326007387592e-01  2.21016506491911e-01  
2.17737191344022e-01  2.14489252056389e-01  2.11273804181775e-01  2.08091879152782e-01  
2.04944415499295e-01  2.01832250932289e-01  1.98756115373332e-01  1.95716624999224e-01  
1.92714277360677e-01  1.89749447622878e-01  1.86822385964252e-01  1.83933216157938e-01  
1.81081935348446e-01  1.78268415023905e-01  1.75492403172221e-01  1.72753527597623e-01  
1.70051300362425e-01  1.67385123307670e-01  1.64754294595579e-01  1.62158016206672e-01  
1.59595402315027e-01  1.57065488456547e-01  1.54567241397452e-01  1.52099569603396e-01  
1.49661334203956e-01  1.47251360342525e-01  1.44868448798130e-01  1.42511387763310e-01  
1.40178964660928e-01  1.37869977882772e-01  1.35583248333903e-01  1.33317630668968e-01  
1.31072024110136e-01  1.28845382740765e-01  1.26636725174489e-01  1.24445143505901e-01  
1.22269811456488e-01  1.20109991637728e-01  1.17965041862297e-01  1.15834420444067e-01  
1.13717690437798e-01  1.11614522780189e-01  1.09524698305004e-01  1.07448108616343e-01  
1.05384755815533e-01  1.03334751088611e-01  1.01298312172725e-01  9.92757597308957e-02  
9.72675126754571e-02  9.52740824908336e-02  9.32960666162065e-02  9.13341409578314e-02  
8.93890516092819e-02  8.74616058656000e-02  8.55526626241587e-02  8.36631222709224e-02  
8.17939161556776e-02  7.99459957636374e-02  7.81203216935808e-02  7.63178525543325e-02  
7.45395338919168e-02  7.27862872591204e-02  7.10589995374892e-02  6.93585126189773e-02  
6.76856135505921e-02  6.60410252404886e-02  6.44253978180942e-02  6.28393007340688e-02  
6.12832156782784e-02  5.97575303855776e-02  5.82625333901260e-02  5.67984097793106e-02  
5.53652379882016e-02  5.39629876649342e-02  5.25915186265952e-02  5.12505809142038e-02  
4.99398159443207e-02  4.86587587438142e-02  4.74068412434617e-02  4.61833965954758e-02  
4.49876644698270e-02  4.38187972744908e-02  4.26758672355626e-02  4.15578742646621e-02  
4.04637545332718e-02  3.93923896666851e-02  3.83426164641678e-02  3.73132370468009e-02  
3.63030293303440e-02  3.53107577173470e-02  3.43351839007128e-02  3.33750776699517e-02  
3.24292276115135e-02  3.14964515958040e-02  3.05756069457996e-02  2.96656001855228e-02  
2.87653962710096e-02  2.78740272117380e-02  2.69905999967435e-02  2.61143037467502e-02  
2.52444160215399e-02  2.43803082203654e-02  2.35214500224207e-02  2.26674128241051e-02  
2.18178721399679e-02  2.09726089446912e-02  2.01315099441593e-02  1.92945667744598e-02  
1.84618741384650e-02  1.76336269003378e-02  1.68101161687878e-02  1.59917244100706e-02  
1.51789196414687e-02  1.43722487652257e-02  1.35723301115250e-02  1.27798452670356e-02  
1.19955302727032e-02  1.12201662807761e-02  1.04545697664602e-02  9.69958239404347e-03  
8.95606064076704e-03  8.22486528412491e-03  7.50685085960716e-03  6.80285519616933e-03  
6.11368913589040e-03  5.44012654239877e-03  4.78289469970764e-03  4.14266519914326e-03  
3.52004540710831e-03  2.91557060055224e-03  2.32969685027080e-03  1.76279472460559e-03  
1.21514387782984e-03  6.86928578573992e-04  1.78234224153062e-04  -3.10955123298860e-04  
-7.80758153300858e-04  -1.23139666110323e-03  -1.66319483510547e-03  -2.07657748413955e-03  
-2.47206722186755e-03  -2.85028063610731e-03  -3.21192348118563e-03  -3.55778494133324e-03  
-3.88873102257328e-03  -4.20569713942245e-03  -4.50967997093289e-03  -4.80172866807175e-03  
-5.08293550108193e-03  -5.35442604123613e-03  -5.61734897621670e-03  -5.87286566218333e-03  
-6.12213951839034e-03  -6.36632537194982e-03  -6.60655886099616e-03  -6.84394600407508e-03  
-7.07955304206595e-03  -7.31439665635877e-03  -7.54943466337358e-03  -7.78555728086376e-03  
-8.02357905583200e-03  -8.26423153736031e-03  -8.50815677028144e-03  -8.75590167746557e-03  
-9.00791338964814e-03  -9.26453557226517e-03  -9.52600578878774e-03  -9.79245392965458e-03  
-1.00639017251935e-02  -1.03402633500081e-02  -1.06213471152877e-02  -1.09068582344954e-02  
-1.11964026370013e-02  -1.14894917935695e-02  -1.17855485072887e-02  -1.20839136136506e-02  
-1.23838535241386e-02  -1.26845685389793e-02  -1.29852018467215e-02  -1.32848491211247e-02  
-1.35825686195302e-02  -1.38773916815288e-02  -1.41683335223704e-02  -1.44544042122451e-02  
-1.47346197303260e-02  -1.50080129813347e-02  -1.52736446623818e-02  -1.55306138689517e-02  
-1.57780683311358e-02  -1.60152141745528e-02  -1.62413251048002e-02  -1.64557509197135e-02  
-1.66579252601249e-02  -1.68473725171454e-02  -1.70237138221777e-02  -1.71866720548206e-02  
-1.73360758134652e-02  -1.74718623036174e-02  -1.75940791097029e-02  -1.77028848272312e-02  
-1.77985485435834e-02  -1.78814481672572e-02  -1.79520676170172e-02  -1.80109928939589e-02  
-1.80589070708739e-02  -1.80965842444046e-02  -1.81248825061646e-02  -1.81447359991971e-02  
-1.81571461357159e-02  -1.81631720609505e-02  -1.81639204559851e-02  -1.81605347796769e-02  
-1.81541840559700e-02  -1.81460513181350e-02  -1.81373218255920e-02  -1.81291711719849e-02  
-1.81227534050121e-02  -1.81191892791820e-02  -1.81195547621181e-02  -1.81248699132963e-02  
-1.81360882511701e-02  -1.81540867205394e-02  -1.81796563667859e-02  -1.82134938172810e-02  
-1.82561936629133e-02  -1.83082418243641e-02  -1.83700099785404e-02  -1.84417511105569e-02  
-1.85235962459166e-02  -1.86155524061886e-02  -1.87175018196208e-02  -1.88292024058684e-02  
-1.89502895414799e-02  -1.90802791000895e-02  -1.92185717485287e-02  -1.93644584674198e-02  
-1.95171272523777e-02  -1.96756709398323e-02  -1.98390960898248e-02  -2.00063328470349e-02  
-2.01762456908744e-02  -2.03476449758432e-02  -2.05192991545816e-02  -2.06899475682615e-02  
-2.08583136822143e-02  -2.10231186390780e-02  -2.11830949973064e-02  -2.13370005196885e-02  
-2.14836318745977e-02  -2.16218381120720e-02  -2.17505337775196e-02  -2.18687115278654e-02  
-2.19754541182809e-02  -2.20699456322627e-02  -2.21514818336995e-02  -2.22194795266555e-02  
-2.22734848168385e-02  -2.23131801780425e-02  -2.23383902371845e-02  -2.23490862027972e-02  
-2.23453888738986e-02  -2.23275701789322e-02  -2.22960532078314e-02  -2.22514107141122e-02  
-2.21943620780831e-02  -2.21257687366805e-02  -2.20466280999404e-02  -2.19580659885753e-02  
-2.18613276414070e-02  -2.17577673553748e-02  -2.16488368343648e-02  -2.15360723360584e-02  
-2.14210807182623e-02  -2.13055244976261e-02  -2.11911060441832e-02  -2.10795510446432e-02  
-2.09725913757485e-02  -2.08719475361712e-02  -2.07793107913264e-02  -2.06963251900170e-02  
-2.06245696149823e-02  -2.05655400311362e-02  -2.05206320955297e-02  -2.04911242918403e-02  
-2.04781617494698e-02  -2.04827409031116e-02  -2.05056951429563e-02  -2.05476815985112e-02  
-2.06091691903480e-02  -2.06904280739041e-02  -2.07915205877094e-02  -2.09122938049648e-02  
-2.10523737720480e-02  -2.12111614999409e-02  -2.13878307542406e-02  -2.15813276656028e-02  
-2.17903721541351e-02  -2.20134611270613e-02  -2.22488733671978e-02  -2.24946759783658e-02  
-2.27487321905667e-02  -2.30087102503424e-02  -2.32720930284778e-02  -2.35361878675069e-02  
-2.37981360669047e-02  -2.40549212693750e-02  -2.43033758772627e-02  -2.45401845105136e-02  
-2.47618834418062e-02  -2.49648549450029e-02  -2.51453156140850e-02  -2.52992980035777e-02  
-2.54226254647758e-02  -2.55108808588733e-02  -2.55593709595809e-02  -2.55630898286110e-02  
-2.55166862295045e-02  -2.54144421509500e-02  -2.52502715776306e-02  -2.50177505284517e-02  
-2.47101907495295e-02  -2.43207699059275e-02  -2.38427302315791e-02  -2.32696549606338e-02  
-2.25958271562910e-02  -2.18166686303711e-02  -2.09292476235535e-02  -1.99328332396108e-02  
-1.88294631185134e-02  -1.76244796831331e-02  -1.63269809944180e-02  -1.49501264586577e-02  
-1.35112369725079e-02  -1.20316349100722e-02  -1.05361824479605e-02  -9.05249709597174e-03  
-7.60984999779955e-03  -6.23778361117140e-03  -4.96451785899162e-03  -3.81524416419782e-03  
-2.81043105096531e-03  -1.96427953351504e-03  -1.28346839449760e-03  -7.66317006984439e-04  
-4.02466537319033e-04  -1.73140943477329e-04  -5.20006434120052e-05  -6.54894508054741e-06  
-0.00000000000000e+00  
                Type                   L                   N
                   0                   0                   1
-1.10981176496303e+00  -1.10937664043907e+00  -1.10807315544762e+00  -1.10590696262083e+00  
-1.10288743941783e+00  -1.09902762309140e+00  -1.09434412035485e+00  -1.08885699245577e+00  
-1.08258961655488e+00  -1.07556852449285e+00  -1.06782322020330e+00  -1.05938597719531e+00  
-1.05029161768231e+00  -1.04057727507431e+00  -1.03028214167718e+00  -1.01944720355338e+00  
-1.00811496459389e+00  -9.96329161929507e-01  -9.84134474870272e-01  -9.71576229605173e-01  
-9.58700101918879e-01  -9.45551820188883e-01  -9.32176870914517e-01  -9.18620208999254e-01  
-9.04925974959720e-01  -8.91137221169390e-01  -8.77295649162658e-01  -8.63441359926510e-01  
-8.49612618993385e-01  -8.35845638020832e-01  -8.22174374402537e-01  -8.08630350302262e-01  
-7.95242492338683e-01  -7.82036992976309e-01  -7.69037194497198e-01  -7.56263496241480e-01  
-7.43733285613470e-01  -7.31460893155898e-01  -7.19457571799212e-01  -7.07731500197626e-01  
-6.96287809870271e-01  -6.85128635675965e-01  -6.74253188965459e-01  -6.63657852576949e-01  
-6.53336296670655e-01  -6.43279614237798e-01  -6.33476474969530e-01  -6.23913296033609e-01  
-6.14574428181881e-01  -6.05442355500885e-01  -5.96497907022065e-01  -5.87720478327776e-01  
-5.79088261225150e-01  -5.70578479512331e-01  -5.62167628830982e-01  -5.53831718585258e-01  
-5.45546513910910e-01  -5.37287775698400e-01  -5.29031496710778e-01  -5.20754131890089e-01  
-5.12432821014636e-01  -5.04045601952910e-01  -4.95571612857517e-01  -4.86991281753073e-01  
-4.78286502094754e-01  -4.69440793007817e-01  -4.60439443061770e-01  -4.51269636584551e-01  
-4.41920561680871e-01  -4.32383499283169e-01  -4.22651892732133e-01  -4.12721397554867e-01  
-4.02589911281031e-01  -3.92257583309270e-01  -3.81726805006294e-01  -3.71002180387847e-01  
-3.60090477892857e-01  -3.49000563918168e-01  -3.37743318929892e-01  -3.26331537107520e-01  
-3.14779810607258e-01  -3.03104399650629e-01  -2.91323089752161e-01  -2.79455037495294e-01  
-2.67520606347540e-01  -2.55541194074060e-01  -2.43539053362556e-01  -2.31537107311402e-01  
-2.19558761457156e-01  -2.07627714026749e-01  -1.95767766093996e-01  -1.84002633299666e-01  
-1.72355760759575e-01  -1.60850142736442e-01  -1.49508148589211e-01  -1.38351356438733e-01  
-1.27400395902086e-01  -1.16674801150124e-01  -1.06192875435147e-01  -9.59715681189591e-02  
-8.60263651070150e-02  -7.63711934632807e-02  -6.70183408438090e-02  -5.79783902463975e-02  
-4.92601704301492e-02  -4.08707222137660e-02  -3.28152807161634e-02  -2.50972734589406e-02  
-1.77183341085273e-02  -1.06783314978583e-02  -3.97541343418559e-03  2.39393532736229e-03  
8.43482168497236e-03  1.41538602184266e-02  1.95590775996189e-02  2.46598064333898e-02  
2.94665696590123e-02  3.39909567136624e-02  3.82454927183666e-02  4.22435019938396e-02  
4.59989672480639e-02  4.95263857990931e-02  5.28406242054891e-02  5.59567726729390e-02  
5.88900005891943e-02  6.16554145107673e-02  6.42679198842458e-02  6.67420877330600e-02  
6.90920274777972e-02  7.13312669852213e-02  7.34726408589561e-02  7.55281878940983e-02  
7.75090585197928e-02  7.94254329490322e-02  8.12864506446414e-02  8.31001515957185e-02  
8.48734297807498e-02  8.66119990734605e-02  8.83203717261826e-02  9.00018494444611e-02  
9.16585269466963e-02  9.32913077851499e-02  9.48999320905256e-02  9.64830157927538e-02  
9.80381007664409e-02  9.95617152516681e-02  1.01049443810311e-01  1.02496005995508e-01  
1.03895342838150e-01  1.05240710189750e-01  1.06524777906494e-01  1.07739733814880e-01  
1.08877391365619e-01  1.09929299859523e-01  1.10886856117064e-01  1.11741416462190e-01  
1.12484407900733e-01  1.13107437394094e-01  1.13602398159637e-01  1.13961571969887e-01  
1.14177726472774e-01  1.14244206614229e-01  1.14155019311766e-01  1.13904910602525e-01  
1.13489434570871e-01  1.12905013448202e-01  1.12148988370118e-01  1.11219660372796e-01  
1.10116321310141e-01  1.08839274475212e-01  1.07389844812446e-01  1.05770378710422e-01  
1.03984233467218e-01  1.02035756620895e-01  9.99302554354616e-02  9.76739569265532e-02  
9.52739589006566e-02  9.27381725656411e-02  9.00752573483291e-02  8.72945486258082e-02  
8.44059791407407e-02  8.14199949264015e-02  7.83474666141269e-02  7.51995970339453e-02  
7.19878260479844e-02  6.87237335757590e-02  6.54189417803255e-02  6.20850173847412e-02  
5.87333750791773e-02  5.53751829606576e-02  5.20212709199899e-02  4.86820428542893e-02  
4.53673935390662e-02  4.20866309415844e-02  3.88484046977168e-02  3.56606414084234e-02  
3.25304873399661e-02  2.94642590348054e-02  2.64674022585477e-02  2.35444596232226e-02  
2.06990471393415e-02  1.79338398595667e-02  1.52505666862411e-02  1.26500143244151e-02  
1.01320402722354e-02  7.69559465246933e-03  5.33875060343634e-03  3.05874286546535e-03  
8.52014120991884e-04  -1.28573142668215e-03  -3.35946781851943e-03  -5.37478109266510e-03  
-7.33779772365846e-03  -9.25510849386359e-03  -1.11336885827192e-02  -1.29808146912168e-02  
-1.48039800424640e-02  -1.66108081143073e-02  -1.84089659665289e-02  -2.02060780231791e-02  
-2.20096411602052e-02  -2.38269419298189e-02  -2.56649767262884e-02  -2.75303756633364e-02  
-2.94293308914502e-02  -3.13675300346398e-02  -3.33500953710412e-02  -3.53815293207891e-02  
-3.74656667384727e-02  -3.96056344368823e-02  -4.18038182943695e-02  -4.40618382207519e-02  
-4.63805311770797e-02  -4.87599423634882e-02  -5.11993246076797e-02  -5.36971459050277e-02  
-5.62511049807334e-02  -5.88581546656743e-02  -6.15145328012741e-02  -6.42158003157330e-02  
-6.69568860448569e-02  -6.97321378063009e-02  -7.25353791768062e-02  -7.53599713685684e-02  
-7.81988795536930e-02  -8.10447429452501e-02  -8.38899479100050e-02  -8.67267033618925e-02  
-8.95471176668007e-02  -9.23432762785077e-02  -9.51073193226130e-02  -9.78315183501349e-02  
-1.00508351494900e-01  -1.03130576288878e-01  -1.05691299416876e-01  -1.08184042726304e-01  
-1.10602804848547e-01  -1.12942117835579e-01  -1.15197098268093e-01  -1.17363492349324e-01  
-1.19437714561063e-01  -1.21416879524632e-01  -1.23298826779066e-01  -1.25082138260732e-01  
-1.26766148342401e-01  -1.28350946364618e-01  -1.29837371667386e-01  -1.31227001204857e-01  
-1.32522129899319e-01  -1.33725743962371e-01  -1.34841487480272e-01  -1.35873622626241e-01  
-1.36826983924378e-01  -1.37706927047290e-01  -1.38519272681866e-01  -1.39270246044466e-01  
-1.39966412667652e-01  -1.40614611115051e-01  -1.41221883308798e-01  -1.41795403174873e-01  
-1.42342404325480e-01  -1.42870107504209e-01  -1.43385648519094e-01  -1.43896007380820e-01  
-1.44407939348440e-01  -1.44927908563075e-01  -1.45462024921559e-01  -1.46015984807082e-01  
-1.46595016253023e-01  -1.47203829069663e-01  -1.47846570411973e-01  -1.48526786210533e-01  
-1.49247388827579e-01  -1.50010631236714e-01  -1.50818087958639e-01  -1.51670642917014e-01  
-1.52568484308923e-01  -1.53511106514110e-01  -1.54497318996863e-01  -1.55525262084820e-01  
-1.56592429440811e-01  -1.57695696977696e-01  -1.58831357902806e-01  -1.59995163518505e-01  
-1.61182369349271e-01  -1.62387786114030e-01  -1.63605835015750e-01  -1.64830606779052e-01  
-1.66055923831060e-01  -1.67275404991399e-01  -1.68482532014285e-01  -1.69670717309321e-01  
-1.70833372158064e-01  -1.71963974740650e-01  -1.73056137290901e-01  -1.74103671709173e-01  
-1.75100652979740e-01  -1.76041479763467e-01  -1.76920931566696e-01  -1.77734221923316e-01  
-1.78477047068500e-01  -1.79145629629268e-01  -1.79736756908171e-01  -1.80247813391763e-01  
-1.80676807174263e-01  -1.81022390048562e-01  -1.81283871080761e-01  -1.81461223550079e-01  
-1.81555085202662e-01  -1.81566751834840e-01  -1.81498164288056e-01  -1.81351889003360e-01  
-1.81131092347436e-01  -1.80839508983864e-01  -1.80481404622214e-01  -1.80061533532969e-01  
-1.79585091267709e-01  -1.79057663070858e-01  -1.78485168511256e-01  -1.77873802898382e-01  
-1.77229976078889e-01  -1.76560249233966e-01  -1.75871270316619e-01  -1.75169708780125e-01  
-1.74462190254559e-01  -1.73755231827375e-01  -1.73055178576529e-01  -1.72368141990729e-01  
-1.71699940891130e-01  -1.71056045442482e-01  -1.70441524809606e-01  -1.69860998977393e-01  
-1.69318595209840e-01  -1.68817909576194e-01  -1.68361973920702e-01  -1.67953228597204e-01  
-1.67593501231441e-01  -1.67283991713047e-01  -1.67025263556412e-01  -1.66817241705498e-01  
-1.66659216792946e-01  -1.66549855799118e-01  -1.66487218992563e-01  -1.66468782970664e-01  
-1.66491469558251e-01  -1.66551680263624e-01  -1.66645335936085e-01  -1.66767921217419e-01  
-1.66914533332241e-01  -1.67079934719173e-01  -1.67258608966961e-01  -1.67444819487123e-01  
-1.67632670327977e-01  -1.67816168514078e-01  -1.67989287280535e-01  -1.68146029563323e-01  
-1.68280491104874e-01  -1.68386922538714e-01  -1.68459789827774e-01  -1.68493832448138e-01  
-1.68484118733150e-01  -1.68426097821821e-01  -1.68315647690017e-01  -1.68149118782632e-01  
-1.67923372809488e-01  -1.67635816316553e-01  -1.67284428696788e-01  -1.66867784360980e-01  
-1.66385068847709e-01  -1.65836088712602e-01  -1.65221275099556e-01  -1.64541680960150e-01  
-1.63798971951230e-01  -1.62995411104194e-01  -1.62133837422009e-01  -1.61217638620975e-01  
-1.60250718293019e-01  -1.59237457820325e-01  -1.58182673426793e-01  -1.57091568799660e-01  
-1.55969683759127e-01  -1.54822839493561e-01  -1.53657080912406e-01  -1.52478616697986e-01  
-1.51293757660598e-01  -1.50108854018515e-01  -1.48930232235507e-01  -1.47764132053140e-01  
-1.46616644353444e-01  -1.45493650479458e-01  -1.44400763626865e-01  -1.43343272899443e-01  
-1.42326090594681e-01  -1.41353703253831e-01  -1.40430126973239e-01  -1.39558867431394e-01  
-1.38742885039112e-01  -1.37984565569234e-01  -1.37285696567463e-01  -1.36647449788259e-01  
-1.36070369839425e-01  -1.35554369156924e-01  -1.35098729368005e-01  -1.34702109036711e-01  
-1.34362557721721e-01  -1.34077536213048e-01  -1.33843942751941e-01  -1.33658144977985e-01  
-1.33516017289574e-01  -1.33412983249122e-01  -1.33344062613211e-01  -1.33303922520750e-01  
-1.33286932329781e-01  -1.33287221556025e-01  -1.33298740334222e-01  -1.33315321796921e-01  
-1.33330745744988e-01  -1.33338802969939e-01  -1.33333359580359e-01  -1.33308420683274e-01  
-1.33258192776432e-01  -1.33177144218933e-01  -1.33060063165484e-01  -1.32902112373532e-01  
-1.32698880322459e-01  -1.32446428119590e-01  -1.32141331708638e-01  -1.31780718942035e-01  
-1.31362301128849e-01  -1.30884398724281e-01  -1.30345960884440e-01  -1.29746578670740e-01  
-1.29086491751206e-01  -1.28366588510580e-01  -1.27588399546845e-01  -1.26754084597871e-01  
-1.25866413007744e-01  -1.24928737907350e-01  -1.23944964347211e-01  -1.22919511681883e-01  
-1.21857270563737e-01  -1.20763554959113e-01  -1.19644049651136e-01  -1.18504753740272e-01  
-1.17351920695703e-01  -1.16191995547200e-01  -1.15031549838092e-01  -1.13877214984847e-01  
-1.12735614707399e-01  -1.11613297206449e-01  -1.10516667769506e-01  -1.09451922486178e-01  
-1.08424983745304e-01  -1.07441438171926e-01  -1.06506477640906e-01  -1.05624843976530e-01  
-1.04800777913749e-01  -1.04037972857271e-01  -1.03339533929820e-01  -1.02707942750887e-01  
-1.02145028332830e-01  -1.01651944422554e-01  -1.01229153554938e-01  -1.00876418019190e-01  
-1.00592797871972e-01  -1.00376656062242e-01  -1.00225670662768e-01  -1.00136854133053e-01  
-1.00106579468485e-01  -1.00130613021693e-01  -1.00204153714947e-01  -1.00321878297641e-01  
-1.00477992241175e-01  -1.00666285805350e-01  -1.00880194756469e-01  -1.01112865168074e-01  
-1.01357221691288e-01  -1.01606038643358e-01  -1.01852013230796e-01  -1.02087840197633e-01  
-1.02306287170179e-01  -1.02500269957439e-01  -1.02662927061128e-01  -1.02787692651249e-01  
-1.02868367272247e-01  -1.02899185561075e-01  -1.02874880281667e-01  -1.02790742010402e-01  
-1.02642673843725e-01  -1.02427240541939e-01  -1.02141711571897e-01  -1.01784097565488e-01  
-1.01353179769925e-01  -1.00848532129383e-01  -1.00270535704926e-01  -9.96203852102971e-02  
-9.89000875143340e-02  -9.81124520359356e-02  -9.72610730338016e-02  -9.63503038700515e-02  
-9.53852234034498e-02  -9.43715947436805e-02  -9.33158166721861e-02  -9.22248681068180e-02  
-9.11062460562541e-02  -8.99678975751796e-02  -8.88181462919583e-02  -8.76656141363747e-02  
-8.65191389454473e-02  -8.53876886698058e-02  -8.42802729412574e-02  -8.32058527935327e-02  
-8.21732493524975e-02  -8.11910523290536e-02  -8.02675291573436e-02  -7.94105356225732e-02  
-7.86274288166842e-02  -7.79249832462227e-02  -7.73093108950724e-02  -7.67857860152670e-02  
-7.63589753819240e-02  -7.60325747034100e-02  -7.58093518250629e-02  -7.56910973038502e-02  
-7.56785828616541e-02  -7.57715281454298e-02  -7.59685761316441e-02  -7.62672774077343e-02  
-7.66640834413247e-02  -7.71543488038505e-02  -7.77323421429211e-02  -7.83912654896727e-02  
-7.91232812349549e-02  -7.99195458026506e-02  -8.07702486821836e-02  -8.16646550514415e-02  
-8.25911497293087e-02  -8.35372796592128e-02  -8.44897915750976e-02  -8.54346609975254e-02  
-8.63571083404229e-02  -8.72415978056553e-02  -8.80718150695902e-02  -8.88306207246013e-02  
-8.94999782526912e-02  -9.00608581991990e-02  -9.04931243623148e-02  -9.07754133062777e-02  
-9.08850252737932e-02  -9.07978523223551e-02  -9.04883776574624e-02  -8.99297877692166e-02  
-8.90942448462785e-02  -8.79533695047943e-02  -8.64789814271668e-02  -8.46441363908385e-02  
-8.24244810284606e-02  -7.97999207899496e-02  -7.67565622553701e-02  -7.32888497486161e-02  
-6.94017711816747e-02  -6.51129637645807e-02  -6.04545124494407e-02  -5.54742092859575e-02  
-5.02360367685635e-02  -4.48196582604271e-02  -3.93187471215711e-02  -3.38380636161701e-02  
-2.84892916030773e-02  -2.33857679199034e-02  -1.86363649692456e-02  -1.43389071814000e-02  
-1.05735993427465e-02  -7.39700452257930e-03  -4.83711965867405e-03  -2.89005083660654e-03  
-1.51868742767917e-03  -6.53621222473090e-04  -1.96367109163707e-04  -2.47348859428017e-05  
0.00000000000000e+00  
                Type                   L                   N
                   0                   1                   0
0.00000000000000e+00  -8.02068058111665e-03  -1.60314152847729e-02  -2.40223237719749e-02  
-3.19836562584722e-02  -3.99058574910433e-02  -4.77796291747279e-02  -5.55959903549568e-02  
-6.33463352757058e-02  -7.10224882559856e-02  -7.86167551519985e-02  -8.61219710009151e-02  
-9.35315434742176e-02  -1.00839491803630e-01  -1.08040480880511e-01  -1.15129850269903e-01  
-1.22103637922836e-01  -1.28958598414650e-01  -1.35692215582610e-01  -1.42302709482561e-01  
-1.48789037631429e-01  -1.55150890549544e-01  -1.61388681663770e-01  -1.67503531678702e-01  
-1.73497247568469e-01  -1.79372296385545e-01  -1.85131774124995e-01  -1.90779369922465e-01  
-1.96319325901657e-01  -2.01756393021573e-01  -2.07095783305335e-01  -2.12343118860536e-01  
-2.17504378125603e-01  -2.22585839797453e-01  -2.27594024912537e-01  -2.32535637566100e-01  
-2.37417504763072e-01  -2.42246515898343e-01  -2.47029562364264e-01  -2.51773477779077e-01  
-2.56484979321652e-01  -2.61170610645527e-01  -2.65836686828845e-01  -2.70489241796646e-01  
-2.75133978628171e-01  -2.79776223134687e-01  -2.84420881063048e-01  -2.89072399247045e-01  
-2.93734730992930e-01  -2.98411305947534e-01  -3.03105004657630e-01  -3.07818137987811e-01  
-3.12552431521706e-01  -3.17309015028001e-01  -3.22088417029135e-01  -3.26890564466754e-01  
-3.31714787414723e-01  -3.36559828747879e-01  -3.41423858633198e-01  -3.46304493670039e-01  
-3.51198820467905e-01  -3.56103423414040e-01  -3.61014416349537e-01  -3.65927477841654e-01  
-3.70837889712063e-01  -3.75740578455918e-01  -3.80630159165233e-01  -3.85500981552177e-01  
-3.90347177653700e-01  -3.95162710788495e-01  -3.99941425330743e-01  -4.04677096862392e-01  
-4.09363482266885e-01  -4.13994369332305e-01  -4.18563625440618e-01  -4.23065244932148e-01  
-4.27493394750340e-01  -4.31842457991131e-01  -4.36107075003676e-01  -4.40282181714504e-01  
-4.44363044875204e-01  -4.48345293964132e-01  -4.52224949505181e-01  -4.55998447600930e-01  
-4.59662660513344e-01  -4.63214913162102e-01  -4.66652995448399e-01  -4.69975170350294e-01  
-4.73180177773982e-01  -4.76267234183477e-01  -4.79236028068712e-01  -4.82086711348680e-01  
-4.84819886841614e-01  -4.87436591968089e-01  -4.89938278884902e-01  -4.92326791277538e-01  
-4.94604338066593e-01  -4.96773464308467e-01  -4.98837019592882e-01  -5.00798124258957e-01  
-5.02660133767708e-01  -5.04426601581728e-01  -5.06101240912336e-01  -5.07687885700696e-01  
-5.09190451202173e-01  -5.10612894542564e-01  -5.11959175610911e-01  -5.13233218646262e-01  
-5.14438874865348e-01  -5.15579886464551e-01  -5.16659852313109e-01  -5.17682195635286e-01  
-5.18650133957496e-01  -5.19566651572329e-01  -5.20434474745251e-01  -5.21256049861858e-01  
-5.22033524684028e-01  -5.22768732852605e-01  -5.23463181742536e-01  -5.24118043744027e-01  
-5.24734151010585e-01  -5.25311993682040e-01  -5.25851721558175e-01  -5.26353149166633e-01  
-5.26815764137671e-01  -5.27238738768413e-01  -5.27620944630618e-01  -5.27960970049137e-01  
-5.28257140253131e-01  -5.28507539979226e-01  -5.28710038285129e-01  -5.28862315314017e-01  
-5.28961890734496e-01  -5.29006153568002e-01  -5.28992393105589e-01  -5.28917830608827e-01  
-5.28779651485417e-01  -5.28575037628795e-01  -5.28301199612740e-01  -5.27955408436484e-01  
-5.27535026523226e-01  -5.27037537685013e-01  -5.26460575779642e-01  -5.25801951800325e-01  
-5.25059679156325e-01  -5.24231996922241e-01  -5.23317390855065e-01  -5.22314612001190e-01  
-5.21222692740128e-01  -5.20040960137388e-01  -5.18769046505669e-01  -5.17406897100891e-01  
-5.15954774907346e-01  -5.14413262494229e-01  -5.12783260953591e-01  -5.11065985957246e-01  
-5.09262960996955e-01  -5.07376007898178e-01  -5.05407234722496e-01  -5.03359021197287e-01  
-5.01234001833199e-01  -4.99035046910132e-01  -4.96765241530731e-01  -4.94427862956571e-01  
-4.92026356456252e-01  -4.89564309906223e-01  -4.87045427394507e-01  -4.84473502084205e-01  
-4.81852388597994e-01  -4.79185975186550e-01  -4.76478155943070e-01  -4.73732803322770e-01  
-4.70953741220565e-01  -4.68144718852054e-01  -4.65309385672619e-01  -4.62451267556992e-01  
-4.59573744447187e-01  -4.56680029660402e-01  -4.53773151030527e-01  -4.50855934037478e-01  
-4.47930987057831e-01  -4.45000688848487e-01  -4.42067178352444e-01  -4.39132346892524e-01  
-4.36197832795256e-01  -4.33265018463342e-01  -4.30335029891378e-01  -4.27408738596103e-01  
-4.24486765909543e-01  -4.21569489561231e-01  -4.18657052454509e-01  -4.15749373521783e-01  
-4.12846160524894e-01  -4.09946924649480e-01  -4.07050996726591e-01  -4.04157544900980e-01  
-4.01265593553553e-01  -3.98374043275509e-01  -3.95481691683829e-01  -3.92587254862020e-01  
-3.89689389206434e-01  -3.86786713457088e-01  -3.83877830692639e-01  -3.80961350072109e-01  
-3.78035908110935e-01  -3.75100189285920e-01  -3.72152945772656e-01  -3.69193016129739e-01  
-3.66219342756614e-01  -3.63230987965940e-01  -3.60227148526840e-01  -3.57207168552161e-01  
-3.54170550620631e-01  -3.51116965043550e-01  -3.48046257205012e-01  -3.44958452924591e-01  
-3.41853761811611e-01  -3.38732578600447e-01  -3.35595482476493e-01  -3.32443234422397e-01  
-3.29276772633528e-01  -3.26097206070456e-01  -3.22905806234086e-01  -3.19703997265985e-01  
-3.16493344492132e-01  -3.13275541542709e-01  -3.10052396193456e-01  -3.06825815085510e-01  
-3.03597787490278e-01  -3.00370368293920e-01  -2.97145660382080e-01  -2.93925796609853e-01  
-2.90712921544330e-01  -2.87509173167630e-01  -2.84316664726931e-01  -2.81137466914842e-01  
-2.77973590558451e-01  -2.74826969988642e-01  -2.71699447252922e-01  -2.68592757325028e-01  
-2.65508514453248e-01  -2.62448199776661e-01  -2.59413150324655e-01  -2.56404549500173e-01  
-2.53423419131343e-01  -2.50470613159683e-01  -2.47546813016016e-01  -2.44652524717858e-01  
-2.41788077704415e-01  -2.38953625407760e-01  -2.36149147541282e-01  -2.33374454069397e-01  
-2.30629190805905e-01  -2.27912846572406e-01  -2.25224761833063e-01  -2.22564138707812e-01  
-2.19930052253041e-01  -2.17321462886861e-01  -2.14737229825587e-01  -2.12176125388856e-01  
-2.09636850023220e-01  -2.07118047887956e-01  -2.04618322842367e-01  -2.02136254671045e-01  
-1.99670415382391e-01  -1.97219385416168e-01  -1.94781769598044e-01  -1.92356212682751e-01  
-1.89941414332855e-01  -1.87536143386863e-01  -1.85139251278630e-01  -1.82749684479536e-01  
-1.80366495845654e-01  -1.77988854763948e-01  -1.75616056004380e-01  -1.73247527198449e-01  
-1.70882834879017e-01  -1.68521689031203e-01  -1.66163946119404e-01  -1.63809610571037e-01  
-1.61458834713227e-01  -1.59111917174188e-01  -1.56769299776393e-01  -1.54431562963548e-01  
-1.52099419817794e-01  -1.49773708737347e-01  -1.47455384857689e-01  -1.45145510311486e-01  
-1.42845243433400e-01  -1.40555827025807e-01  -1.38278575810074e-01  -1.36014863195355e-01  
-1.33766107502852e-01  -1.31533757787961e-01  -1.29319279405874e-01  -1.27124139467729e-01  
-1.24949792334589e-01  -1.22797665295112e-01  -1.20669144570018e-01  -1.18565561782191e-01  
-1.16488181025723e-01  -1.14438186660277e-01  -1.12416671949093e-01  -1.10424628649705e-01  
-1.08462937656189e-01  -1.06532360780592e-01  -1.04633533749179e-01  -1.02766960476514e-01  
-1.00933008667142e-01  -9.91319067810356e-02  -9.73637423850659e-02  -9.56284618987315e-02  
-9.39258717283408e-02  -9.22556407699824e-02  -9.06173042480109e-02  -8.90102688426130e-02  
-8.74338190473801e-02  -8.58871246858655e-02  -8.43692495049267e-02  -8.28791607523739e-02  
-8.14157396371503e-02  -7.99777925620581e-02  -7.85640630119690e-02  -7.71732439746080e-02  
-7.58039907664097e-02  -7.44549341326575e-02  -7.31246934891532e-02  -7.18118901720506e-02  
-7.05151605631916e-02  -6.92331689603240e-02  -6.79646200649098e-02  -6.67082709648104e-02  
-6.54629424949132e-02  -6.42275298656796e-02  -6.30010124575630e-02  -6.17824626881851e-02  
-6.05710538689848e-02  -5.93660669786400e-02  -5.81668962918247e-02  -5.69730538136682e-02  
-5.57841724825144e-02  -5.46000081161141e-02  -5.34204400890932e-02  -5.22454707423003e-02  
-5.10752235373166e-02  -4.99099399818804e-02  -4.87499753641383e-02  -4.75957933453209e-02  
-4.64479594715915e-02  -4.53071336762816e-02  -4.41740618534352e-02  -4.30495665924182e-02  
-4.19345371712578e-02  -4.08299189132497e-02  -3.97367020171783e-02  -3.86559099761635e-02  
-3.75885877036516e-02  -3.65357894873634e-02  -3.54985668931034e-02  -3.44779567401987e-02  
-3.34749692689908e-02  -3.24905766182713e-02  -3.15257017268552e-02  -3.05812077686764e-02  
-2.96578882249210e-02  -2.87564576898397e-02  -2.78775434990899e-02  -2.70216782608227e-02  
-2.61892933603424e-02  -2.53807134991273e-02  -2.45961523184039e-02  -2.38357091464414e-02  
-2.30993668973564e-02  -2.23869911376428e-02  -2.16983303249546e-02  -2.10330172120032e-02  
-2.03905713968887e-02  -1.97704029898966e-02  -1.91718173558475e-02  -1.85940208806118e-02  
-1.80361277004833e-02  -1.74971673238482e-02  -1.69760930660684e-02  -1.64717912108121e-02  
-1.59830908042690e-02  -1.55087739828536e-02  -1.50475867301800e-02  -1.45982499553183e-02  
-1.41594707816612e-02  -1.37299539341505e-02  -1.33084131121502e-02  -1.28935822359037e-02  
-1.24842264562663e-02  -1.20791528202350e-02  -1.16772204886779e-02  -1.12773504075376e-02  
-1.08785343396180e-02  -1.04798431707695e-02  -1.00804344118203e-02  -9.67955882586403e-03  
-9.27656611943394e-03  -8.87090964556894e-03  -8.46215007672252e-03  -8.04995801577416e-03  
-7.63411552397082e-03  -7.21451655535768e-03  -6.79116629803344e-03  -6.36417943328988e-03  
-5.93377733426181e-03  -5.50028423601517e-03  -5.06412241894170e-03  -4.62580645681632e-03  
-4.18593658980738e-03  -3.74519129103899e-03  -3.30431910289988e-03  -2.86412982611222e-03  
-2.42548515054607e-03  -1.98928882184622e-03  -1.55647644207492e-03  -1.12800500573614e-03  
-7.04842274704648e-04  -2.87956096726222e-04  1.21696227726663e-04  5.23178426364312e-04  
9.15585481778482e-04  1.29805350484776e-03  1.66976915960152e-03  2.02997854904228e-03  
2.37799547702418e-03  2.71320900768620e-03  3.03509025106399e-03  3.34319831129562e-03  
3.63718534220214e-03  3.91680066388689e-03  4.18189390326981e-03  4.43241713106128e-03  
4.66842597748753e-03  4.89007971902049e-03  5.09764033832808e-03  5.29147056956650e-03  
5.47203095087371e-03  5.63987591541648e-03  5.79564896148483e-03  5.94007695084869e-03  
6.07396359279704e-03  6.19818217890383e-03  6.31366764053273e-03  6.42140800733833e-03  
6.52243535050194e-03  6.61781629908726e-03  6.70864222169682e-03  6.79601916850520e-03  
6.88105767072693e-03  6.96486249562848e-03  7.04852245531222e-03  7.13310036668230e-03  
7.21962325827365e-03  7.30907291699532e-03  7.40237686434165e-03  7.50039984730353e-03  
7.60393592409933e-03  7.71370121900773e-03  7.83032741407186e-03  7.95435603832363e-03  
8.08623360752012e-03  8.22630765926621e-03  8.37482371989209e-03  8.53192323064923e-03  
8.69764245176589e-03  8.87191235374274e-03  9.05455949606729e-03  9.24530788435903e-03  
9.44378178791180e-03  9.64950949076651e-03  9.86192794089342e-03  1.00803882538778e-02  
1.03041620197517e-02  1.05324483543684e-02  1.07643816300408e-02  1.09990398141113e-02  
1.12354533387484e-02  1.14726144206121e-02  1.17094867451384e-02  1.19450154270856e-02  
1.21781371567004e-02  1.24077904393920e-02  1.26329258361771e-02  1.28525161123635e-02  
1.30655662029728e-02  1.32711229052463e-02  1.34682842112115e-02  1.36562081966787e-02  
1.38341213871529e-02  1.40013265259408e-02  1.41572096751637e-02  1.43012465863943e-02  
1.44330082841662e-02  1.45521658125923e-02  1.46584941027152e-02  1.47518749259179e-02  
1.48322989066901e-02  1.48998665761890e-02  1.49547884562945e-02  1.49973841721492e-02  
1.50280805994350e-02  1.50474090607866e-02  1.50560015937233e-02  1.50545863202060e-02  
1.50439819553571e-02  1.50250914999320e-02  1.49988951677669e-02  1.49664426055786e-02  
1.49288444681234e-02  1.48872634167864e-02  1.48429046141307e-02  1.47970057907658e-02  
1.47508269640586e-02  1.47056398907050e-02  1.46627173369762e-02  1.46233222515598e-02  
1.45886969263210e-02  1.45600522300231e-02  1.45385569990832e-02  1.45253276678067e-02  
1.45214182182768e-02  1.45278105271938e-02  1.45454051834888e-02  1.45750128465368e-02  
1.46173462102728e-02  1.46730126335487e-02  1.47425074916770e-02  1.48262082983629e-02  
1.49243696411568e-02  1.50371189672421e-02  1.51644532498327e-02  1.53062365587674e-02  
1.54621985520857e-02  1.56319338984968e-02  1.58149026337555e-02  1.60104314470405e-02  
1.62177158865096e-02  1.64358234662388e-02  1.66636976496862e-02  1.69001626774986e-02  
1.71439291997108e-02  1.73936006638149e-02  1.76476804003426e-02  1.79045793358176e-02  
1.81626242483206e-02  1.84200664623278e-02  1.86750908555403e-02  1.89258250195546e-02  
1.91703483767861e-02  1.94067010065526e-02  1.96328918727417e-02  1.98469060741745e-02  
2.00467106587064e-02  2.02302584581044e-02  2.03954893216290e-02  2.05403280658175e-02  
2.06626784359984e-02  2.07604124177812e-02  2.08313543763648e-02  2.08732597745446e-02  
2.08837886641655e-02  2.08604747932141e-02  2.08006920420956e-02  2.07016209961878e-02  
2.05602197428242e-02  2.03732043713171e-02  2.01370460244692e-02  1.98479925140551e-02  
1.95021232347848e-02  1.90954461187148e-02  1.86240443827138e-02  1.80842785823501e-02  
1.74730458218470e-02  1.67880928399465e-02  1.60283732397100e-02  1.51944317269184e-02  
1.42887904816136e-02  1.33163055543072e-02  1.22844554695231e-02  1.12035211258843e-02  
1.00866166319873e-02  8.94953571291271e-03  7.81038817183518e-03  6.68901546355282e-03  
5.60619296567844e-03  4.58264759881181e-03  3.63794105217538e-03  2.78928861802661e-03  
2.05039899354267e-03  1.43042903074643e-03  9.33147496671635e-04  5.56392486138506e-04  
2.91888315787380e-04  1.25460788506651e-04  3.76570137888022e-05  4.74072791077752e-06  
0.00000000000000e+00  
                Type                   L                   N
                   0                   1                   1
0.00000000000000e+00  2.50170434241885e-02  4.98615256905773e-02  7.43621842814081e-02  
9.83503433472940e-02  1.21661180603321e-01  1.44134962753965e-01  1.65618239378208e-01  
1.85964985562943e-01  2.05037684012633e-01  2.22708337882410e-01  2.38859406175659e-01  
2.53384654210415e-01  2.66189912385769e-01  2.77193737263386e-01  2.86327969813347e-01  
2.93538186550415e-01  2.98784040198741e-01  3.02039487461959e-01  3.03292902433236e-01  
3.02547075147782e-01  2.99819095750018e-01  2.95140125710628e-01  2.88555058476502e-01  
2.80122072861079e-01  2.69912083375468e-01  2.58008092554524e-01  2.44504451139133e-01  
2.29506032729569e-01  2.13127330218325e-01  1.95491481938525e-01  1.76729236020467e-01  
1.56977861929460e-01  1.36380018558987e-01  1.15082588570973e-01  9.32354889072585e-02  
7.09904675414628e-02  4.84998965973524e-02  2.59155719285503e-02  3.38752913549916e-03  
-1.89371142094526e-02  -4.09152806469877e-02  -6.24090101139108e-02  -8.32864837598717e-02  
-1.03422986153495e-01  -1.22701798322033e-01  -1.41015014719419e-01  -1.58264277924698e-01  
-1.74361425629680e-01  -1.89229045274289e-01  -2.02800932523088e-01  -2.15022450639306e-01  
-2.25850788695410e-01  -2.35255117453971e-01  -2.43216642651169e-01  -2.49728556309739e-01  
-2.54795887590479e-01  -2.58435255553897e-01  -2.60674527038472e-01  -2.61552383662106e-01  
-2.61117802711739e-01  -2.59429457396170e-01  -2.56555042592921e-01  -2.52570532815942e-01  
-2.47559379662100e-01  -2.41611656456512e-01  -2.34823158206032e-01  -2.27294465283817e-01  
-2.19129979503369e-01  -2.10436941396419e-01  -2.01324437584571e-01  -1.91902407129704e-01  
-1.82280655663399e-01  -1.72567885932518e-01  -1.62870753158577e-01  -1.53292953295524e-01  
-1.43934351887386e-01  -1.34890160778014e-01  -1.26250169414516e-01  -1.18098036919009e-01  
-1.10510650485767e-01  -1.03557554998688e-01  -9.73004580637316e-02  -9.17928139193089e-02  
-8.70794889315083e-02  -8.31965106076815e-02  -8.01709012785502e-02  -7.80205968128994e-02  
-7.67544499473979e-02  -7.63723170442652e-02  -7.68652263384094e-02  -7.82156250100642e-02  
-8.03977017253367e-02  -8.33777806315868e-02  -8.71147821829134e-02  -9.15607456085322e-02  
-9.66614073282284e-02  -1.02356829168653e-01  -1.08582069845609e-01  -1.15267892853728e-01  
-1.22341503648514e-01  -1.29727308818311e-01  -1.37347689826588e-01  -1.45123783858324e-01  
-1.52976264328095e-01  -1.60826113700787e-01  -1.68595381437175e-01  -1.76207920103713e-01  
-1.83590092976110e-01  -1.90671446816148e-01  -1.97385343907040e-01  -2.03669547889867e-01  
-2.09466758447674e-01  -2.14725090429198e-01  -2.19398493585652e-01  -2.23447109705336e-01  
-2.26837564566318e-01  -2.29543192780489e-01  -2.31544194266715e-01  -2.32827721760140e-01  
-2.33387899432458e-01  -2.33225773357845e-01  -2.32349195205020e-01  -2.30772641161531e-01  
-2.28516968696021e-01  -2.25609114332510e-01  -2.22081736142362e-01  -2.17972805150014e-01  
-2.13325150293218e-01  -2.08185961973840e-01  -2.02606259577694e-01  -1.96640328628806e-01  
-1.90345133472553e-01  -1.83779711551728e-01  -1.77004555448668e-01  -1.70080988914649e-01  
-1.63070543094929e-01  -1.56034339084822e-01  -1.49032482820321e-01  -1.42123478117800e-01  
-1.35363663433741e-01  -1.28806677619991e-01  -1.22502959606234e-01  -1.16499286552892e-01  
-1.10838354588786e-01  -1.05558405783179e-01  -1.00692904506074e-01  -9.62702658091186e-02  
-9.23136379173190e-02  -8.88407403647293e-02  -8.58637587406803e-02  -8.33892964428067e-02  
-8.14183832646028e-02  -7.99465400841048e-02  -7.89638983719855e-02  -7.84553727071182e-02  
-7.84008839805645e-02  -7.87756304897467e-02  -7.95504036777253e-02  -8.06919448621324e-02  
-8.21633389281180e-02  -8.39244406329321e-02  -8.59323288893223e-02  -8.81417841631288e-02  
-9.05057839391456e-02  -9.29760110798465e-02  -9.55033698247465e-02  -9.80385041542768e-02  
-1.00532313270881e-01  -1.02936459030801e-01  -1.05203860291490e-01  -1.07289169319999e-01  
-1.09149225634819e-01  -1.10743482924827e-01  -1.12034405001198e-01  -1.12987827087777e-01  
-1.13573279138881e-01  -1.13764268286455e-01  -1.13538517956819e-01  -1.12878161656153e-01  
-1.11769889898692e-01  -1.10205049237507e-01  -1.08179692849695e-01  -1.05694582620960e-01  
-1.02755143163833e-01  -9.93713686844816e-02  -9.55576840803244e-02  -9.13327620999892e-02  
-8.67192988241925e-02  -8.17437501267616e-02  -7.64360321454919e-02  -7.08291891293440e-02  
-6.49590323285731e-02  -5.88637538549875e-02  -5.25835196584206e-02  -4.61600459407428e-02  
-3.96361634589940e-02  -3.30553742534905e-02  -2.64614053745891e-02  -1.98977641731745e-02  
-1.34072996653039e-02  -7.03177438173844e-03  -8.11450969643681e-04  5.21530237164353e-03  
1.10123837640100e-02  1.65463032386725e-02  2.17864987410747e-02  2.67056195821961e-02  
3.12797747208746e-02  3.54887436403650e-02  3.93161479806582e-02  4.27495825018367e-02  
4.57807043787122e-02  4.84052802587481e-02  5.06231909494378e-02  5.24383940334584e-02  
5.38588451357134e-02  5.48963789815387e-02  5.55665517857691e-02  5.58884468940943e-02  
5.58844459574484e-02  5.55799682536044e-02  5.50031810744940e-02  5.41846843701661e-02  
5.31571730782193e-02  5.19550807688120e-02  5.06142083982097e-02  4.91713420868780e-02  
4.76638639204257e-02  4.61293598126809e-02  4.46052284697372e-02  4.31282954522203e-02  
4.17344362510211e-02  4.04582121704269e-02  3.93325226534683e-02  3.83882774892682e-02  
3.76540921134631e-02  3.71560089529144e-02  3.69172474778183e-02  3.69579853110556e-02  
3.72951724095854e-02  3.79423799794130e-02  3.89096854178966e-02  4.02035941987266e-02  
4.18269992297598e-02  4.37791778259686e-02  4.60558260530664e-02  4.86491298158255e-02  
5.15478716925501e-02  5.47375721573886e-02  5.82006634886994e-02  6.19166943379834e-02  
6.58625626330790e-02  7.00127742143586e-02  7.43397243561728e-02  7.88139991101189e-02  
8.34046932238548e-02  8.80797412408068e-02  9.28062582735275e-02  9.75508868675622e-02  
1.02280146334042e-01  1.06960780927978e-01  1.11560103285185e-01  1.16046329603295e-01  
1.20388903160476e-01  1.24558802907905e-01  1.28528834047124e-01  1.32273897709053e-01  
1.35771237085504e-01  1.39000657623763e-01  1.41944719177548e-01  1.44588898310275e-01  
1.46921719265837e-01  1.48934852454737e-01  1.50623179645798e-01  1.51984825402366e-01  
1.53021154653188e-01  1.53736736638432e-01  1.54139275817043e-01  1.54239510659210e-01  
1.54051081573776e-01  1.53590369531702e-01  1.52876307239992e-01  1.51930164993014e-01  
1.50775313577075e-01  1.49436966827192e-01  1.47941906629874e-01  1.46318193330784e-01  
1.44594864639633e-01  1.42801626225545e-01  1.40968537263477e-01  1.39125694225566e-01  
1.37302916210435e-01  1.35529435068602e-01  1.33833593513839e-01  1.32242554309483e-01  
1.30782023486456e-01  1.29475990387775e-01  1.28346487144290e-01  1.27413369970538e-01  
1.26694124430190e-01  1.26203696560257e-01  1.25954351464779e-01  1.25955560695112e-01  
1.26213919428276e-01  1.26733094140313e-01  1.27513801151577e-01  1.28553816098589e-01  
1.29848014065955e-01  1.31388439795130e-01  1.33164407077748e-01  1.35162626143035e-01  
1.37367357564449e-01  1.39760590943044e-01  1.42322246376805e-01  1.45030396498837e-01  
1.47861506664989e-01  1.50790690695326e-01  1.53791979425390e-01  1.56838599203949e-01  
1.59903257384924e-01  1.62958431803183e-01  1.65976661197439e-01  1.68930833548596e-01  
1.71794469338424e-01  1.74541996800865e-01  1.77149016335726e-01  1.79592551380892e-01  
1.81851283192970e-01  1.83905767165868e-01  1.85738628520065e-01  1.87334735420240e-01  
1.88681347822872e-01  1.89768240615922e-01  1.90587799886943e-01  1.91135091441035e-01  
1.91407900982957e-01  1.91406745675402e-01  1.91134857084765e-01  1.90598135823654e-01  
1.89805078492746e-01  1.88766677810431e-01  1.87496297094042e-01  1.86009520518519e-01  
1.84323980824503e-01  1.82459166375513e-01  1.80436209670867e-01  1.78277659605168e-01  
1.76007239924814e-01  1.73649596465440e-01  1.71230035860209e-01  1.68774258486526e-01  
1.66308088467220e-01  1.63857203561295e-01  1.61446867768764e-01  1.59101669434192e-01  
1.56845267564864e-01  1.54700148982750e-01  1.52687398805877e-01  1.50826486605610e-01  
1.49135070413417e-01  1.47628820555780e-01  1.46321265081179e-01  1.45223658310762e-01  
1.44344873796913e-01  1.43691322714154e-01  1.43266898437239e-01  1.43072947784934e-01  
1.43108269127615e-01  1.43369137275381e-01  1.43849354783910e-01  1.44540329040512e-01  
1.45431174225743e-01  1.46508836989225e-01  1.47758244434566e-01  1.49162472780066e-01  
1.50702934851503e-01  1.52359584372798e-01  1.54111134851790e-01  1.55935290713287e-01  
1.57808988211481e-01  1.59708643559858e-01  1.61610405649857e-01  1.63490410690247e-01  
1.65325036087899e-01  1.67091150907347e-01  1.68766360290927e-01  1.70329241292928e-01  
1.71759567679163e-01  1.73038521366567e-01  1.74148888324595e-01  1.75075236929592e-01  
1.75804076953199e-01  1.76323997574194e-01  1.76625783027677e-01  1.76702504743853e-01  
1.76549589078353e-01  1.76164859994300e-01  1.75548556320666e-01  1.74703323478880e-01  
1.73634179837552e-01  1.72348458120597e-01  1.70855722554394e-01  1.69167662692038e-01  
1.67297965094736e-01  1.65262164279445e-01  1.63077474555556e-01  1.60762604569659e-01  
1.58337556554138e-01  1.55823412430782e-01  1.53242109053162e-01  1.50616204979887e-01  
1.47968641253995e-01  1.45322498720750e-01  1.42700754446575e-01  1.40126039805426e-01  
1.37620402775651e-01  1.35205076940568e-01  1.32900259610256e-01  1.30724901381137e-01  
1.28696509325070e-01  1.26830965852079e-01  1.25142365122219e-01  1.23642868694160e-01  
1.22342581892840e-01  1.21249452158250e-01  1.20369190404261e-01  1.19705216172997e-01  
1.19258627118998e-01  1.19028193101060e-01  1.19010374900781e-01  1.19199367328255e-01  
1.19587166219636e-01  1.20163658581253e-01  1.20916734892996e-01  1.21832422352532e-01  
1.22895037623727e-01  1.24087357449928e-01  1.25390805307332e-01  1.26785652107715e-01  
1.28251228814771e-01  1.29766148715871e-01  1.31308536992375e-01  1.32856265157682e-01  
1.34387187883825e-01  1.35879379714964e-01  1.37311369169879e-01  1.38662367765464e-01  
1.39912491548837e-01  1.41042972806524e-01  1.42036359724299e-01  1.42876701899566e-01  
1.43549719758341e-01  1.44042956099258e-01  1.44345908175920e-01  1.44450138934215e-01  
1.44349366240929e-01  1.44039529171672e-01  1.43518830667459e-01  1.42787756117737e-01  
1.41849067680575e-01  1.40707774405578e-01  1.39371078479127e-01  1.37848298162212e-01  
1.36150768235773e-01  1.34291719004531e-01  1.32286135135397e-01  1.30150595818284e-01  
1.27903097933389e-01  1.25562864087625e-01  1.23150137542159e-01  1.20685966191142e-01  
1.18191977867390e-01  1.15690149342743e-01  1.13202571458120e-01  1.10751212860234e-01  
1.08357684838102e-01  1.06043009742657e-01  1.03827395437100e-01  1.01730018164430e-01  
9.97688161325451e-02  9.79602960072311e-02  9.63193543704164e-02  9.48591160466557e-02  
9.35907910264438e-02  9.25235515224923e-02  9.16644304864779e-02  9.10182426911647e-02  
9.05875292484655e-02  9.03725261903868e-02  9.03711574893792e-02  9.05790526399874e-02  
9.09895886674586e-02  9.15939561737968e-02  9.23812487802354e-02  9.33385750798685e-02  
9.44511919777374e-02  9.57026580704664e-02  9.70750055059069e-02  9.85489285673630e-02  
1.00103987048879e-01  1.01718822329597e-01  1.03371383918022e-01  1.05039164122548e-01  
1.06699438414075e-01  1.08329508980842e-01  1.09906948935545e-01  1.11409844620711e-01  
1.12817033470476e-01  1.14108334925152e-01  1.15264771959019e-01  1.16268780870969e-01  
1.17104407101077e-01  1.17757484972852e-01  1.18215799419319e-01  1.18469227929804e-01  
1.18509861151386e-01  1.18332100792622e-01  1.17932733705039e-01  1.17310981257922e-01  
1.16468523371497e-01  1.15409496830388e-01  1.14140467760448e-01  1.12670378415295e-01  
1.11010468681236e-01  1.09174172968311e-01  1.07176993408148e-01  1.05036350523692e-01  
1.02771412769216e-01  1.00402906558877e-01  9.79529086062908e-02  9.54446225840553e-02  
9.29021422789352e-02  9.03502035638167e-02  8.78139276300884e-02  8.53185580224540e-02  
8.28891940913392e-02  8.05505235251732e-02  7.83265566453435e-02  7.62403651401669e-02  
7.43138278806484e-02  7.25673864001366e-02  7.10198125323097e-02  6.96879905874204e-02  
6.85867163053408e-02  6.77285146554100e-02  6.71234783564506e-02  6.67791287637992e-02  
6.67003005105220e-02  6.68890509921747e-02  6.73445954410082e-02  6.80632679362613e-02  
6.90385082289653e-02  7.02608737068991e-02  7.17180751711972e-02  7.33950343254659e-02  
7.52739599821902e-02  7.73344389741902e-02  7.95535366485149e-02  8.19059006794533e-02  
8.43638608788775e-02  8.68975168817379e-02  8.94748052922188e-02  9.20615384188707e-02  
9.46214084991407e-02  9.71159547469153e-02  9.95044960663679e-02  1.01744040178213e-01  
1.03789190308884e-01  1.05592083270103e-01  1.07102407005560e-01  1.08267560217775e-01  
1.09033029580731e-01  1.09343068743357e-01  1.09141764821266e-01  1.08374569181527e-01  
1.06990347163560e-01  1.04943963944503e-01  1.02199370581966e-01  9.87330870485750e-02  
9.45379021465695e-02  8.96265307077691e-02  8.40348961625401e-02  7.78246529265497e-02  
7.10845401544447e-02  6.39301770910024e-02  5.65019781826844e-02  4.89609858570712e-02  
4.14825863470213e-02  3.42482776059270e-02  2.74358795267000e-02  2.12087909229176e-02  
1.57050775648776e-02  1.10272939813041e-02  7.23397623715403e-03  4.33367933906767e-03  
2.28226855315720e-03  9.83918983441661e-04  2.95955226699295e-04  3.73062687456930e-05  
0.00000000000000e+00  
                Type                   L                   N
                   0                   2                   0
0.00000000000000e+00  1.45602496317922e-04  5.82304915364747e-04  1.30979097867597e-03  
2.32753000853688e-03  3.63477166178661e-03  5.23053866496522e-03  7.11361765721160e-03  
9.28254827571968e-03  1.17356106454866e-02  1.44708114602419e-02  1.74858688645573e-02  
2.07781963679376e-02  2.43448860399649e-02  2.81826912510868e-02  3.22880092362440e-02  
3.66568637680602e-02  4.12848882326652e-02  4.61673094042911e-02  5.12989322145434e-02  
5.66741258086637e-02  6.22868111742140e-02  6.81304506174545e-02  7.41980393493673e-02  
8.04820994269009e-02  8.69746762757417e-02  9.36673379989320e-02  1.00551177651172e-01  
1.07616818631890e-01  1.14854423321433e-01  1.22253705054246e-01  1.29803943491053e-01  
1.37494003419085e-01  1.45312356975649e-01  1.53247109256205e-01  1.61286027233862e-01  
1.69416571883247e-01  1.77625933368343e-01  1.85901069121511e-01  1.94228744609766e-01  
2.02595576554914e-01  2.10988078346527e-01  2.19392707361359e-01  2.27795913879882e-01  
2.36184191270384e-01  2.44544127093796e-01  2.52862454768209e-01  2.61126105421157e-01  
2.69322259550183e-01  2.77438398108216e-01  2.85462352629765e-01  2.93382354017025e-01  
3.01187079611644e-01  3.08865698188005e-01  3.16407912517499e-01  3.23803999170086e-01  
3.31044845239560e-01  3.38121981701892e-01  3.45027613141883e-01  3.51754643611676e-01  
3.58296698415311e-01  3.64648141646111e-01  3.70804089338015e-01  3.76760418127605e-01  
3.82513769360354e-01  3.88061548611949e-01  3.93401920633347e-01  3.98533799765926e-01  
4.03456835910454e-01  4.08171396170252e-01  4.12678542324507e-01  4.16980004321877e-01  
4.21078150016999e-01  4.24975951402959e-01  4.28676947620954e-01  4.32185205053940e-01  
4.35505274833870e-01  4.38642148111908e-01  4.41601209457613e-01  4.44388188766327e-01  
4.47009112063876e-01  4.49470251603927e-01  4.51778075656097e-01  4.53939198382001e-01  
4.55960330192002e-01  4.57848228967444e-01  4.59609652521754e-01  4.61251312659131e-01  
4.62779831171661e-01  4.64201698094915e-01  4.65523232518504e-01  4.66750546221988e-01  
4.67889510378183e-01  4.68945725535608e-01  4.69924495059793e-01  4.70830802179817e-01  
4.71669290752054e-01  4.72444249817973e-01  4.73159601997389e-01  4.73818895723038e-01  
4.74425301287211e-01  4.74981610636585e-01  4.75490240817876e-01  4.75953240944658e-01  
4.76372302524991e-01  4.76748772960722e-01  4.77083672002626e-01  4.77377710921257e-01  
4.77631314131704e-01  4.77844642991467e-01  4.78017621474728e-01  4.78149963413343e-01  
4.78241200985148e-01  4.78290714123640e-01  4.78297760519868e-01  4.78261505887368e-01  
4.78181054164264e-01  4.78055477333083e-01  4.77883844548363e-01  4.77665250274622e-01  
4.77398841152540e-01  4.77083841329133e-01  4.76719576008052e-01  4.76305492998652e-01  
4.75841182067017e-01  4.75326391918252e-01  4.74761044666976e-01  4.74145247681628e-01  
4.73479302717713e-01  4.72763712285120e-01  4.71999183224887e-01  4.71186627500848e-01  
4.70327160241321e-01  4.69422095094933e-01  4.68472936992681e-01  4.67481372434961e-01  
4.66449257447493e-01  4.65378603373386e-01  4.64271560689956e-01  4.63130401058039e-01  
4.61957497828289e-01  4.60755305243177e-01  4.59526336584939e-01  4.58273141528534e-01  
4.56998282964626e-01  4.55704313560736e-01  4.54393752328929e-01  4.53069061465827e-01  
4.51732623725320e-01  4.50386720576268e-01  4.49033511386753e-01  4.47675013863281e-01  
4.46313085957824e-01  4.44949409437988e-01  4.43585475296025e-01  4.42222571151157e-01  
4.40861770776955e-01  4.39503925861562e-01  4.38149660083627e-01  4.36799365561245e-01  
4.35453201705165e-01  4.34111096481379e-01  4.32772750062192e-01  4.31437640819284e-01  
4.30105033587333e-01  4.28773990102788e-01  4.27443381499597e-01  4.26111902722268e-01  
4.24778088696933e-01  4.23440332083108e-01  4.22096902412962e-01  4.20745966411118e-01  
4.19385609276541e-01  4.18013856699013e-01  4.16628697376065e-01  4.15228105792194e-01  
4.13810065020665e-01  4.12372589309252e-01  4.10913746214846e-01  4.09431678057885e-01  
4.07924622476036e-01  4.06390931867269e-01  4.04829091525355e-01  4.03237736285753e-01  
4.01615665516563e-01  3.99961856307666e-01  3.98275474730985e-01  3.96555885065913e-01  
3.94802656906013e-01  3.93015570085942e-01  3.91194617390897e-01  3.89340005034503e-01  
3.87452150914669e-01  3.85531680680336e-01  3.83579421664921e-01  3.81596394764451e-01  
3.79583804359561e-01  3.77543026400604e-01  3.75475594793733e-01  3.73383186242935e-01  
3.71267603718302e-01  3.69130758734296e-01  3.66974652633143e-01  3.64801357077808e-01  
3.62612993966019e-01  3.60411714981604e-01  3.58199681001831e-01  3.55979041579561e-01  
3.53751914716811e-01  3.51520367141814e-01  3.49286395294951e-01  3.47051907220055e-01  
3.44818705546691e-01  3.42588471736199e-01  3.40362751749736e-01  3.38142943280363e-01  
3.35930284673679e-01  3.33725845642667e-01  3.31530519862652e-01  3.29345019511619e-01  
3.27169871800013e-01  3.25005417512580e-01  3.22851811563204e-01  3.20709025542185e-01  
3.18576852214212e-01  3.16454911904751e-01  3.14342660692700e-01  3.12239400308416e-01  
3.10144289618567e-01  3.08056357563045e-01  3.05974517394446e-01  3.03897582057645e-01  
3.01824280535756e-01  2.99753274979508e-01  2.97683178429835e-01  2.95612572938258e-01  
2.93540027886620e-01  2.91464118306828e-01  2.89383443002482e-01  2.87296642277663e-01  
2.85202415083548e-01  2.83099535401008e-01  2.80986867686647e-01  2.78863381220936e-01  
2.76728163209895e-01  2.74580430506147e-01  2.72419539830883e-01  2.70244996395161e-01  
2.68056460836925e-01  2.65853754408768e-01  2.63636862370827e-01  2.61405935562866e-01  
2.59161290149471e-01  2.56903405552113e-01  2.54632920601399e-01  2.52350627961930e-01  
2.50057466900640e-01  2.47754514487030e-01  2.45442975330276e-01  2.43124169973450e-01  
2.40799522079046e-01  2.38470544552376e-01  2.36138824760166e-01  2.33806009010655e-01  
2.31473786468639e-01  2.29143872684138e-01  2.26817992916608e-01  2.24497865437905e-01  
2.22185184996472e-01  2.19881606622529e-01  2.17588729949413e-01  2.15308084219673e-01  
2.13041114136251e-01  2.10789166709004e-01  2.08553479235282e-01  2.06335168540148e-01  
2.04135221587525e-01  2.01954487558004e-01  1.99793671472588e-01  1.97653329424371e-01  
1.95533865462293e-01  1.93435530152832e-01  1.91358420827048e-01  1.89302483501898e-01  
1.87267516446495e-01  1.85253175346100e-01  1.83258979999363e-01  1.81284322467799e-01  
1.79328476580980e-01  1.77390608686416e-01  1.75469789519992e-01  1.73565007061011e-01  
1.71675180225709e-01  1.69799173244455e-01  1.67935810561012e-01  1.66083892087127e-01  
1.64242208642473e-01  1.62409557408584e-01  1.60584757225913e-01  1.58766663565503e-01  
1.56954183010958e-01  1.55146287092340e-01  1.53342025321325e-01  1.51540537286223e-01  
1.49741063676279e-01  1.47942956116855e-01  1.46145685710563e-01  1.44348850193934e-01  
1.42552179634716e-01  1.40755540611129e-01  1.38958938831273e-01  1.37162520168092e-01  
1.35366570102786e-01  1.33571511587022e-01  1.31777901351633e-01  1.29986424706412e-01  
1.28197888892080e-01  1.26413215061159e-01  1.24633428979335e-01  1.22859650552656e-01  
1.21093082298487e-01  1.19334996889425e-01  1.17586723909178e-01  1.15849635967675e-01  
1.14125134329340e-01  1.12414634213377e-01  1.10719549928112e-01  1.09041280002868e-01  
1.07381192480435e-01  1.05740610531083e-01  1.04120798545125e-01  1.02522948855439e-01  
1.00948169234109e-01  9.93974712985116e-02  9.78717599519521e-02  9.63718239723006e-02  
9.48983278493005e-02  9.34518049573164e-02  9.20326521354969e-02  9.06411257317754e-02  
8.92773391510057e-02  8.79412619309929e-02  8.66327203534323e-02  8.53513995799712e-02  
8.40968472869678e-02  8.28684787561963e-02  8.16655833629306e-02  8.04873323876961e-02  
7.93327880636731e-02  7.82009137584196e-02  7.70905851764059e-02  7.60006024579384e-02  
7.49297030405179e-02  7.38765751406276e-02  7.28398717074712e-02  7.18182246953242e-02  
7.08102594980088e-02  6.98146093875553e-02  6.88299297993892e-02  6.78549123083932e-02  
6.68882981438941e-02  6.59288910969737e-02  6.49755696804512e-02  6.40272984103472e-02  
6.30831380875103e-02  6.21422549692760e-02  6.12039287333978e-02  6.02675591499042e-02  
5.93326713908500e-02  5.83989199229899e-02  5.74660909440296e-02  5.65341033391494e-02  
5.56030081507582e-02  5.46729865707540e-02  5.37443464807523e-02  5.28175175816344e-02  
5.18930451691724e-02  5.09715826272550e-02  5.00538827241993e-02  4.91407878106410e-02  
4.82332190294032e-02  4.73321646584323e-02  4.64386677172366e-02  4.55538129751670e-02  
4.46787135062647e-02  4.38144969401916e-02  4.29622915619050e-02  4.21232124142127e-02  
4.12983475571296e-02  4.04887446360555e-02  3.96953979072272e-02  3.89192358637177e-02  
3.81611095985029e-02  3.74217820328770e-02  3.67019181288673e-02  3.60020761933675e-02  
3.53227003696167e-02  3.46641143985104e-02  3.40265167182118e-02  3.34099769557520e-02  
3.28144338489731e-02  3.22396946214042e-02  3.16854358166728e-02  3.11512055829931e-02  
3.06364273823304e-02  3.01404050831814e-02  2.96623293807085e-02  2.92012854733880e-02  
2.87562619115307e-02  2.83261605201731e-02  2.79098072870358e-02  2.75059640956567e-02  
2.71133411745231e-02  2.67306101251656e-02  2.63564173858165e-02  2.59893979824380e-02  
2.56281894157678e-02  2.52714455315082e-02  2.49178502209551e-02  2.45661308011947e-02  
2.42150709274812e-02  2.38635228955112e-02  2.35104191979656e-02  2.31547832078392e-02  
2.27957388706121e-02  2.24325192981613e-02  2.20644741693128e-02  2.16910758549981e-02  
2.13119241999349e-02  2.09267499074606e-02  2.05354164894568e-02  2.01379207590191e-02  
1.97343918595210e-02  1.93250888397666e-02  1.89103968009076e-02  1.84908216564846e-02  
1.80669835622181e-02  1.76396090868200e-02  1.72095222089831e-02  1.67776342386714e-02  
1.63449327727389e-02  1.59124698056244e-02  1.54813491252706e-02  1.50527131324217e-02  
1.46277292279399e-02  1.42075759177146e-02  1.37934287880308e-02  1.33864465058949e-02  
1.29877569987707e-02  1.25984439664318e-02  1.22195338742379e-02  1.18519835720978e-02  
1.14966686767595e-02  1.11543728469376e-02  1.08257780712231e-02  1.05114560778429e-02  
1.02118609632414e-02  9.92732312329056e-03  9.65804455682163e-03  9.40409559629008e-03  
9.16541310485394e-03  8.94180016317895e-03  8.73292725301507e-03  8.53833492821571e-03  
8.35743794756445e-03  8.18953082770638e-03  8.03379475883669e-03  7.88930581073479e-03  
7.75504434242685e-03  7.62990551535596e-03  7.51271079759116e-03  7.40222033545303e-03  
7.29714605908450e-03  7.19616538007929e-03  7.09793533236962e-03  7.00110700227017e-03  
6.90434008991462e-03  6.80631744237030e-03  6.70575939848184e-03  6.60143778699624e-03  
6.49218942274132e-03  6.37692895053776e-03  6.25466089307804e-03  6.12449076712690e-03  
5.98563514202334e-03  5.83743052546782e-03  5.67934097387724e-03  5.51096433802698e-03  
5.33203706915521e-03  5.14243752601561e-03  4.94218773937171e-03  4.73145360696709e-03  
4.51054350889097e-03  4.27990535032703e-03  4.04012205572631e-03  3.79190555531077e-03  
3.53608932131164e-03  3.27361952729040e-03  3.00554491912138e-03  2.73300550055678e-03  
2.45722014960142e-03  2.17947329404171e-03  1.90110078527913e-03  1.62347511898164e-03  
1.34799015889166e-03  1.07604552632509e-03  8.09030822388014e-04  5.48309852677417e-04  
2.95205025179449e-04  5.09820912223687e-05  -1.83164603326425e-04  -4.06126193871975e-04  
-6.16892543359587e-04  -8.14564510318866e-04  -9.98365099488790e-04  -1.16764936682879e-03  
-1.32191296312350e-03  -1.46079921407487e-03  -1.58410464960520e-03  -1.69178291091055e-03  
-1.78394698045927e-03  -1.86086969743490e-03  -1.92298253891795e-03  -1.97087266519059e-03  
-2.00527824574575e-03  -2.02708210070779e-03  -2.03730371022805e-03  -2.03708966181917e-03  
-2.02770262236323e-03  -2.01050893748307e-03  -1.98696497594598e-03  -1.95860235060463e-03  
-1.92701215993758e-03  -1.89382840538161e-03  -1.86071074924329e-03  -1.82932678592507e-03  
-1.80133400541169e-03  -1.77836163237578e-03  -1.76199252680039e-03  -1.75374533267282e-03  
-1.75505706002632e-03  -1.76726628240841e-03  -1.79159712672196e-03  -1.82914422533923e-03  
-1.88085879140087e-03  -1.94753596729108e-03  -2.02980358333516e-03  -2.12811244868334e-03  
-2.24272827888795e-03  -2.37372534447923e-03  -2.52098190135497e-03  -2.68417743624109e-03  
-2.86279172786875e-03  -3.05610568562425e-03  -3.26320388093194e-03  -3.48297863127778e-03  
-3.71413543169647e-03  -3.95519945384333e-03  -4.20452275014774e-03  -4.46029171432877e-03  
-4.72053426765881e-03  -4.98312617541619e-03  -5.24579586812230e-03  -5.50612717137479e-03  
-5.76155946551401e-03  -6.00938503417078e-03  -6.24674375033466e-03  -6.47061581446150e-03  
-6.67781401099535e-03  -6.86497787273073e-03  -7.02857318761223e-03  -7.16490135786160e-03  
-7.27012408713717e-03  -7.34030954226903e-03  -7.37150629143042e-03  -7.35985072662508e-03  
-7.30171212128004e-03  -7.19387680258271e-03  -7.03376909296923e-03  -6.81970181311538e-03  
-6.55114354956028e-03  -6.22898408939734e-03  -5.85577411685515e-03  -5.43591129067211e-03  
-4.97574305663068e-03  -4.48355779160062e-03  -3.96944069065964e-03  -3.44497939418151e-03  
-2.92281642118044e-03  -2.41606020115563e-03  -1.93758252772545e-03  -1.49924582366104e-03  
-1.11111671159564e-03  -7.80731062421379e-04  -5.12478302833095e-04  -3.07168268556788e-04  
-1.61832080888983e-04  -6.97901353463899e-05  -2.09969828758384e-05  -2.64708155840017e-06  
0.00000000000000e+00  
