0.002478752177 1.048181513646 0.996264931784 0.008978255490 0.007150570836 0.000007097426
0.002503664050 1.048181536175 0.996264978406 0.009068486494 0.007222433596 0.000007240845
0.002528826292 1.048181559159 0.996265025970 0.009159624274 0.007295018537 0.000007387146
0.002554241419 1.048181582607 0.996265074495 0.009251677943 0.007368332917 0.000007536361
0.002579911972 1.048181606529 0.996265124000 0.009344656703 0.007442384064 0.000007688630
0.002605840518 1.048181630935 0.996265174504 0.009438569850 0.007517179382 0.000007843931
0.002632029651 1.048181655833 0.996265226030 0.009533426772 0.007592726349 0.000008002387
0.002658481989 1.048181681234 0.996265278596 0.009629236952 0.007669032515 0.000008164039
0.002685200177 1.048181707148 0.996265332223 0.009726009969 0.007746105510 0.000008329011
0.002712186887 1.048181733586 0.996265386934 0.009823755497 0.007823953039 0.000008497206
0.002739444819 1.048181760558 0.996265442751 0.009922483309 0.007902582884 0.000008668916
0.002766976697 1.048181788075 0.996265499694 0.010022203272 0.007982002906 0.000008843993
0.002794785275 1.048181816147 0.996265557788 0.010122925358 0.008062221043 0.000009022679
0.002822873334 1.048181844787 0.996265617056 0.010224659634 0.008143245315 0.000009204924
0.002851243683 1.048181874005 0.996265677521 0.010327416270 0.008225083821 0.000009390901
0.002879899158 1.048181903813 0.996265739207 0.010431205540 0.008307744743 0.000009580594
0.002908842626 1.048181934224 0.996265802139 0.010536037818 0.008391236343 0.000009774157
0.002938076980 1.048181965249 0.996265866343 0.010641923584 0.008475566968 0.000009971604
0.002967605145 1.048181996900 0.996265931843 0.010748873423 0.008560745048 0.000010173008
0.002997430072 1.048182029191 0.996265998667 0.010856898027 0.008646779097 0.000010378527
0.003027554745 1.048182062134 0.996266066840 0.010966008193 0.008733677715 0.000010588208
0.003057982176 1.048182095742 0.996266136390 0.011076214828 0.008821449588 0.000010802089
0.003088715408 1.048182130030 0.996266207346 0.011187528950 0.008910103491 0.000011020281
0.003119757514 1.048182165010 0.996266279734 0.011299961685 0.008999648285 0.000011242935
0.003151111598 1.048182200696 0.996266353585 0.011413524272 0.009090092920 0.000011470060
0.003182780797 1.048182237104 0.996266428928 0.011528228063 0.009181446437 0.000011701770
0.003214768275 1.048182274247 0.996266505792 0.011644084523 0.009273717968 0.000011938132
0.003247077234 1.048182312140 0.996266584210 0.011761105233 0.009366916736 0.000012179314
0.003279710902 1.048182350799 0.996266664211 0.011879301890 0.009461052055 0.000012425352
0.003312672545 1.048182390238 0.996266745828 0.011998686310 0.009556133336 0.000012676341
0.003345965457 1.048182430474 0.996266829094 0.012119270423 0.009652170082 0.000012932445
0.003379592969 1.048182471523 0.996266914042 0.012241066285 0.009749171891 0.000013193683
0.003413558443 1.048182513401 0.996267000706 0.012364086068 0.009847148460 0.000013460219
0.003447865276 1.048182556125 0.996267089120 0.012488342069 0.009946109580 0.000013732119
0.003482516898 1.048182599712 0.996267179320 0.012613846708 0.010046065143 0.000014009554
0.003517516775 1.048182644179 0.996267271343 0.012740612528 0.010147025140 0.000014292554
0.003552868406 1.048182689545 0.996267365224 0.012868652200 0.010248999659 0.000014581272
0.003588575327 1.048182735827 0.996267461001 0.012997978520 0.010351998895 0.000014875841
0.003624641109 1.048182783044 0.996267558713 0.013128604416 0.010456033140 0.000015176344
0.003661069358 1.048182831214 0.996267658399 0.013260542943 0.010561112791 0.000015482937
0.003697863716 1.048182880358 0.996267760099 0.013393807287 0.010667248352 0.000015795681
0.003735027865 1.048182930494 0.996267863852 0.013528410766 0.010774450429 0.000016114784
0.003772565519 1.048182981643 0.996267969702 0.013664366835 0.010882729735 0.000016440330
0.003810480433 1.048183033825 0.996268077689 0.013801689081 0.010992097093 0.000016772447
0.003848776398 1.048183087061 0.996268187858 0.013940391227 0.011102563431 0.000017111282
0.003887457243 1.048183141373 0.996268300252 0.014080487135 0.011214139789 0.000017456942
0.003926526838 1.048183196781 0.996268414917 0.014221990807 0.011326837318 0.000017809592
0.003965989089 1.048183253309 0.996268531897 0.014364916383 0.011440667279 0.000018169382
0.004005847942 1.048183310978 0.996268651240 0.014509278148 0.011555641048 0.000018536406
0.004046107383 1.048183369812 0.996268772994 0.014655090528 0.011671770114 0.000018910870
0.004086771438 1.048183429835 0.996268897208 0.014802368094 0.011789066082 0.000019292908
0.004127844174 1.048183491070 0.996269023930 0.014951125563 0.011907540672 0.000019682619
0.004169329698 1.048183553542 0.996269153212 0.015101377803 0.012027205723 0.000020080240
0.004211232158 1.048183617276 0.996269285105 0.015253139826 0.012148073194 0.000020485883
0.004253555745 1.048183682297 0.996269419663 0.015406426798 0.012270155159 0.000020899740
0.004296304691 1.048183748631 0.996269556938 0.015561254037 0.012393463820 0.000021321935
0.004339483271 1.048183816305 0.996269696986 0.015717637012 0.012518011496 0.000021752658
0.004383095803 1.048183885347 0.996269839863 0.015875591352 0.012643810631 0.000022192087
0.004427146648 1.048183955782 0.996269985625 0.016035132838 0.012770873796 0.000022640398
0.004471640211 1.048184027641 0.996270134332 0.016196277412 0.012899213685 0.000023097759
0.004516580943 1.048184100950 0.996270286043 0.016359041175 0.013028843122 0.000023564361
0.004561973336 1.048184175741 0.996270440818 0.016523440390 0.013159775056 0.000024040384
0.004607821930 1.048184252042 0.996270598719 0.016689491482 0.013292022571 0.000024526044
0.004654131310 1.048184329884 0.996270759809 0.016857211043 0.013425598878 0.000025021488
0.004700906108 1.048184409298 0.996270924153 0.017026615829 0.013560517322 0.000025526961
0.004748150999 1.048184490317 0.996271091816 0.017197722766 0.013696791382 0.000026042627
0.004795870710 1.048184572972 0.996271262866 0.017370548948 0.013834434672 0.000026568722
0.004844070012 1.048184657296 0.996271437371 0.017545111642 0.013973460941 0.000027105441
0.004892753725 1.048184743323 0.996271615401 0.017721428287 0.014113884079 0.000027653009
0.004941926718 1.048184831088 0.996271797026 0.017899516497 0.014255718114 0.000028211632
0.004991593907 1.048184920626 0.996271982320 0.018079394063 0.014398977212 0.000028781530
0.005041760260 1.048185011972 0.996272171356 0.018261078955 0.014543675685 0.000029362959
0.005092430793 1.048185105163 0.996272364210 0.018444589322 0.014689827985 0.000029956122
0.005143610573 1.048185200236 0.996272560960 0.018629943495 0.014837448712 0.000030561271
0.005195304719 1.048185297229 0.996272761683 0.018817159990 0.014986552611 0.000031178657
0.005247518399 1.048185396181 0.996272966461 0.019006257508 0.015137154574 0.000031808489
0.005300256836 1.048185497132 0.996273175374 0.019197254937 0.015289269643 0.000032451060
0.005353525303 1.048185600122 0.996273388507 0.019390171354 0.015442913010 0.000033106606
0.005407329126 1.048185705192 0.996273605945 0.019585026029 0.015598100022 0.000033775395
0.005461673688 1.048185812383 0.996273827774 0.019781838423 0.015754846175 0.000034457686
0.005516564421 1.048185921740 0.996274054083 0.019980628194 0.015913167125 0.000035153790
0.005572006815 1.048186033305 0.996274284963 0.020181415195 0.016073078683 0.000035863932
0.005628006414 1.048186147124 0.996274520507 0.020384219480 0.016234596817 0.000036588421
0.005684568819 1.048186263241 0.996274760807 0.020589061302 0.016397737657 0.000037327548
0.005741699686 1.048186381703 0.996275005961 0.020795961119 0.016562517493 0.000038081606
0.005799404727 1.048186502558 0.996275256066 0.021004939592 0.016728952781 0.000038850898
0.005857689713 1.048186625854 0.996275511222 0.021216017590 0.016897060137 0.000039635731
0.005916560474 1.048186751640 0.996275771532 0.021429216192 0.017066856349 0.000040436415
0.005976022895 1.048186879965 0.996276037098 0.021644556686 0.017238358369 0.000041253274
0.006036082924 1.048187010883 0.996276308028 0.021862060574 0.017411583321 0.000042086630
0.006096746566 1.048187144445 0.996276584430 0.022081749574 0.017586548499 0.000042936826
0.006158019887 1.048187280703 0.996276866414 0.022303645622 0.017763271371 0.000043804201
0.006219909016 1.048187419714 0.996277154093 0.022527770873 0.017941769579 0.000044689092
0.006282420141 1.048187561532 0.996277447582 0.022754147702 0.018122060944 0.000045591853
0.006345559513 1.048187706214 0.996277746998 0.022982798712 0.018304163463 0.000046512866
0.006409333446 1.048187853818 0.996278052461 0.023213746728 0.018488095313 0.000047452479
0.006473748318 1.048188004403 0.996278364093 0.023447014807 0.018673874855 0.000048411064
0.006538810571 1.048188158028 0.996278682018 0.023682626236 0.018861520632 0.000049389024
0.006604526709 1.048188314756 0.996279006364 0.023920604533 0.019051051373 0.000050386732
0.006670903306 1.048188474649 0.996279337260 0.024160973454 0.019242485996 0.000051404600
0.006737946999 1.048188637771 0.996279674838 0.024403756991 0.019435843605 0.000052443021
0.006805664492 1.048188804187 0.996280019234 0.024648979377 0.019631143498 0.000053502422
0.006874062557 1.048188973964 0.996280370584 0.024896665089 0.019828405165 0.000054583229
0.006943148035 1.048189147169 0.996280729030 0.025146838845 0.020027648291 0.000055685868
0.007012927833 1.048189323872 0.996281094715 0.025399525613 0.020228892757 0.000056810778
0.007083408929 1.048189504143 0.996281467784 0.025654750612 0.020432158645 0.000057958414
0.007154598372 1.048189688054 0.996281848387 0.025912539309 0.020637466236 0.000059129227
0.007226503281 1.048189875679 0.996282236676 0.026172917431 0.020844836015 0.000060323701
0.007299130847 1.048190067092 0.996282632806 0.026435910958 0.021054288670 0.000061542296
0.007372488331 1.048190262371 0.996283036935 0.026701546132 0.021265845098 0.000062785511
0.007446583071 1.048190461593 0.996283449225 0.026969849456 0.021479526403 0.000064053835
0.007521422475 1.048190664838 0.996283869840 0.027240847700 0.021695353901 0.000065347791
0.007597014028 1.048190872186 0.996284298949 0.027514567901 0.021913349121 0.000066667878
0.007673365288 1.048191083722 0.996284736723 0.027791037364 0.022133533807 0.000068014630
0.007750483891 1.048191299529 0.996285183337 0.028070283669 0.022355929920 0.000069388592
0.007828377549 1.048191519693 0.996285638969 0.028352334672 0.022580559641 0.000070790308
0.007907054052 1.048191744303 0.996286103801 0.028637218507 0.022807445372 0.000072220334
0.007986521266 1.048191973448 0.996286578019 0.028924963588 0.023036609738 0.000073679252
0.008066787139 1.048192207219 0.996287061813 0.029215598614 0.023268075592 0.000075167636
0.008147859698 1.048192445711 0.996287555376 0.029509152570 0.023501866013 0.000076686092
0.008229747049 1.048192689018 0.996288058904 0.029805654731 0.023738004312 0.000078235219
0.008312457382 1.048192937237 0.996288572599 0.030105134664 0.023976514033 0.000079815643
0.008395998967 1.048193190468 0.996289096667 0.030407622232 0.024217418952 0.000081427986
0.008480380160 1.048193448812 0.996289631316 0.030713147594 0.024460743087 0.000083072902
0.008565609397 1.048193712372 0.996290176760 0.031021741214 0.024706510690 0.000084751043
0.008651695203 1.048193981252 0.996290733217 0.031333433856 0.024954746261 0.000086463085
0.008738646185 1.048194255562 0.996291300909 0.031648256594 0.025205474540 0.000088209714
0.008826471040 1.048194535409 0.996291880062 0.031966240809 0.025458720514 0.000089991622
0.008915178548 1.048194820906 0.996292470909 0.032287418199 0.025714509423 0.000091809525
0.009004777582 1.048195112167 0.996293073685 0.032611820775 0.025972866754 0.000093664149
0.009095277102 1.048195409308 0.996293688631 0.032939480869 0.026233818251 0.000095556239
0.009186686156 1.048195712448 0.996294315992 0.033270431134 0.026497389913 0.000097486552
0.009279013887 1.048196021707 0.996294956019 0.033604704551 0.026763607999 0.000099455856
0.009372269527 1.048196337209 0.996295608967 0.033942334427 0.027032499030 0.000101464938
0.009466462402 1.048196659081 0.996296275098 0.034283354402 0.027304089789 0.000103514603
0.009561601931 1.048196987450 0.996296954676 0.034627798452 0.027578407330 0.000105605677
0.009657697628 1.048197322448 0.996297647974 0.034975700892 0.027855478972 0.000107738986
0.009754759102 1.048197664208 0.996298355268 0.035327096377 0.028135332308 0.000109915389
0.009852796061 1.048198012867 0.996299076840 0.035682019909 0.028417995205 0.000112135758
0.009951818308 1.048198368564 0.996299812979 0.036040506836 0.028703495810 0.000114400974
0.010051835745 1.048198731441 0.996300563978 0.036402592862 0.028991862545 0.000116711952
0.010152858373 1.048199101643 0.996301330138 0.036768314042 0.029283124120 0.000119069608
0.010254896296 1.048199479317 0.996302111763 0.037137706794 0.029577309528 0.000121474890
0.010357959718 1.048199864614 0.996302909167 0.037510807895 0.029874448050 0.000123928761
0.010462058943 1.048200257688 0.996303722666 0.037887654491 0.030174569259 0.000126432195
0.010567204384 1.048200658695 0.996304552586 0.038268284094 0.030477703022 0.000128986203
0.010673406554 1.048201067797 0.996305399259 0.038652734593 0.030783879502 0.000131591796
0.010780676073 1.048201485155 0.996306263021 0.039041044250 0.031093129163 0.000134250029
0.010889023669 1.048201910937 0.996307144218 0.039433251710 0.031405482770 0.000136961954
0.010998460176 1.048202345311 0.996308043200 0.039829396001 0.031720971395 0.000139728656
0.011108996538 1.048202788453 0.996308960328 0.040229516540 0.032039626418 0.000142551248
0.011220643810 1.048203240537 0.996309895966 0.040633653133 0.032361479530 0.000145430853
0.011333413155 1.048203701745 0.996310850489 0.041041845984 0.032686562738 0.000148368626
0.011447315851 1.048204172261 0.996311824276 0.041454135694 0.033014908364 0.000151365744
0.011562363287 1.048204652272 0.996312817716 0.041870563270 0.033346549053 0.000154423399
0.011678566970 1.048205141969 0.996313831206 0.042291170124 0.033681517772 0.000157542819
0.011795938520 1.048205641548 0.996314865150 0.042715998077 0.034019847817 0.000160725249
0.011914489673 1.048206151208 0.996315919960 0.043145089370 0.034361572812 0.000163971961
0.012034232285 1.048206671152 0.996316996056 0.043578486658 0.034706726714 0.000167284259
0.012155178330 1.048207201588 0.996318093869 0.044016233021 0.035055343817 0.000170663459
0.012277339903 1.048207742726 0.996319213835 0.044458371966 0.035407458756 0.000174110918
0.012400729220 1.048208294783 0.996320356401 0.044904947431 0.035763106507 0.000177628012
0.012525358621 1.048208857979 0.996321522023 0.045356003789 0.036122322391 0.000181216152
0.012651240568 1.048209432538 0.996322711166 0.045811585852 0.036485142083 0.000184876767
0.012778387650 1.048210018689 0.996323924303 0.046271738877 0.036851601605 0.000188611324
0.012906812580 1.048210616665 0.996325161918 0.046736508568 0.037221737340 0.000192421315
0.013036528203 1.048211226705 0.996326424505 0.047205941081 0.037595586027 0.000196308267
0.013167547490 1.048211849053 0.996327712566 0.047680083029 0.037973184770 0.000200273729
0.013299883542 1.048212483955 0.996329026616 0.048158981486 0.038354571040 0.000204319292
0.013433549594 1.048213131665 0.996330367177 0.048642683990 0.038739782675 0.000208446570
0.013568559012 1.048213792440 0.996331734784 0.049131238550 0.039128857890 0.000212657214
0.013704925297 1.048214466545 0.996333129982 0.049624693649 0.039521835274 0.000216952909
0.013842662086 1.048215154247 0.996334553326 0.050123098248 0.039918753798 0.000221335372
0.013981783153 1.048215855820 0.996336005385 0.050626501793 0.040319652818 0.000225806355
0.014122302410 1.048216571544 0.996337486735 0.051134954215 0.040724572076 0.000230367646
0.014264233909 1.048217301704 0.996338997968 0.051648505941 0.041133551706 0.000235021069
0.014407591843 1.048218046590 0.996340539685 0.052167207892 0.041546632237 0.000239768484
0.014552390548 1.048218806498 0.996342112500 0.052691111492 0.041963854599 0.000244611790
0.014698644505 1.048219581732 0.996343717040 0.053220268673 0.042385260121 0.000249552923
0.014846368338 1.048220372600 0.996345353943 0.053754731875 0.042810890541 0.000254593860
0.014995576820 1.048221179416 0.996347023861 0.054294554058 0.043240788007 0.000259736615
0.015146284873 1.048222002502 0.996348727458 0.054839788700 0.043674995079 0.000264983246
0.015298507567 1.048222842184 0.996350465414 0.055390489807 0.044113554738 0.000270335849
0.015452260124 1.048223698798 0.996352238420 0.055946711915 0.044556510384 0.000275796566
0.015607557920 1.048224572684 0.996354047181 0.056508510096 0.045003905845 0.000281367579
0.015764416485 1.048225464189 0.996355892417 0.057075939961 0.045455785376 0.000287051115
0.015922851505 1.048226373667 0.996357774863 0.057649057671 0.045912193670 0.000292849447
0.016082878823 1.048227301482 0.996359695267 0.058227919934 0.046373175853 0.000298764892
0.016244514442 1.048228248000 0.996361654394 0.058812584017 0.046838777496 0.000304799819
0.016407774526 1.048229213600 0.996363653022 0.059403107746 0.047309044614 0.000310956637
0.016572675402 1.048230198664 0.996365691946 0.059999549514 0.047784023673 0.000317237809
0.016739233559 1.048231203584 0.996367771978 0.060601968288 0.048263761593 0.000323645846
0.016907465653 1.048232228759 0.996369893945 0.061210423610 0.048748305752 0.000330183308
0.017077388507 1.048233274597 0.996372058690 0.061824975603 0.049237703992 0.000336852811
0.017249019115 1.048234341513 0.996374267074 0.062445684982 0.049732004618 0.000343657021
0.017422374639 1.048235429931 0.996376519974 0.063072613050 0.050231256410 0.000350598659
0.017597472416 1.048236540283 0.996378818286 0.063705821712 0.050735508620 0.000357680498
0.017774329954 1.048237673011 0.996381162923 0.064345373477 0.051244810983 0.000364905370
0.017952964940 1.048238828563 0.996383554817 0.064991331461 0.051759213716 0.000372276164
0.018133395237 1.048240007399 0.996385994919 0.065643759399 0.052278767524 0.000379795824
0.018315638889 1.048241209987 0.996388484196 0.066302721643 0.052803523604 0.000387467360
0.018499714120 1.048242436804 0.996391023639 0.066968283173 0.053333533654 0.000395293837
0.018685639338 1.048243688336 0.996393614255 0.067640509602 0.053868849869 0.000403278381
0.018873433135 1.048244965080 0.996396257074 0.068319467179 0.054409524953 0.000411424187
0.019063114292 1.048246267543 0.996398953143 0.069005222797 0.054955612120 0.000419734511
0.019254701775 1.048247596241 0.996401703534 0.069697843999 0.055507165099 0.000428212673
0.019448214745 1.048248951702 0.996404509338 0.070397398983 0.056064238139 0.000436862063
0.019643672553 1.048250334461 0.996407371668 0.071103956608 0.056626886013 0.000445686138
0.019841094744 1.048251745068 0.996410291661 0.071817586398 0.057195164025 0.000454688425
0.020040501062 1.048253184082 0.996413270473 0.072538358552 0.057769128009 0.000463872523
0.020241911446 1.048254652073 0.996416309287 0.073266343948 0.058348834340 0.000473242103
0.020445346038 1.048256149622 0.996419409307 0.074001614147 0.058934339937 0.000482800907
0.020650825182 1.048257677322 0.996422571763 0.074744241403 0.059525702264 0.000492552761
0.020858369425 1.048259235779 0.996425797908 0.075494298665 0.060122979341 0.000502501556
0.021067999523 1.048260825610 0.996429089022 0.076251859586 0.060726229742 0.000512651275
0.021279736438 1.048262447443 0.996432446406 0.077016998528 0.061335512607 0.000523005969
0.021493601345 1.048264101921 0.996435871393 0.077789790568 0.061950887639 0.000533569780
0.021709615630 1.048265789699 0.996439365339 0.078570311507 0.062572415117 0.000544346927
0.021927800894 1.048267511443 0.996442929627 0.079358637869 0.063200155894 0.000555341719
0.022148178957 1.048269267836 0.996446565668 0.080154846918 0.063834171406 0.000566558549
0.022370771856 1.048271059570 0.996450274902 0.080959016654 0.064474523676 0.000578001900
0.022595601851 1.048272887356 0.996454058796 0.081771225825 0.065121275318 0.000589676344
0.022822691425 1.048274751915 0.996457918849 0.082591553934 0.065774489543 0.000601586548
0.023052063287 1.048276653983 0.996461856586 0.083420081241 0.066434230165 0.000613737270
0.023283740375 1.048278594313 0.996465873566 0.084256888775 0.067100561602 0.000626133367
0.023517745856 1.048280573671 0.996469971376 0.085102058333 0.067773548887 0.000638779789
0.023754103131 1.048282592837 0.996474151637 0.085955672496 0.068453257666 0.000651681593
0.023992835837 1.048284652609 0.996478416001 0.086817814628 0.069139754212 0.000664843931
0.024233967846 1.048286753800 0.996482766152 0.087688568884 0.069833105420 0.000678272066
0.024477523272 1.048288897238 0.996487203810 0.088568020221 0.070533378820 0.000691971359
0.024723526470 1.048291083770 0.996491730726 0.089456254397 0.071240642579 0.000705947286
0.024972002042 1.048293314256 0.996496348688 0.090353357986 0.071954965507 0.000720205430
0.025222974835 1.048295589577 0.996501059519 0.091259418378 0.072676417060 0.000734751487
0.025476469947 1.048297910629 0.996505865077 0.092174523789 0.073405067347 0.000749591270
0.025732512726 1.048300278325 0.996510767259 0.093098763266 0.074140987137 0.000764730706
0.025991128779 1.048302693599 0.996515767997 0.094032226695 0.074884247860 0.000780175845
0.026252343966 1.048305157401 0.996520869264 0.094975004808 0.075634921615 0.000795932854
0.026516184409 1.048307670701 0.996526073070 0.095927189189 0.076393081176 0.000812008030
0.026782676493 1.048310234488 0.996531381466 0.096888872279 0.077158799993 0.000828407793
0.027051846866 1.048312849769 0.996536796543 0.097860147386 0.077932152202 0.000845138695
0.027323722447 1.048315517573 0.996542320432 0.098841108690 0.078713212629 0.000862207418
0.027598330423 1.048318238948 0.996547955310 0.099831851250 0.079502056793 0.000879620780
0.027875698255 1.048321014964 0.996553703392 0.100832471011 0.080298760913 0.000897385736
0.028155853680 1.048323846711 0.996559566941 0.101843064810 0.081103401914 0.000915509382
0.028438824714 1.048326735300 0.996565548263 0.102863730384 0.081916057429 0.000933998955
0.028724639654 1.048329681864 0.996571649708 0.103894566376 0.082736805810 0.000952861841
0.029013327082 1.048332687560 0.996577873676 0.104935672343 0.083565726125 0.000972105573
0.029304915867 1.048335753566 0.996584222610 0.105987148760 0.084402898173 0.000991737834
0.029599435168 1.048338881083 0.996590699005 0.107049097030 0.085248402481 0.001011766466
0.029896914437 1.048342071338 0.996597305403 0.108121619489 0.086102320312 0.001032199466
0.030197383422 1.048345325578 0.996604044395 0.109204819413 0.086964733672 0.001053044994
0.030500872171 1.048348645079 0.996610918626 0.110298801026 0.087835725314 0.001074311372
0.030807411033 1.048352031138 0.996617930791 0.111403669504 0.088715378741 0.001096007092
0.031117030661 1.048355485081 0.996625083638 0.112519530986 0.089603778214 0.001118140817
0.031429762018 1.048359008256 0.996632379970 0.113646492576 0.090501008756 0.001140721383
0.031745636378 1.048362602041 0.996639822643 0.114784662352 0.091407156158 0.001163757805
0.032064685328 1.048366267840 0.996647414572 0.115934149375 0.092322306982 0.001187259280
0.032386940773 1.048370007082 0.996655158726 0.117095063690 0.093246548568 0.001211235189
0.032712434939 1.048373821227 0.996663058134 0.118267516338 0.094179969038 0.001235695104
0.033041200376 1.048377711762 0.996671115885 0.119451619361 0.095122657301 0.001260648789
0.033373269960 1.048381680203 0.996679335126 0.120647485807 0.096074703058 0.001286106202
0.033708676900 1.048385728096 0.996687719068 0.121855229737 0.097036196809 0.001312077507
0.034047454735 1.048389857018 0.996696270982 0.123074966233 0.098007229853 0.001338573067
0.034389637343 1.048394068573 0.996704994206 0.124306811404 0.098987894299 0.001365603458
0.034735258945 1.048398364401 0.996713892140 0.125550882390 0.099978283064 0.001393179466
0.035084354101 1.048402746170 0.996722968253 0.126807297374 0.100978489883 0.001421312096
0.035436957722 1.048407215583 0.996732226081 0.128076175579 0.101988609313 0.001450012575
0.035793105068 1.048411774374 0.996741669227 0.129357637285 0.103008736734 0.001479292355
0.036152831754 1.048416424313 0.996751301366 0.130651803826 0.104038968358 0.001509163117
0.036516173754 1.048421167200 0.996761126243 0.131958797602 0.105079401229 0.001539636781
0.036883167401 1.048426004875 0.996771147677 0.133278742083 0.106130133232 0.001570725503
0.037253849396 1.048430939211 0.996781369560 0.134611761814 0.107191263095 0.001602441687
0.037628256807 1.048435972115 0.996791795861 0.135957982421 0.108262890392 0.001634797984
0.038006427075 1.048441105535 0.996802430623 0.137317530620 0.109345115548 0.001667807301
0.038388398018 1.048446341454 0.996813277971 0.138690534216 0.110438039846 0.001701482805
0.038774207832 1.048451681893 0.996824342107 0.140077122116 0.111541765425 0.001735837927
0.039163895099 1.048457128913 0.996835627315 0.141477424330 0.112656395290 0.001770886369
0.039557498788 1.048462684614 0.996847137962 0.142891571977 0.113782033312 0.001806642108
0.039955058261 1.048468351136 0.996858878498 0.144319697290 0.114918784232 0.001843119402
0.040356613272 1.048474130660 0.996870853460 0.145761933622 0.116066753667 0.001880332798
0.040762203978 1.048480025409 0.996883067471 0.147218415452 0.117226048109 0.001918297133
0.041171870939 1.048486037649 0.996895525244 0.148689278387 0.118396774933 0.001957027543
0.041585655121 1.048492169688 0.996908231583 0.150174659166 0.119579042397 0.001996539469
0.042003597903 1.048498423879 0.996921191382 0.151674695670 0.120772959645 0.002036848662
0.042425741081 1.048504802619 0.996934409629 0.153189526920 0.121978636712 0.002077971190
0.042852126867 1.048511308352 0.996947891411 0.154719293086 0.123196184526 0.002119923445
0.043282797902 1.048517943566 0.996961641907 0.156264135488 0.124425714909 0.002162722146
0.043717797253 1.048524710798 0.996975666399 0.157824196600 0.125667340579 0.002206384350
0.044157168420 1.048531612634 0.996989970267 0.159399620056 0.126921175158 0.002250927456
0.044600955340 1.048538651705 0.997004558995 0.160990550650 0.128187333164 0.002296369214
0.045049202394 1.048545830696 0.997019438170 0.162597134342 0.129465930022 0.002342727730
0.045501954405 1.048553152340 0.997034613487 0.164219518260 0.130757082061 0.002390021472
0.045959256649 1.048560619423 0.997050090746 0.165857850702 0.132060906517 0.002438269280
0.046421154857 1.048568234781 0.997065875860 0.167512281140 0.133377521533 0.002487490375
0.046887695220 1.048576001306 0.997081974852 0.169182960220 0.134707046160 0.002537704361
0.047358924391 1.048583921943 0.997098393858 0.170870039767 0.136049600359 0.002588931236
0.047834889494 1.048591999691 0.997115139133 0.172573672784 0.137405305002 0.002641191401
0.048315638126 1.048600237607 0.997132217046 0.174294013456 0.138774281869 0.002694505666
0.048801218362 1.048608638803 0.997149634087 0.176031217148 0.140156653650 0.002748895258
0.049291678760 1.048617206450 0.997167396868 0.177785440408 0.141552543948 0.002804381831
0.049787068368 1.048625943778 0.997185512126 0.179556840967 0.142962077272 0.002860987473
0.050287436724 1.048634854077 0.997203986722 0.181345577741 0.144385379039 0.002918734716
0.050792833865 1.048643940696 0.997222827645 0.183151810825 0.145822575576 0.002977646543
0.051303310332 1.048653207048 0.997242042017 0.184975701502 0.147273794113 0.003037746398
0.051818917173 1.048662656608 0.997261637090 0.186817412231 0.148739162785 0.003099058197
0.052339705948 1.048672292914 0.997281620250 0.188677106655 0.150218810628 0.003161606335
0.052865728738 1.048682119571 0.997301999023 0.190554949595 0.151712867579 0.003225415694
0.053397038145 1.048692140249 0.997322781072 0.192451107048 0.153221464469 0.003290511658
0.053933687300 1.048702358683 0.997343974201 0.194365746185 0.154744733021 0.003356920118
0.054475729869 1.048712778678 0.997365586359 0.196299035347 0.156282805852 0.003424667484
0.055023220056 1.048723404110 0.997387625640 0.198251144045 0.157835816459 0.003493780696
0.055576212611 1.048734238921 0.997410100289 0.200222242952 0.159403899222 0.003564287233
0.056134762834 1.048745287127 0.997433018699 0.202212503899 0.160987189396 0.003636215125
0.056698926580 1.048756552817 0.997456389418 0.204222099874 0.162585823108 0.003709592964
0.057268760265 1.048768040150 0.997480221148 0.206251205011 0.164199937347 0.003784449912
0.057844320875 1.048779753365 0.997504522751 0.208299994587 0.165829669962 0.003860815719
0.058425665965 1.048791696771 0.997529303250 0.210368645017 0.167475159651 0.003938720726
0.059012853669 1.048803874759 0.997554571828 0.212457333842 0.169136545957 0.004018195886
0.059605942709 1.048816291794 0.997580337838 0.214566239726 0.170813969258 0.004099272767
0.060204992392 1.048828952422 0.997606610798 0.216695542443 0.172507570761 0.004181983570
0.060810062625 1.048841861271 0.997633400398 0.218845422872 0.174217492489 0.004266361143
0.061421213915 1.048855023047 0.997660716502 0.221016062984 0.175943877273 0.004352438986
0.062038507377 1.048868442541 0.997688569148 0.223207645833 0.177686868744 0.004440251272
0.062662004742 1.048882124628 0.997716968556 0.225420355545 0.179446611318 0.004529832857
0.063291768360 1.048896074267 0.997745925123 0.227654377303 0.181223250187 0.004621219293
0.063927861207 1.048910296502 0.997775449434 0.229909897340 0.183016931308 0.004714446841
0.064570346893 1.048924796467 0.997805552257 0.232187102919 0.184827801383 0.004809552488
0.065219289668 1.048939579384 0.997836244552 0.234486182321 0.186656007855 0.004906573960
0.065874754426 1.048954650563 0.997867537469 0.236807324830 0.188501698885 0.005005549736
0.066536806715 1.048970015405 0.997899442353 0.239150720717 0.190365023342 0.005106519061
0.067205512740 1.048985679406 0.997931970747 0.241516561222 0.192246130785 0.005209521965
0.067880939372 1.049001648152 0.997965134393 0.243905038535 0.194145171443 0.005314599278
0.068563154154 1.049017927325 0.997998945236 0.246316345779 0.196062296204 0.005421792641
0.069252225309 1.049034522702 0.998033415428 0.248750676988 0.197997656590 0.005531144529
0.069948221745 1.049051440156 0.998068557325 0.251208227086 0.199951404739 0.005642698260
0.070651213060 1.049068685660 0.998104383498 0.253689191864 0.201923693386 0.005756498017
0.071361269556 1.049086265283 0.998140906729 0.256193767959 0.203914675839 0.005872588866
0.072078462239 1.049104185197 0.998178140017 0.258722152826 0.205924505957 0.005991016765
0.072802862827 1.049122451673 0.998216096580 0.261274544714 0.207953338129 0.006111828592
0.073534543763 1.049141071085 0.998254789855 0.263851142640 0.210001327244 0.006235072155
0.074273578214 1.049160049913 0.998294233507 0.266452146357 0.212068628669 0.006360796216
0.075020040085 1.049179394736 0.998334441425 0.269077756327 0.214155398220 0.006489050503
0.075774004023 1.049199112244 0.998375427728 0.271728173691 0.216261792136 0.006619885738
0.076535545424 1.049219209229 0.998417206767 0.274403600233 0.218387967045 0.006753353646
0.077304740443 1.049239692595 0.998459793127 0.277104238348 0.220534079939 0.006889506985
0.078081666001 1.049260569351 0.998503201630 0.279830291005 0.222700288136 0.007028399557
0.078866399791 1.049281846616 0.998547447338 0.282581961715 0.224886749252 0.007170086234
0.079659020286 1.049303531622 0.998592545553 0.285359454485 0.227093621161 0.007314622978
0.080459606750 1.049325631709 0.998638511823 0.288162973782 0.229321061962 0.007462066859
0.081268239241 1.049348154331 0.998685361942 0.290992724493 0.231569229941 0.007612476081
0.082084998624 1.049371107055 0.998733111952 0.293848911875 0.233838283530 0.007765910003
0.082909966575 1.049394497560 0.998781778147 0.296731741516 0.236128381267 0.007922429157
0.083743225592 1.049418333641 0.998831377073 0.299641419285 0.238439681754 0.008082095277
0.084584859002 1.049442623208 0.998881925532 0.302578151280 0.240772343612 0.008244971318
0.085434950967 1.049467374286 0.998933440583 0.305542143782 0.243126525436 0.008411121482
0.086293586499 1.049492595018 0.998985939542 0.308533603199 0.245502385746 0.008580611241
0.087160851462 1.049518293661 0.999039439989 0.311552736008 0.247900082939 0.008753507361
0.088036832582 1.049544478592 0.999093959764 0.314599748705 0.250319775235 0.008929877928
0.088921617459 1.049571158303 0.999149516972 0.317674847738 0.252761620627 0.009109792374
0.089815294572 1.049598341407 0.999206129985 0.320778239446 0.255225776824 0.009293321502
0.090717953289 1.049626036633 0.999263817439 0.323910130001 0.257712401193 0.009480537511
0.091629683878 1.049654252830 0.999322598239 0.327070725334 0.260221650702 0.009671514025
0.092550577510 1.049682998963 0.999382491562 0.330260231068 0.262753681854 0.009866326120
0.093480726278 1.049712284117 0.999443516851 0.333478852449 0.265308650627 0.010065050351
0.094420223196 1.049742117497 0.999505693823 0.336726794267 0.267886712407 0.010267764781
0.095369162216 1.049772508422 0.999569042465 0.340004260784 0.270488021918 0.010474549009
0.096327638230 1.049803466331 0.999633583036 0.343311455650 0.273112733153 0.010685484201
0.097295747090 1.049835000783 0.999699336069 0.346648581823 0.275760999297 0.010900653117
0.098273585604 1.049867121448 0.999766322366 0.350015841481 0.278432972656 0.011120140145
0.099261251560 1.049899838116 0.999834563005 0.353413435937 0.281128804573 0.011344031328
0.100258843723 1.049933160692 0.999904079331 0.356841565542 0.283848645352 0.011572414400
0.101266461854 1.049967099195 0.999974892964 0.360300429597 0.286592644168 0.011805378813
0.102284206716 1.050001663755 1.000047025793 0.363790226247 0.289360948985 0.012043015773
0.103312180083 1.050036864617 1.000120499975 0.367311152386 0.292153706461 0.012285418273
0.104350484755 1.050072712136 1.000195337935 0.370863403549 0.294971061860 0.012532681124
0.105399224562 1.050109216773 1.000271562363 0.374447173804 0.297813158950 0.012784900994
0.106458504379 1.050146389100 1.000349196215 0.378062655638 0.300680139910 0.013042176437
0.107528430136 1.050184239792 1.000428262705 0.381710039846 0.303572145221 0.013304607932
0.108609108825 1.050222779627 1.000508785308 0.385389515406 0.306489313564 0.013572297920
0.109700648516 1.050262019484 1.000590787753 0.389101269357 0.309431781709 0.013845350838
0.110803158362 1.050301970339 1.000674294022 0.392845486673 0.312399684401 0.014123873158
0.111916748617 1.050342643264 1.000759328344 0.396622350129 0.315393154245 0.014407973423
0.113041530640 1.050384049424 1.000845915192 0.400432040167 0.318412321582 0.014697762289
0.114177616911 1.050426200070 1.000934079276 0.404274734753 0.321457314369 0.014993352559
0.115325121038 1.050469106540 1.001023845544 0.408150609232 0.324528258046 0.015294859229
0.116484157773 1.050512780253 1.001115239166 0.412059836181 0.327625275408 0.015602399521
0.117654843022 1.050557232704 1.001208285539 0.416002585255 0.330748486462 0.015916092933
0.118837293852 1.050602475460 1.001303010270 0.419979023023 0.333898008293 0.016236061272
0.120031628511 1.050648520157 1.001399439176 0.423989312809 0.337073954913 0.016562428703
0.121237966433 1.050695378493 1.001497598272 0.428033614521 0.340276437116 0.016895321788
0.122456428253 1.050743062222 1.001597513763 0.432112084476 0.343505562318 0.017234869530
0.123687135817 1.050791583148 1.001699212038 0.436224875221 0.346761434402 0.017581203422
0.124930212199 1.050840953123 1.001802719654 0.440372135349 0.350044153551 0.017934457485
0.126185781705 1.050891184034 1.001908063329 0.444554009307 0.353353816081 0.018294768320
0.127453969895 1.050942287798 1.002015269930 0.448770637199 0.356690514265 0.018662275151
0.128734903588 1.050994276358 1.002124366463 0.453022154587 0.360054336156 0.019037119872
0.130028710878 1.051047161670 1.002235380054 0.457308692279 0.363445365399 0.019419447097
0.131335521148 1.051100955697 1.002348337940 0.461630376115 0.366863681043 0.019809404208
0.132655465080 1.051155670398 1.002463267452 0.465987326752 0.370309357345 0.020207141403
0.133988674669 1.051211317723 1.002580196001 0.470379659429 0.373782463567 0.020612811747
0.135335283237 1.051267909597 1.002699151058 0.474807483739 0.377283063769 0.021026571221
0.136695425446 1.051325457912 1.002820160140 0.479270903388 0.380811216597 0.021448578777
0.138069237311 1.051383974516 1.002943250785 0.483770015945 0.384366975061 0.021878996386
0.139456856215 1.051443471202 1.003068450540 0.488304912593 0.387950386311 0.022317989094
0.140858420921 1.051503959691 1.003195786933 0.492875677864 0.391561491403 0.022765725072
0.142274071587 1.051565451623 1.003325287453 0.497482389373 0.395200325063 0.023222375675
0.143703949778 1.051627958543 1.003456979525 0.502125117541 0.398866915438 0.023688115493
0.145148198484 1.051691491881 1.003590890488 0.506803925311 0.402561283843 0.024163122405
0.146606962130 1.051756062943 1.003727047565 0.511518867860 0.406283444507 0.024647577643
0.148080386595 1.051821682890 1.003865477834 0.516269992297 0.410033404301 0.025141665839
0.149568619223 1.051888362725 1.004006208203 0.521057337358 0.413811162465 0.025645575091
0.151071808836 1.051956113268 1.004149265375 0.525880933092 0.417616710329 0.026159497015
0.152590105757 1.052024945144 1.004294675815 0.530740800532 0.421450031021 0.026683626809
0.154123661815 1.052094868759 1.004442465719 0.535636951373 0.425311099174 0.027218163309
0.155672630368 1.052165894282 1.004592660974 0.540569387620 0.429199880616 0.027763309051
0.157237166314 1.052238031616 1.004745287118 0.545538101251 0.433116332064 0.028319270331
0.158817426107 1.052311290386 1.004900369308 0.550543073847 0.437060400796 0.028886257265
0.160413567775 1.052385679904 1.005057932268 0.555584276235 0.441032024329 0.029464483857
0.162025750934 1.052461209148 1.005218000249 0.560661668105 0.445031130076 0.030054168052
0.163654136803 1.052537886738 1.005380596985 0.565775197627 0.449057634999 0.030655531809
0.165298888222 1.052615720904 1.005545745637 0.570924801057 0.453111445260 0.031268801158
0.166960169667 1.052694719456 1.005713468751 0.576110402330 0.457192455851 0.031894206267
0.168638147269 1.052774889757 1.005883788194 0.581331912644 0.461300550223 0.032531981505
0.170332988825 1.052856238690 1.006056725104 0.586589230042 0.465435599903 0.033182365509
0.172044863823 1.052938772622 1.006232299833 0.591882238970 0.469597464102 0.033845601250
0.173773943450 1.053022497369 1.006410531876 0.597210809838 0.473785989314 0.034521936096
0.175520400617 1.053107418164 1.006591439816 0.602574798563 0.478001008906 0.035211621879
0.177284409970 1.053193539614 1.006775041250 0.607974046102 0.482242342694 0.035914914965
0.179066147911 1.053280865659 1.006961352721 0.613408377981 0.486509796516 0.036632076319
0.180865792617 1.053369399534 1.007150389643 0.618877603804 0.490803161787 0.037363371568
0.182683524053 1.053459143723 1.007342166221 0.624381516760 0.495122215051 0.038109071076
0.184519523993 1.053550099913 1.007536695376 0.629919893113 0.499466717518 0.038869450004
0.186373976039 1.053642268949 1.007733988653 0.635492491683 0.503836414595 0.039644788386
0.188247065639 1.053735650777 1.007934056137 0.641099053320 0.508231035397 0.040435371186
0.190138980102 1.053830244403 1.008136906362 0.646739300360 0.512650292262 0.041241488374
0.192049908621 1.053926047827 1.008342546208 0.652412936077 0.517093880242 0.042063434993
0.193980042291 1.054023057997 1.008550980807 0.658119644118 0.521561476590 0.042901511219
0.195929574127 1.054121270741 1.008762213436 0.663859087931 0.526052740233 0.043756022438
0.197898699084 1.054220680712 1.008976245404 0.669630910181 0.530567311240 0.044627279305
0.199887614075 1.054321281321 1.009193075943 0.675434732154 0.535104810268 0.045515597814
0.201896517995 1.054423064671 1.009412702086 0.681270153149 0.539664838010 0.046421299364
0.203925611734 1.054526021486 1.009635118542 0.687136749864 0.544246974620 0.047344710821
0.205975098205 1.054630141041 1.009860317569 0.693034075765 0.548850779135 0.048286164588
0.208045182357 1.054735411086 1.010088288838 0.698961660447 0.553475788883 0.049245998665
0.210136071201 1.054841817766 1.010319019293 0.704919008985 0.558121518878 0.050224556711
0.212247973827 1.054949345539 1.010552493004 0.710905601272 0.562787461208 0.051222188110
0.214381101427 1.055057977096 1.010788691017 0.716920891350 0.567473084410 0.052239248029
0.216535667316 1.055167693266 1.011027591193 0.722964306723 0.572177832830 0.053276097478
0.218711886952 1.055278472928 1.011269168046 0.729035247674 0.576901125978 0.054333103366
0.220909977959 1.055390292915 1.011513392570 0.735133086554 0.581642357873 0.055410638563
0.223130160148 1.055503127914 1.011760232062 0.741257167078 0.586400896368 0.056509081949
0.225372655539 1.055616950363 1.012009649936 0.747406803598 0.591176082473 0.057628818470
0.227637688384 1.055731730344 1.012261605531 0.753581280378 0.595967229667 0.058770239187
0.229925485187 1.055847435472 1.012516053913 0.759779850850 0.600773623193 0.059933741329
0.232236274730 1.055964030778 1.012772945665 0.766001736873 0.605594519353 0.061119728332
0.234570288094 1.056081478592 1.013032226670 0.772246127970 0.610429144783 0.062328609888
0.236927758682 1.056199738413 1.013293837892 0.778512180569 0.615276695725 0.063560801984
0.239308922244 1.056318766785 1.013557715140 0.784799017235 0.620136337288 0.064816726939
0.241714016897 1.056438517161 1.013823788829 0.791105725886 0.625007202697 0.066096813440
0.244143283153 1.056558939763 1.014091983728 0.797431359019 0.629888392543 0.067401496570
0.246596963942 1.056679981438 1.014362218700 0.803774932912 0.634778974009 0.068731217835
0.249075304632 1.056801585509 1.014634406438 0.810135426838 0.639677980104 0.070086425191
0.251578553060 1.056923691620 1.014908453180 0.816511782266 0.644584408881 0.071467573056
0.254106959553 1.057046235573 1.015184258424 0.822902902058 0.649497222648 0.072875122329
0.256660776954 1.057169149165 1.015461714626 0.829307649668 0.654415347179 0.074309540392
0.259240260646 1.057292360014 1.015740706894 0.835724848336 0.659337670913 0.075771301120
0.261845668580 1.057415791381 1.016021112662 0.842153280285 0.664263044150 0.077260884875
0.264477261300 1.057539361981 1.016302801362 0.848591685913 0.669190278247 0.078778778496
0.267135301966 1.057662985801 1.016585634075 0.855038762991 0.674118144802 0.080325475286
0.269820056385 1.057786571891 1.016869463182 0.861493165863 0.679045374844 0.081901474986
0.272531793034 1.057910024168 1.017154131989 0.867953504644 0.683970658019 0.083507283751
0.275270783090 1.058033241199 1.017439474351 0.874418344435 0.688892641769 0.085143414108
0.278037300453 1.058156115986 1.017725314276 0.880886204529 0.693809930521 0.086810384911
0.280831621778 1.058278535738 1.018011465522 0.887355557640 0.698721084872 0.088508721288
0.283654026500 1.058400381635 1.018297731171 0.893824829129 0.703624620774 0.090238954574
0.286504796860 1.058521528593 1.018583903201 0.900292396249 0.708519008732 0.092001622240
0.289384217939 1.058641845006 1.018869762036 0.906756587400 0.713402672994 0.093797267810
0.292292577681 1.058761192499 1.019155076084 0.913215681397 0.718273990762 0.095626440762
0.295230166924 1.058879425653 1.019439601258 0.919667906756 0.723131291397 0.097489696421
0.298197279430 1.058996391738 1.019723080490 0.926111440996 0.727972855643 0.099387595845
0.301194211912 1.059111930428 1.020005243218 0.932544409968 0.732796914860 0.101320705687
0.304221264067 1.059225873508 1.020285804865 0.938964887198 0.737601650266 0.103289598054
0.307278738601 1.059338044579 1.020564466304 0.945370893259 0.742385192201 0.105294850343
0.310366941265 1.059448258744 1.020840913300 0.951760395169 0.747145619396 0.107337045068
0.313486180883 1.059556322293 1.021114815941 0.958131305823 0.751880958276 0.109416769669
0.316636769379 1.059662032374 1.021385828049 0.964481483452 0.756589182270 0.111534616299
0.319819021816 1.059765176657 1.021653586579 0.970808731115 0.761268211151 0.113691181607
0.323033256422 1.059865532986 1.021917710994 0.977110796240 0.765915910400 0.115887066485
0.326279794623 1.059962869023 1.022177802632 0.983385370192 0.770530090597 0.118122875810
0.329558961075 1.060056941884 1.022433444042 0.989630087897 0.775108506845 0.120399218157
0.332871083698 1.060147497756 1.022684198321 0.995842527503 0.779648858222 0.122716705493
0.336216493707 1.060234271521 1.022929608413 1.002020210101 0.784148787275 0.125075952850
0.339595525645 1.060316986349 1.023169196407 1.008160599490 0.788605879547 0.127477577973
0.343008517419 1.060395353297 1.023402462807 1.014261102011 0.793017663153 0.129922200941
0.346455810330 1.060469070892 1.023628885787 1.020319066431 0.797381608391 0.132410443769
0.349937749111 1.060537824699 1.023847920429 1.026331783898 0.801695127413 0.134942929973
0.353454681959 1.060601286889 1.024058997941 1.032296487969 0.805955573940 0.137520284116
0.357006960569 1.060659115783 1.024261524861 1.038210354700 0.810160243035 0.140143131318
0.360594940173 1.060710955403 1.024454882234 1.044070502825 0.814306370935 0.142812096738
0.364218979572 1.060756434995 1.024638424781 1.049873994011 0.818391134950 0.145527805025
0.367879441171 1.060795168550 1.024811480049 1.055617833199 0.822411653420 0.148290879728
0.371576691022 1.060826754319 1.024973347535 1.061298969037 0.826364985758 0.151101942682
0.375311098851 1.060850774311 1.025123297801 1.066914294413 0.830248132551 0.153961613348
0.379083038103 1.060866793782 1.025260571573 1.072460647079 0.834058035757 0.156870508117
0.382892885975 1.060874360715 1.025384378816 1.077934810389 0.837791578981 0.159829239580
0.386741023455 1.060873005295 1.025493897800 1.083333514144 0.841445587837 0.162838415746
0.390627835359 1.060862239364 1.025588274147 1.088653435553 0.845016830408 0.165898639226
0.394553710372 1.060841555881 1.025666619862 1.093891200317 0.848502017809 0.169010506368
0.398519041085 1.060810428359 1.025728012356 1.099043383832 0.851897804852 0.172174606347
0.402524224034 1.060768310304 1.025771493445 1.104106512536 0.855200790814 0.175391520203
0.406569659741 1.060714634644 1.025796068347 1.109077065382 0.858407520337 0.178661819838
0.410655752752 1.060648813142 1.025800704660 1.113951475461 0.861514484432 0.181986066948
0.414782911682 1.060570235818 1.025784331335 1.118726131766 0.864518121622 0.185364811912
0.418951549248 1.060478270347 1.025745837632 1.123397381120 0.867414819211 0.188798592621
0.423162082318 1.060372261468 1.025684072072 1.127961530252 0.870200914694 0.192287933251
0.427414931949 1.060251530373 1.025597841386 1.132414848049 0.872872697316 0.195833342972
0.431710523429 1.060115374102 1.025485909451 1.136753567972 0.875426409770 0.199435314603
0.436049286322 1.059963064931 1.025346996225 1.140973890647 0.877858250066 0.203094323199
0.440431654506 1.059793849754 1.025179776685 1.145071986646 0.880164373551 0.206810824571
0.444858066223 1.059606949475 1.024982879752 1.149043999447 0.882340895110 0.210585253745
0.449328964117 1.059401558380 1.024754887234 1.152886048590 0.884383891530 0.214418023346
0.453844795282 1.059176843534 1.024494332759 1.156594233027 0.886289404058 0.218309521916
0.458406011305 1.058931944155 1.024199700726 1.160164634684 0.888053441141 0.222260112153
0.463013068311 1.058665971014 1.023869425253 1.163593322219 0.889671981360 0.226270129083
0.467666427010 1.058378005821 1.023501889148 1.166876354996 0.891140976569 0.230339878153
0.472366552741 1.058067100630 1.023095422885 1.170009787281 0.892456355240 0.234469633239
0.477113915521 1.057732277246 1.022648303607 1.172989672649 0.893614026016 0.238659634587
0.481908990090 1.057372526642 1.022158754142 1.175812068619 0.894609881496 0.242910086663
0.486752255960 1.056986808391 1.021624942044 1.178473041518 0.895439802229 0.247221155924
0.491644197461 1.056574050107 1.021044978672 1.180968671573 0.896099660951 0.251592968508
0.496585303791 1.056133146904 1.020416918285 1.183295058230 0.896585327056 0.256025607832
0.501576069066 1.055662960873 1.019738757190 1.185448325719 0.896892671301 0.260519112113
0.506616992366 1.055162320577 1.019008432915 1.187424628840 0.897017570769 0.265073471793
0.511708577787 1.054630020576 1.018223823441 1.189220158999 0.896955914071 0.269688626884
0.516851334492 1.054064820965 1.017382746476 1.190831150464 0.896703606815 0.274364464223
0.522045776761 1.053465446955 1.016482958787 1.192253886871 0.896256577322 0.279100814636
0.527292424043 1.052830588468 1.015522155591 1.193484707954 0.895610782614 0.283897450018
0.532591801007 1.052158899788 1.014497970016 1.194520016506 0.894762214659 0.288754080326
0.537944437595 1.051448999226 1.013407972633 1.195356285570 0.893706906889 0.293670350481
0.543350869074 1.050699468846 1.012249671062 1.195990065854 0.892440940980 0.298645837185
0.548811636094 1.049908854223 1.011020509673 1.196417993357 0.890960453909 0.303680045661
0.554327284735 1.049075664254 1.009717869371 1.196636797208 0.889261645274 0.308772406301
0.559898366565 1.048198371020 1.008339067481 1.196643307713 0.887340784885 0.313922271239
0.565525438700 1.047275409708 1.006881357746 1.196434464586 0.885194220617 0.319128910847
0.571209063849 1.046305178588 1.005341930429 1.196007325369 0.882818386536 0.324391510152
0.576949810380 1.045286039058 1.003717912546 1.195359074017 0.880209811280 0.329709165193
0.582748252374 1.044216315755 1.002006368225 1.194487029651 0.877365126688 0.335080879298
0.588604969678 1.043094296750 1.000204299205 1.193388655438 0.874281076695 0.340505559318
0.594520547970 1.041918233809 0.998308645482 1.192061567605 0.870954526450 0.345982011787
0.600495578812 1.040686342745 0.996316286114 1.190503544562 0.867382471683 0.351508939052
0.606530659713 1.039396803863 0.994224040187 1.188712536105 0.863562048283 0.357084935345
0.612626394184 1.038047762488 0.992028667962 1.186686672687 0.859490542093 0.362708482841
0.618783391806 1.036637329609 0.989726872204 1.184424274725 0.855165398904 0.368377947674
0.625002268283 1.035163582611 0.987315299710 1.181923861930 0.850584234623 0.374091575952
0.631283645507 1.033624566136 0.984790543035 1.179184162614 0.845744845617 0.379847489761
0.637628151622 1.032018293046 0.982149142443 1.176204122957 0.840645219199 0.385643683185
0.644036421083 1.030342745520 0.979387588078 1.172982916198 0.835283544238 0.391478018342
0.650509094723 1.028595876274 0.976502322374 1.169519951714 0.829658221875 0.397348221460
0.657046819815 1.026775609921 0.973489742713 1.165814883955 0.823767876320 0.403251878999
0.663650250136 1.024879844466 0.970346204342 1.161867621187 0.817611365693 0.409186433850
0.670320046036 1.022906452955 0.967068023557 1.157678334016 0.811187792898 0.415149181609
0.677056874498 1.020853285273 0.963651481172 1.153247463637 0.804496516473 0.421137266962
0.683861409212 1.018718170105 0.960092826270 1.148575729769 0.797537161411 0.427147680191
0.690734330637 1.016498917062 0.956388280267 1.143664138230 0.790309629889 0.433177253830
0.697676326071 1.014193318972 0.952534041278 1.138513988099 0.782814111888 0.439222659483
0.704688089719 1.011799154363 0.948526288811 1.133126878414 0.775051095641 0.445280404847
0.711770322763 1.009314190115 0.944361188791 1.127504714361 0.767021377889 0.451346830942
0.718923733432 1.006736184304 0.940034898927 1.121649712884 0.758726073874 0.457418109595
0.726149037074 1.004062889249 0.935543574427 1.115564407679 0.750166627043 0.463490241200
0.733446956224 1.001292054746 0.930883374079 1.109251653492 0.741344818388 0.469559052775
0.740818220682 0.998421431508 0.926050466692 1.102714629690 0.732262775391 0.475620196366
0.748263567579 0.995448774820 0.921041037916 1.095956843013 0.722922980504 0.481669147817
0.755783741456 0.992371848398 0.915851297449 1.088982129479 0.713328279103 0.487701205935
0.763379494337 0.989188428461 0.910477486620 1.081794655359 0.703481886867 0.493711492113
0.771051585804 0.985896308029 0.904915886376 1.074398917164 0.693387396511 0.499694950408
0.778800783071 0.982493301432 0.899162825660 1.066799740601 0.683048783805 0.505646348145
0.786627861067 0.978977249043 0.893214690191 1.059002278413 0.672470412826 0.511560277072
0.794533602503 0.975346022232 0.887067931638 1.051012007068 0.661657040355 0.517431155100
0.802518797962 0.971597528542 0.880719077208 1.042834722218 0.650613819374 0.523253228683
0.810584245970 0.967729717081 0.874164739617 1.034476532901 0.639346301565 0.529020575862
0.818730753078 0.963740584136 0.867401627469 1.025943854402 0.627860438771 0.534727110031
0.826959133943 0.959628178996 0.860426556020 1.017243399755 0.616162583317 0.540366584452
0.835270211411 0.955390609991 0.853236458327 1.008382169819 0.604259487145 0.545932597565
0.843664816596 0.951026050726 0.845828396776 0.999367441902 0.592158299681 0.551418599137
0.852143788966 0.946532746521 0.838199574965 0.990206756893 0.579866564363 0.556817897291
0.860707976425 0.941909021032 0.830347349948 0.980907904868 0.567392213771 0.562123666438
0.869358235399 0.937153283051 0.822269244804 0.971478909167 0.554743563289 0.567328956173
0.878095430921 0.932264033475 0.813962961527 0.961928008904 0.541929303231 0.572426701152
0.886920436717 0.927239872422 0.805426394214 0.952263639924 0.528958489387 0.577409731992
0.895834135297 0.922079506491 0.796657642510 0.942494414194 0.515840531918 0.582270787219
0.904837418036 0.916781756133 0.787655025313 0.932629097664 0.502585182562 0.587002526301
0.913931185271 0.911345563130 0.778417094682 0.922676586597 0.489202520102 0.591597543771
0.923116346387 0.905769998150 0.768942649924 0.912645882421 0.475702934061 0.596048384481
0.932393819906 0.900054268357 0.759230751828 0.902546065151 0.462097106590 0.600347559985
0.941764533584 0.894197725054 0.749280737001 0.892386265436 0.448395992541 0.604487566059
0.951229424501 0.888199871325 0.739092232260 0.882175635314 0.434610797694 0.608460901376
0.960789439152 0.882060369651 0.728665169036 0.871923317761 0.420752955154 0.612260087310
0.970445533549 0.875779049469 0.717999797740 0.861638415148 0.406834099917 0.615877688870
0.980198673307 0.869355914629 0.707096702038 0.851329956719 0.392866041638 0.619306336740
0.990049833749 0.862791150724 0.695956812964 0.841006865243 0.378860735625 0.622538750391
1.000000000000 0.856085132252 0.684581422832 0.830677922978 0.364830252122 0.625567762229
1.010050167084 0.849238429557 0.672972198858 0.820351737141 0.350786743934 0.628386342728
1.020201340027 0.842251815519 0.661131196444 0.810036705052 0.336742412488 0.630987626486
1.030454533954 0.835126271942 0.649060872032 0.799740979189 0.322709472425 0.633364939127
1.040810774192 0.827862995586 0.636764095470 0.789472432343 0.308700114831 0.635511824973
1.051271096376 0.820463403806 0.624244161805 0.779238623148 0.294726469266 0.637422075369
1.061836546545 0.812929139733 0.611504802411 0.769046762224 0.280800564719 0.639089757576
1.072508181254 0.805262076952 0.598550195389 0.758903679204 0.266934289682 0.640509244070
1.083287067675 0.797464323623 0.585384975137 0.748815790951 0.253139351543 0.641675242142
1.094174283705 0.789538225984 0.572014241005 0.738789071231 0.239427235495 0.642582823616
1.105170918076 0.781486371181 0.558443564950 0.728829022185 0.225809163212 0.643227454531
1.116278070459 0.773311589381 0.544678998094 0.718940647895 0.212296051559 0.643605024594
1.127496851579 0.765016955086 0.530727076095 0.709128430367 0.198898471583 0.643711876210
1.138828383325 0.756605787622 0.516594823246 0.699396308279 0.185626608121 0.643544832871
1.150273798857 0.748081650723 0.502289755201 0.689747658796 0.172490220308 0.643101226685
1.161834242728 0.739448351175 0.487819880237 0.680185282785 0.159498603338 0.642378924795
1.173510870992 0.730709936449 0.473193698981 0.670711393758 0.146660551822 0.641376354449
1.185304851320 0.721870691300 0.458420202489 0.661327610830 0.133984325105 0.640092526454
1.197217363122 0.712935133260 0.443508868619 0.652034955996 0.121477614910 0.638527056742
1.209249597657 0.703908007002 0.428469656604 0.642833855988 0.109147515714 0.636680185785
1.221402758160 0.694794277527 0.413312999757 0.633724148961 0.097000498213 0.634552795564
1.233678059957 0.685599122151 0.398049796238 0.624705096224 0.085042386300 0.632146423819
1.246076730587 0.676327921260 0.382691397823 0.615775399186 0.073278337921 0.629463275302
1.258600009929 0.666986247817 0.367249596624 0.606933221654 0.061712830211 0.626506229750
1.271249150321 0.657579855613 0.351736609706 0.598176217580 0.050349649263 0.623278846314
1.284025416688 0.648114666259 0.336165061575 0.589501564278 0.039191884909 0.619785364190
1.296930086666 0.638596754925 0.320547964506 0.580906001094 0.028241930827 0.616030699213
1.309964450733 0.629032334843 0.304898696704 0.572385873438 0.017501490296 0.612020436186
1.323129812337 0.619427740615 0.289230978283 0.563937182021 0.006971587856 0.607760816770
1.336427488025 0.609789410351 0.273558845092 0.555555637058 -0.003347412881 0.603258722749
1.349858807576 0.600123866701 0.257896620404 0.547236717132 -0.013455785102 0.598521654561
1.363425114132 0.590437696846 0.242258884508 0.538975732322 -0.023354408207 0.593557705007
1.377127764336 0.580737531533 0.226660442264 0.530767891111 -0.033044730706 0.588375528083
1.390968128464 0.571030023242 0.211116288698 0.522608370523 -0.042528726607 0.582984302972
1.404947590564 0.561321823598 0.195641572714 0.514492388820 -0.051808845377 0.577393693244
1.419067548593 0.551619560162 0.180251559038 0.506415280029 -0.060887955636 0.571613801405
1.433329414560 0.541929812723 0.164961588521 0.498372569483 -0.069769282847 0.565655118984
1.447734614663 0.532259089266 0.149787036932 0.490360049466 -0.078456341352 0.559528472441
1.462284589434 0.522613801768 0.134743272406 0.482373853985 -0.086952861200 0.553244965208
1.476980793883 0.513000242013 0.119845611727 0.474410531643 -0.095262710343 0.546815916308
1.491824697641 0.503424557628 0.105109275622 0.466467115500 -0.103389812842 0.540252796028
1.506817785113 0.493892728528 0.090549343298 0.458541188783 -0.111338063875 0.533567159219
1.521961555619 0.484410544013 0.076180706423 0.450630945288 -0.119111242432 0.526770576875
1.537257523548 0.474983580724 0.062018022809 0.442735243269 -0.126712922681 0.519874566710
1.552707218511 0.465617181705 0.048075670032 0.434853651644 -0.134146385112 0.512890523527
1.568312185490 0.456316436798 0.034367699258 0.426986487372 -0.141414528647 0.505829650232
1.584073984994 0.447086164619 0.020907789551 0.419134842874 -0.148519785015 0.498702890413
1.599994193217 0.437930896356 0.007709202935 0.411300602486 -0.155464036743 0.491520863433
1.616074402193 0.428854861611 -0.005215259494 0.403486446998 -0.162248540204 0.484293803046
1.632316219955 0.419861976527 -0.017853300137 0.395695845476 -0.168873855203 0.477031500532
1.648721270700 0.410955834396 -0.030193165825 0.387933033713 -0.175339782607 0.469743253383
1.665291194946 0.402139698973 -0.042223686849 0.380202978828 -0.181645311536 0.462437820543
1.682027649699 0.393416500640 -0.053934313808 0.372511329773 -0.187788577627 0.455123385152
1.698932308619 0.384788835601 -0.065315151975 0.364864353696 -0.193766833810 0.447807525727
1.716006862185 0.376258968212 -0.076356992951 0.357268858419 -0.199576434986 0.440497196582
1.733253017867 0.367828836544 -0.087051343330 0.349732101530 -0.205212837871 0.433198718226
1.750672500296 0.359500061223 -0.097390450163 0.342261686928 -0.210670617134 0.425917778300
1.768267051434 0.351273957560 -0.107367322998 0.334865449946 -0.215943498766 0.418659443489
1.786038430750 0.343151550915 -0.116975752316 0.327551332516 -0.221024411414 0.411428182630
1.803988415398 0.335133595224 -0.126210324194 0.320327250158 -0.225905556144 0.404227901047
1.822118800391 0.327220594521 -0.135066431076 0.313200952918 -0.230578494816 0.397061985865
1.840431398782 0.319412827264 -0.143540278537 0.306179882638 -0.235034256913 0.389933361860
1.858928041846 0.311710373201 -0.151628887995 0.299271029283 -0.239263464327 0.382844557048
1.877610579264 0.304113142444 -0.159330095318 0.292480789254 -0.243256473184 0.375797776993
1.896480879305 0.296620906384 -0.166642545364 0.285814828848 -0.247003531421 0.368794986467
1.915540829014 0.289233330001 -0.173565682480 0.279277956165 -0.250494950345 0.361837996834
1.934792334402 0.281950005070 -0.180099737065 0.272874004857 -0.253721288024 0.354928557203
1.954237320636 0.274770483729 -0.186245708332 0.266605733128 -0.256673541863 0.348068447155
1.973877732230 0.267694311817 -0.192005343425 0.260474741303 -0.259343347336 0.341259568563
1.993715533243 0.260721061355 -0.197381113132 0.254481411152 -0.261723179402 0.334504033853
2.013752707470 0.253850361517 -0.202376184432 0.248624869837 -0.263806552786 0.327804247838
2.033991258647 0.247081927430 -0.206994390171 0.242902981046 -0.265588216959 0.321162980204
2.054433210644 0.240415586126 -0.211240196220 0.237312365317 -0.267064341409 0.314583425637
2.075080607674 0.233851298991 -0.215118666455 0.231848451036 -0.268232686595 0.308069248667
2.095935514494 0.227389180069 -0.218635425977 0.226505556861 -0.269092755895 0.301624610414
2.117000016613 0.221029509646 -0.221796622996 0.221277005538 -0.269645923864 0.295254174657
2.138276220497 0.214772742582 -0.224608889827 0.216155268227 -0.269895536257 0.288963091005
2.159766253785 0.208619510944 -0.227079303474 0.211132137480 -0.269846977539 0.282756953375
2.181472265498 0.202570620604 -0.229215346284 0.206198926064 -0.269507702016 0.276641732572
2.203396426256 0.196627041565 -0.231024867165 0.201346687786 -0.268887225255 0.270623682409
2.225540928492 0.190789891934 -0.232516043863 0.196566455510 -0.267997073185 0.264709219618
2.247907986676 0.185060415603 -0.233697346789 0.191849490586 -0.266850687130 0.258904778641
2.270499837532 0.179439953858 -0.234577504858 0.187187537054 -0.265463283980 0.253216643351
2.293318740264 0.173929911326 -0.235165473805 0.182573073255 -0.263851671886 0.247650758758
2.316366976781 0.168531716848 -0.235470407378 0.177999552892 -0.262034023055 0.242212526769
2.339646851926 0.163246780038 -0.235501631792 0.173461627231 -0.260029606560 0.236906591111
2.363160693706 0.158076444494 -0.235268623744 0.168955340000 -0.257858485474 0.231736617502
2.386910853524 0.153021938774 -0.234780992253 0.164478286731 -0.255541183988 0.226705076044
2.410899706417 0.148084326438 -0.234048464468 0.160029730765 -0.253098331585 0.221813033615
2.435129651290 0.143264456550 -0.233080875537 0.155610668949 -0.250550292590 0.217059964583
2.459603111157 0.138562916193 -0.231888162466 0.151223841248 -0.247916790592 0.212443588578
2.484322533385 0.133979986564 -0.230480361843 0.146873679997 -0.245216538177 0.207959744126
2.509290389936 0.129515604286 -0.228867611095 0.142566196381 -0.242466883144 0.203602306747
2.534509177618 0.125169329523 -0.227060152854 0.138308803860 -0.239683482730 0.199363159531
2.559981418329 0.120940322414 -0.225068341819 0.134110080705 -0.236880017452 0.195232223263
2.585709659316 0.116827329197 -0.222902653354 0.129979476321 -0.234067955753 0.191197551806
2.611696473423 0.112828679209 -0.220573692888 0.125926968777 -0.231256379803 0.187245496698
2.637944459354 0.108942293649 -0.218092205008 0.121962683563 -0.228451881511 0.183360942761
2.664456241929 0.105165706716 -0.215469081010 0.118096486137 -0.225658535945 0.179527614041
2.691234472349 0.101496099297 -0.212715363491 0.114337563095 -0.222877957114 0.175728446570
2.718281828459 0.097930344999 -0.209842246486 0.110694008590 -0.220109438267 0.171946021442
2.745601015017 0.094465067824 -0.206861069537 0.107172433978 -0.217350175793 0.168163048550
2.773194763964 0.091096710308 -0.203783304085 0.103777619233 -0.214595572310 0.164362888184
2.801065834699 0.087821610422 -0.200620530554 0.100512224482 -0.211839610941 0.160530094702
2.829217014352 0.084636085100 -0.197384404625 0.097376578938 -0.209075289093 0.156650963802
2.857651118063 0.081536517745 -0.194086611333 0.094368562392 -0.206295096480 0.152714062708
2.886370989268 0.078519446717 -0.190738805917 0.091483591396 -0.203491518886 0.148710720989
2.915379499977 0.075581651495 -0.187352540687 0.088714718249 -0.200657546406 0.144635459016
2.944679551066 0.072720232977 -0.183939177653 0.086052845972 -0.197787162841 0.140486331222
2.974274072563 0.069932684360 -0.180509787230 0.083487056878 -0.194875791818 0.136265162668
3.004166023946 0.067216949084 -0.177075034011 0.081005046165 -0.191920675132 0.131977659867
3.034358394436 0.064571462613 -0.173645051362 0.078593645654 -0.188921160051 0.127633380542
3.064854203293 0.061995175227 -0.170229307435 0.076239416481 -0.185878874908 0.123245551884
3.095656500125 0.059487553630 -0.166836466082 0.073929283835 -0.182797776293 0.118830732871
3.126768365186 0.057048559943 -0.163474247058 0.071651181937 -0.179684056600 0.114408323192
3.158192909690 0.054678607608 -0.160149290732 0.069394673919 -0.176545907349 0.109999928921
3.189933276116 0.052378494756 -0.156867033347 0.067151509440 -0.173393141524 0.105628603150
3.221992638528 0.050149316789 -0.153631599434 0.064916083127 -0.170236686744 0.101317987730
3.254374202890 0.047992361046 -0.150445718447 0.062685759515 -0.167087970037 0.097091389804
3.287081207383 0.045908987643 -0.147310672742 0.060461035278 -0.163958223854 0.092970833317
3.320116922737 0.043900501580 -0.144226283834 0.058245517108 -0.160857751088 0.088976130684
3.353484652549 0.041968022144 -0.141190943168 0.056045703556 -0.157795193704 0.085124022843
3.387187733621 0.040112356258 -0.138201692527 0.053870571030 -0.154776854411 0.081427436453
3.421229536290 0.038333882757 -0.135254357575 0.051730977451 -0.151806123028 0.077894904743
3.455613464763 0.036632454570 -0.132343735878 0.049638910998 -0.148883058211 0.074530193255
3.490342957462 0.035007325246 -0.129463838160 0.047606624979 -0.146004170635 0.071332163318
3.525421487365 0.033457105430 -0.126608178500 0.045645712158 -0.143162445222 0.068294894749
3.560852562356 0.031979753437 -0.123770105870 0.043766181570 -0.140347627611 0.065408075359
3.596639725569 0.030572602372 -0.120943165915 0.041975606991 -0.137546784070 0.062657648928
3.632786555753 0.029232424012 -0.118121478478 0.040278417699 -0.134745124964 0.060026696264
3.669296667619 0.027955527356 -0.115300113208 0.038675398173 -0.131927060773 0.057496506797
3.706173712210 0.026737887166 -0.112475443074 0.037163453489 -0.129077437674 0.055047782158
3.743421377261 0.025575295424 -0.109645453872 0.035735681355 -0.126182878574 0.052661899508
3.781043387569 0.024463526368 -0.106809987311 0.034381770379 -0.123233136946 0.050322152531
3.819043505366 0.023398504064 -0.103970896138 0.033088718435 -0.120222356903 0.048014882989
3.857425530697 0.022376460299 -0.101132092329 0.031841836452 -0.117150125564 0.045730416723
3.896193301795 0.021394070354 -0.098299473687 0.030625973761 -0.114022204786 0.043463725518
3.935350695470 0.020448554885 -0.095480720361 0.029426873921 -0.110850839992 0.041214750634
3.974901627495 0.019537737919 -0.092684960594 0.028232547597 -0.107654565151 0.038988344703
4.014850052994 0.018660053797 -0.089922314278 0.027034534406 -0.104457454714 0.036793815170
4.055199966845 0.017814499705 -0.087203333001 0.025828921393 -0.101287814798 0.034644083051
4.095955404071 0.017000535070 -0.084538365697 0.024616993971 -0.098176354859 0.032554503386
4.137120440251 0.016217934156 -0.081936888852 0.023405416879 -0.095153934509 0.030541425770
4.178699191923 0.015466603417 -0.079406848475 0.022205877934 -0.092249033675 0.028620601948
4.220695816997 0.014746379944 -0.076954066829 0.021034174538 -0.089485142856 0.026805569681
4.263114515169 0.014056831235 -0.074581768957 0.019908778902 -0.086878308179 0.025106155038
4.305959528345 0.013397078906 -0.072290281705 0.018848978194 -0.084435087382 0.023527236832
4.349235141063 0.012765669420 -0.070076950272 0.017872744243 -0.082151172531 0.022067905342
4.392945680919 0.012160512980 -0.067936304181 0.016994537222 -0.080010908989 0.020721122452
4.437095519004 0.011578907282 -0.065860486001 0.016223281764 -0.077987885592 0.019473952582
4.481689070338 0.011017655757 -0.063839932902 0.015560765532 -0.076046688329 0.018308385442
4.526730794314 0.010473280641 -0.061864274603 0.015000694378 -0.074145802436 0.017202716336
4.572225195142 0.009942320272 -0.059923383422 0.014528591954 -0.072241522410 0.016133392047
4.618176822300 0.009421688286 -0.058008485701 0.014122655604 -0.070292596158 0.015077175976
4.664590270988 0.008909061144 -0.056113221761 0.013755578858 -0.068265201784 0.014013441057
4.711470182591 0.008403250969 -0.054234527239 0.013397232237 -0.066137748696 0.012926368860
4.758821245138 0.007904514514 -0.052373205172 0.013017970764 -0.063904925426 0.011806823077
4.806648193775 0.007414747546 -0.050534068395 0.012592223702 -0.061580400346 0.010653678631
4.854955811237 0.006937518195 -0.048725557352 0.012101936443 -0.059197631077 0.009474425139
4.903748928327 0.006477903402 -0.046958779787 0.011539392508 -0.056808361291 0.008284924003
4.953032424395 0.006042109663 -0.045245974611 0.010908958715 -0.054478580134 0.007108277937
5.002811227834 0.005636881862 -0.043598469177 0.010227376735 -0.052281980628 0.005972863381
5.053090316564 0.005268730518 -0.042024271827 0.009522369881 -0.050291260404 0.004909671132
5.103874718537 0.004943035720 -0.040525512507 0.008829535829 -0.048567932111 0.003949188202
5.155169512235 0.004663112098 -0.039096004679 0.008187734947 -0.047151614588 0.003118123765
5.206979827180 0.004429339744 -0.037719242157 0.007633431408 -0.046050016846 0.002436324181
5.259310844447 0.004238477240 -0.036367155690 0.007194665000 -0.045230961410 0.001914228957
5.312167797181 0.004083271629 -0.034999928662 0.006885487203 -0.044617782975 0.001551186839
5.365555971122 0.003952463905 -0.033567104593 0.006701750321 -0.044089255147 0.001334878943
5.419480705131 0.003831256549 -0.032010110057 0.006619066343 -0.043484831018 0.001241988636
5.473947391727 0.003702260906 -0.030266153754 0.006593537929 -0.042615421835 0.001240124243
5.528961477624 0.003546855132 -0.028273060806 0.006565468297 -0.041278926234 0.001290843905
5.584528464276 0.003346563099 -0.025972478447 0.006465301347 -0.039275947574 0.001353374677
5.640653908428 0.003082616778 -0.023298698170 0.006217566142 -0.036403901453 0.001387761603
5.697343422672 0.002728380096 -0.020117175941 0.005729852412 -0.032365844481 0.001353784721
5.754602676006 0.002233858526 -0.016114733365 0.004860867092 -0.026583701354 0.001202961533
5.812437394403 0.001546467448 -0.010955896733 0.003464727621 -0.018443419755 0.000888266410
5.870853361383 0.000747938518 -0.005226667390 0.001712811571 -0.008932563086 0.000450175525
5.929856418591 0.000158856948 -0.001100346750 0.000368934094 -0.001898749816 0.000098451443
