---------------------------------------------------------------------------
Element                     N
Energy Cutoff(Ry)           50
Radius Cutoff(a.u.)         6
Lmax                        2
Number of Sorbital-->       2
Number of Porbital-->       2
Number of Dorbital-->       1
---------------------------------------------------------------------------
SUMMARY  END

Mesh                        601
dr                          0.01
                Type                   L                   N
                   0                   0                   0
 1.045565376846e+00 1.045583476105e+00 1.045637688245e+00 1.045727756525e+00
 1.045853253631e+00 1.046013582561e+00 1.046207977849e+00 1.046435507150e+00
 1.046695073154e+00 1.046985415853e+00 1.047305115131e+00 1.047652593694e+00
 1.048026120310e+00 1.048423813374e+00 1.048843644777e+00 1.049283444076e+00
 1.049740902951e+00 1.050213579944e+00 1.050698905470e+00 1.051194187085e+00
 1.051696615003e+00 1.052203267846e+00 1.052711118628e+00 1.053217040931e+00
 1.053717815300e+00 1.054210135802e+00 1.054690616771e+00 1.055155799693e+00
 1.055602160246e+00 1.056026115452e+00 1.056424030948e+00 1.056792228346e+00
 1.057126992676e+00 1.057424579890e+00 1.057681224410e+00 1.057893146715e+00
 1.058056560934e+00 1.058167682445e+00 1.058222735457e+00 1.058217960552e+00
 1.058149622190e+00 1.058014016142e+00 1.057807476846e+00 1.057526384672e+00
 1.057167173074e+00 1.056726335618e+00 1.056200432879e+00 1.055586099177e+00
 1.054880049151e+00 1.054079084163e+00 1.053180098495e+00 1.052180085360e+00
 1.051076142683e+00 1.049865478669e+00 1.048545417126e+00 1.047113402546e+00
 1.045567004928e+00 1.043903924337e+00 1.042121995194e+00 1.040219190274e+00
 1.038193624435e+00 1.036043558035e+00 1.033767400065e+00 1.031363710966e+00
 1.028831205151e+00 1.026168753203e+00 1.023375383768e+00 1.020450285128e+00
 1.017392806459e+00 1.014202458769e+00 1.010878915518e+00 1.007422012929e+00
 1.003831749968e+00 1.000108288030e+00 9.962519502998e-01 9.922632208142e-01
 9.881427432203e-01 9.838913192366e-01 9.795099068217e-01 9.749996180589e-01
 9.703617167611e-01 9.655976158045e-01 9.607088741989e-01 9.556971939032e-01
 9.505644163937e-01 9.453125189968e-01 9.399436109945e-01 9.344599295123e-01
 9.288638352027e-01 9.231578077327e-01 9.173444410884e-01 9.114264387075e-01
 9.054066084524e-01 8.992878574361e-01 8.930731867121e-01 8.867656858432e-01
 8.803685273601e-01 8.738849611240e-01 8.673183086049e-01 8.606719570907e-01
 8.539493538382e-01 8.471540001802e-01 8.402894456019e-01 8.333592817993e-01
 8.263671367317e-01 8.193166686837e-01 8.122115603455e-01 8.050555129280e-01
 7.978522403213e-01 7.906054633116e-01 7.833189038659e-01 7.759962794973e-01
 7.686412977216e-01 7.612576506157e-01 7.538490094883e-01 7.464190196729e-01
 7.389712954532e-01 7.315094151284e-01 7.240369162293e-01 7.165572908913e-01
 7.090739813935e-01 7.015903758703e-01 6.941098042025e-01 6.866355340940e-01
 6.791707673400e-01 6.717186362909e-01 6.642822005181e-01 6.568644436838e-01
 6.494682706197e-01 6.420965046172e-01 6.347518849301e-01 6.274370644942e-01
 6.201546078623e-01 6.129069893569e-01 6.056965914407e-01 5.985257033032e-01
 5.913965196642e-01 5.843111397913e-01 5.772715667306e-01 5.702797067468e-01
 5.633373689710e-01 5.564462652523e-01 5.496080102092e-01 5.428241214762e-01
 5.360960201418e-01 5.294250313719e-01 5.228123852137e-01 5.162592175735e-01
 5.097665713626e-01 5.033353978055e-01 4.969665579019e-01 4.906608240370e-01
 4.844188817316e-01 4.782413315256e-01 4.721286909857e-01 4.660813968307e-01
 4.600998071653e-01 4.541842038147e-01 4.483347947522e-01 4.425517166092e-01
 4.368350372626e-01 4.311847584879e-01 4.256008186714e-01 4.200830955721e-01
 4.146314091260e-01 4.092455242830e-01 4.039251538692e-01 3.986699614660e-01
 3.934795642984e-01 3.883535361241e-01 3.832914101160e-01 3.782926817308e-01
 3.733568115562e-01 3.684832281294e-01 3.636713307207e-01 3.589204920757e-01
 3.542300611085e-01 3.495993655420e-01 3.450277144879e-01 3.405144009621e-01
 3.360587043301e-01 3.316598926772e-01 3.273172251001e-01 3.230299539156e-01
 3.187973267818e-01 3.146185887303e-01 3.104929841040e-01 3.064197584011e-01
 3.023981600195e-01 2.984274419030e-01 2.945068630852e-01 2.906356901320e-01
 2.868131984801e-01 2.830386736729e-01 2.793114124916e-01 2.756307239839e-01
 2.719959303894e-01 2.684063679626e-01 2.648613876958e-01 2.613603559419e-01
 2.579026549407e-01 2.544876832481e-01 2.511148560739e-01 2.477836055274e-01
 2.444933807758e-01 2.412436481181e-01 2.380338909766e-01 2.348636098108e-01
 2.317323219561e-01 2.286395613920e-01 2.255848784434e-01 2.225678394183e-01
 2.195880261873e-01 2.166450357077e-01 2.137384794977e-01 2.108679830645e-01
 2.080331852906e-01 2.052337377825e-01 2.024693041872e-01 1.997395594797e-01
 1.970441892268e-01 1.943828888309e-01 1.917553627584e-01 1.891613237574e-01
 1.866004920673e-01 1.840725946266e-01 1.815773642808e-01 1.791145389954e-01
 1.766838610773e-01 1.742850764083e-01 1.719179336936e-01 1.695821837296e-01
 1.672775786926e-01 1.650038714529e-01 1.627608149157e-01 1.605481613915e-01
 1.583656619994e-01 1.562130661039e-01 1.540901207882e-01 1.519965703652e-01
 1.499321559275e-01 1.478966149386e-01 1.458896808649e-01 1.439110828509e-01
 1.419605454374e-01 1.400377883224e-01 1.381425261671e-01 1.362744684444e-01
 1.344333193321e-01 1.326187776486e-01 1.308305368313e-01 1.290682849576e-01
 1.273317048063e-01 1.256204739590e-01 1.239342649405e-01 1.222727453967e-01
 1.206355783072e-01 1.190224222338e-01 1.174329315995e-01 1.158667569994e-01
 1.143235455393e-01 1.128029412009e-01 1.113045852307e-01 1.098281165517e-01
 1.083731721943e-01 1.069393877439e-01 1.055263978042e-01 1.041338364728e-01
 1.027613378263e-01 1.014085364136e-01 1.000750677537e-01 9.876056883703e-02
 9.746467862629e-02 9.618703855562e-02 9.492729302541e-02 9.368508989042e-02
 9.246008093912e-02 9.125192236203e-02 9.006027520713e-02 8.888480582029e-02
 8.772518626892e-02 8.658109474703e-02 8.545221596005e-02 8.433824148797e-02
 8.323887012523e-02 8.215380819613e-02 8.108276984462e-02 8.002547729740e-02
 7.898166109939e-02 7.795106032082e-02 7.693342273535e-02 7.592850496860e-02
 7.493607261683e-02 7.395590033550e-02 7.298777189761e-02 7.203148022189e-02
 7.108682737095e-02 7.015362451977e-02 6.923169189492e-02 6.832085868503e-02
 6.742096292329e-02 6.653185134259e-02 6.565337920442e-02 6.478541010226e-02
 6.392781574083e-02 6.308047569220e-02 6.224327713013e-02 6.141611454390e-02
 6.059888943319e-02 5.979150998541e-02 5.899389073702e-02 5.820595222054e-02
 5.742762059870e-02 5.665882728770e-02 5.589950857094e-02 5.514960520523e-02
 5.440906202109e-02 5.367782751878e-02 5.295585346210e-02 5.224309447127e-02
 5.153950761695e-02 5.084505201686e-02 5.015968843677e-02 4.948337889736e-02
 4.881608628855e-02 4.815777399286e-02 4.750840551914e-02 4.686794414812e-02
 4.623635259101e-02 4.561359266255e-02 4.499962496947e-02 4.439440861551e-02
 4.379790092401e-02 4.321005717896e-02 4.263083038525e-02 4.206017104886e-02
 4.149802697761e-02 4.094434310295e-02 4.039906132320e-02 3.986212036852e-02
 3.933345568791e-02 3.881299935816e-02 3.830068001499e-02 3.779642280598e-02
 3.730014936543e-02 3.681177781061e-02 3.633122275908e-02 3.585839536667e-02
 3.539320338552e-02 3.493555124147e-02 3.448534013020e-02 3.404246813122e-02
 3.360683033890e-02 3.317831900958e-02 3.275682372376e-02 3.234223156234e-02
 3.193442729579e-02 3.153329358510e-02 3.113871119339e-02 3.075055920683e-02
 3.036871526376e-02 2.999305579072e-02 2.962345624400e-02 2.925979135558e-02
 2.890193538207e-02 2.854976235539e-02 2.820314633391e-02 2.786196165281e-02
 2.752608317241e-02 2.719538652316e-02 2.686974834635e-02 2.654904652910e-02
 2.623316043277e-02 2.592197111352e-02 2.561536153429e-02 2.531321676691e-02
 2.501542418381e-02 2.472187363816e-02 2.443245763197e-02 2.414707147131e-02
 2.386561340797e-02 2.358798476726e-02 2.331409006119e-02 2.304383708685e-02
 2.277713700956e-02 2.251390443067e-02 2.225405743972e-02 2.199751765097e-02
 2.174421022433e-02 2.149406387071e-02 2.124701084197e-02 2.100298690574e-02
 2.076193130542e-02 2.052378670568e-02 2.028849912400e-02 2.005601784868e-02
 1.982629534408e-02 1.959928714345e-02 1.937495173035e-02 1.915325040918e-02
 1.893414716582e-02 1.871760851906e-02 1.850360336380e-02 1.829210280691e-02
 1.808307999676e-02 1.787650994733e-02 1.767236935787e-02 1.747063642929e-02
 1.727129067809e-02 1.707431274902e-02 1.687968422746e-02 1.668738745248e-02
 1.649740533168e-02 1.630972115875e-02 1.612431843481e-02 1.594118069437e-02
 1.576029133695e-02 1.558163346511e-02 1.540518972995e-02 1.523094218471e-02
 1.505887214725e-02 1.488896007228e-02 1.472118543380e-02 1.455552661847e-02
 1.439196083047e-02 1.423046400825e-02 1.407101075364e-02 1.391357427370e-02
 1.375812633551e-02 1.360463723423e-02 1.345307577446e-02 1.330340926505e-02
 1.315560352738e-02 1.300962291692e-02 1.286543035813e-02 1.272298739231e-02
 1.258225423822e-02 1.244318986513e-02 1.230575207783e-02 1.216989761321e-02
 1.203558224779e-02 1.190276091572e-02 1.177138783643e-02 1.164141665149e-02
 1.151280056961e-02 1.138549251926e-02 1.125944530799e-02 1.113461178741e-02
 1.101094502324e-02 1.088839846917e-02 1.076692614384e-02 1.064648280975e-02
 1.052702415321e-02 1.040850696431e-02 1.029088931594e-02 1.017413074067e-02
 1.005819240475e-02 9.943037278004e-03 9.828630298753e-03 9.714938532739e-03
 9.601931325166e-03 9.489580444890e-03 9.377860219906e-03 9.266747663275e-03
 9.156222588693e-03 9.046267714934e-03 8.936868758473e-03 8.828014513618e-03
 8.719696919549e-03 8.611911113739e-03 8.504655471254e-03 8.397931629529e-03
 8.291744498272e-03 8.186102254206e-03 8.081016320450e-03 7.976501330384e-03
 7.872575075955e-03 7.769258440404e-03 7.666575315520e-03 7.564552503558e-03
 7.463219604056e-03 7.362608885854e-03 7.262755144684e-03 7.163695546767e-03
 7.065469458953e-03 6.968118265950e-03 6.871685175316e-03 6.776215010896e-03
 6.681753995492e-03 6.588349523562e-03 6.496049924854e-03 6.404904219862e-03
 6.314961868111e-03 6.226272510254e-03 6.138885705043e-03 6.052850662248e-03
 5.968215972645e-03 5.885029336188e-03 5.803337289535e-03 5.723184934076e-03
 5.644615665650e-03 5.567670907126e-03 5.492389845012e-03 5.418809171285e-03
 5.346962831570e-03 5.276881780836e-03 5.208593747714e-03 5.142123008527e-03
 5.077490172103e-03 5.014711976389e-03 4.953801097845e-03 4.894765974567e-03
 4.837610644024e-03 4.782334596230e-03 4.728932643153e-03 4.677394805056e-03
 4.627706214435e-03 4.579847038124e-03 4.533792418104e-03 4.489512431429e-03
 4.446972069656e-03 4.406131238060e-03 4.366944774840e-03 4.329362490458e-03
 4.293329227143e-03 4.258784938548e-03 4.225664789427e-03 4.193899275150e-03
 4.163414360771e-03 4.134131639299e-03 4.105968508720e-03 4.078838367277e-03
 4.052650826388e-03 4.027311940560e-03 4.002724453531e-03 3.978788059842e-03
 3.955399680937e-03 3.932453754821e-03 3.909842538236e-03 3.887456420198e-03
 3.865184245648e-03 3.842913647819e-03 3.820531387722e-03 3.797923698902e-03
 3.774976635230e-03 3.751576418953e-03 3.727609785459e-03 3.702964320137e-03
 3.677528781187e-03 3.651193400198e-03 3.623850149536e-03 3.595392962010e-03
 3.565717883729e-03 3.534723135463e-03 3.502309051244e-03 3.468377855519e-03
 3.432833232464e-03 3.395579633684e-03 3.356521264956e-03 3.315560690383e-03
 3.272596995848e-03 3.227523465664e-03 3.180224750139e-03 3.130573540623e-03
 3.078426825659e-03 3.023621878954e-03 2.965972227494e-03 2.905263963750e-03
 2.841252893596e-03 2.773663140945e-03 2.702187946032e-03 2.626493476904e-03
 2.546226499458e-03 2.461026695029e-03 2.370544251868e-03 2.274463068905e-03
 2.172529487606e-03 2.064585915600e-03 1.950608047672e-03 1.830743670370e-03
 1.705350321862e-03 1.575028453168e-03 1.440646296538e-03 1.303352489330e-03
 1.164572713506e-03 1.025987252084e-03 8.894874548490e-04 7.571106147658e-04
 6.309545949548e-04 5.130755675791e-04 4.053742371800e-04 3.094776984790e-04
 2.266253942425e-04 1.575682885771e-04 1.024902052176e-04 6.095922925254e-05
 3.191516219302e-05 1.369638564475e-05 4.106354783357e-06 5.166096114036e-07
 0.000000000000e+00
                Type                   L                   N
                   0                   0                   1
 9.937763052638e-01 9.938137615141e-01 9.939259700113e-01 9.941124503385e-01
 9.943724029438e-01 9.947047108535e-01 9.951079420635e-01 9.955803526048e-01
 9.961198902760e-01 9.967241990333e-01 9.973906240276e-01 9.981162172783e-01
 9.988977439690e-01 9.997316893514e-01 1.000614266241e+00 1.001541423086e+00
 1.002508852594e+00 1.003512000891e+00 1.004546077201e+00 1.005606064008e+00
 1.006686727692e+00 1.007782629613e+00 1.008888137606e+00 1.009997437869e+00
 1.011104547223e+00 1.012203325698e+00 1.013287489436e+00 1.014350623872e+00
 1.015386197157e+00 1.016387573807e+00 1.017348028540e+00 1.018260760263e+00
 1.019118906194e+00 1.019915556075e+00 1.020643766442e+00 1.021296574938e+00
 1.021867014618e+00 1.022348128228e+00 1.022732982414e+00 1.023014681853e+00
 1.023186383247e+00 1.023241309173e+00 1.023172761748e+00 1.022974136085e+00
 1.022638933513e+00 1.022160774525e+00 1.021533411443e+00 1.020750740756e+00
 1.019806815128e+00 1.018695855025e+00 1.017412259969e+00 1.015950619374e+00
 1.014305722950e+00 1.012472570664e+00 1.010446382226e+00 1.008222606099e+00
 1.005796927999e+00 1.003165278892e+00 1.000323842450e+00 9.972690619814e-01
 9.939976468019e-01 9.905065780539e-01 9.867931139560e-01 9.828547944824e-01
 9.786894454649e-01 9.742951821151e-01 9.696704119641e-01 9.648138372194e-01
 9.597244565398e-01 9.544015662298e-01 9.488447608572e-01 9.430539332987e-01
 9.370292742189e-01 9.307712709902e-01 9.242807060614e-01 9.175586547854e-01
 9.106064827159e-01 9.034258423843e-01 8.960186695712e-01 8.883871790849e-01
 8.805338600611e-01 8.724614708019e-01 8.641730331672e-01 8.556718265384e-01
 8.469613813715e-01 8.380454723575e-01 8.289281112105e-01 8.196135391033e-01
 8.101062187701e-01 8.004108262981e-01 7.905322426283e-01 7.804755447880e-01
 7.702459968768e-01 7.598490408271e-01 7.492902869628e-01 7.385755043780e-01
 7.277106111575e-01 7.167016644624e-01 7.055548505031e-01 6.942764744212e-01
 6.828729501026e-01 6.713507899444e-01 6.597165945961e-01 6.479770426966e-01
 6.361388806286e-01 6.242089123093e-01 6.121939890389e-01 6.001009994259e-01
 5.879368594068e-01 5.757085023811e-01 5.634228694768e-01 5.510868999652e-01
 5.387075218402e-01 5.262916425788e-01 5.138461400969e-01 5.013778539158e-01
 4.888935765508e-01 4.764000451370e-01 4.639039333021e-01 4.514118432991e-01
 4.389302984067e-01 4.264657356095e-01 4.140244985648e-01 4.016128308633e-01
 3.892368695929e-01 3.769026392089e-01 3.646160457172e-01 3.523828711750e-01
 3.402087685119e-01 3.280992566743e-01 3.160597160956e-01 3.040953844921e-01
 2.922113529865e-01 2.804125625576e-01 2.687038008153e-01 2.570896990998e-01
 2.455747299012e-01 2.341632045978e-01 2.228592715087e-01 2.116669142554e-01
 2.005899504299e-01 1.896320305614e-01 1.787966373761e-01 1.680870853453e-01
 1.575065205123e-01 1.470579205927e-01 1.367440953390e-01 1.265676871626e-01
 1.165311720033e-01 1.066368604385e-01 9.688689902295e-02 8.728327184882e-02
 7.782780231813e-02 6.852215511624e-02 5.936783837757e-02 5.036620603318e-02
 4.151846033014e-02 3.282565451267e-02 2.428869565479e-02 1.590834763433e-02
 7.685234238087e-03 -3.801576119318e-04 -8.287474521255e-03 -1.603649318469e-02
 -2.362711685688e-02 -3.105937174141e-02 -3.833340330805e-02 -4.544947254749e-02
 -5.240795217290e-02 -5.920932277709e-02 -6.585416895440e-02 -7.234317539546e-02
 -7.867712296355e-02 -8.485688476023e-02 -9.088342218830e-02 -9.675778101943e-02
 -1.024810874737e-01 -1.080545443180e-01 -1.134794269898e-01 -1.187570797530e-01
 -1.238889118911e-01 -1.288763939440e-01 -1.337210539939e-01 -1.384244740049e-01
 -1.429882862210e-01 -1.474141696275e-01 -1.517038464796e-01 -1.558590789022e-01
 -1.598816655636e-01 -1.637734384277e-01 -1.675362595864e-01 -1.711720181755e-01
 -1.746826273762e-01 -1.780700215045e-01 -1.813361531897e-01 -1.844829906442e-01
 -1.875125150256e-01 -1.904267178922e-01 -1.932275987521e-01 -1.959171627082e-01
 -1.984974181965e-01 -2.009703748211e-01 -2.033380412834e-01 -2.056024234061e-01
 -2.077655222522e-01 -2.098293323367e-01 -2.117958399320e-01 -2.136670214648e-01
 -2.154448420042e-01 -2.171312538388e-01 -2.187281951425e-01 -2.202375887268e-01
 -2.216613408784e-01 -2.230013402798e-01 -2.242594570121e-01 -2.254375416364e-01
 -2.265374243543e-01 -2.275609142430e-01 -2.285097985642e-01 -2.293858421445e-01
 -2.301907868247e-01 -2.309263509765e-01 -2.315942290825e-01 -2.321960913799e-01
 -2.327335835630e-01 -2.332083265433e-01 -2.336219162645e-01 -2.339759235706e-01
 -2.342718941234e-01 -2.345113483679e-01 -2.346957815430e-01 -2.348266637351e-01
 -2.349054399716e-01 -2.349335303528e-01 -2.349123302187e-01 -2.348432103498e-01
 -2.347275171979e-01 -2.345665731454e-01 -2.343616767912e-01 -2.341141032595e-01
 -2.338251045314e-01 -2.334959097947e-01 -2.331277258111e-01 -2.327217372991e-01
 -2.322791073287e-01 -2.318009777279e-01 -2.312884694975e-01 -2.307426832332e-01
 -2.301646995519e-01 -2.295555795220e-01 -2.289163650944e-01 -2.282480795334e-01
 -2.275517278455e-01 -2.268282972037e-01 -2.260787573680e-01 -2.253040610972e-01
 -2.245051445541e-01 -2.236829277003e-01 -2.228383146802e-01 -2.219721941927e-01
 -2.210854398503e-01 -2.201789105233e-01 -2.192534506685e-01 -2.183098906428e-01
 -2.173490469980e-01 -2.163717227597e-01 -2.153787076859e-01 -2.143707785082e-01
 -2.133486991522e-01 -2.123132209383e-01 -2.112650827629e-01 -2.102050112578e-01
 -2.091337209301e-01 -2.080519142804e-01 -2.069602819011e-01 -2.058595025536e-01
 -2.047502432250e-01 -2.036331591652e-01 -2.025088939038e-01 -2.013780792477e-01
 -2.002413352601e-01 -1.990992702216e-01 -1.979524805732e-01 -1.968015508433e-01
 -1.956470535585e-01 -1.944895491395e-01 -1.933295857836e-01 -1.921676993336e-01
 -1.910044131356e-01 -1.898402378858e-01 -1.886756714686e-01 -1.875111987863e-01
 -1.863472915818e-01 -1.851844082568e-01 -1.840229936854e-01 -1.828634790260e-01
 -1.817062815313e-01 -1.805518043594e-01 -1.794004363873e-01 -1.782525520269e-01
 -1.771085110474e-01 -1.759686584028e-01 -1.748333240690e-01 -1.737028228895e-01
 -1.725774544326e-01 -1.714575028610e-01 -1.703432368158e-01 -1.692349093149e-01
 -1.681327576693e-01 -1.670370034164e-01 -1.659478522732e-01 -1.648654941093e-01
 -1.637901029420e-01 -1.627218369535e-01 -1.616608385318e-01 -1.606072343357e-01
 -1.595611353854e-01 -1.585226371785e-01 -1.574918198327e-01 -1.564687482554e-01
 -1.554534723405e-01 -1.544460271930e-01 -1.534464333816e-01 -1.524546972184e-01
 -1.514708110677e-01 -1.504947536814e-01 -1.495264905623e-01 -1.485659743549e-01
 -1.476131452618e-01 -1.466679314868e-01 -1.457302497032e-01 -1.448000055463e-01
 -1.438770941293e-01 -1.429614005818e-01 -1.420528006100e-01 -1.411511610757e-01
 -1.402563405954e-01 -1.393681901556e-01 -1.384865537441e-01 -1.376112689955e-01
 -1.367421678491e-01 -1.358790772168e-01 -1.350218196606e-01 -1.341702140762e-01
 -1.333240763821e-01 -1.324832202111e-01 -1.316474576032e-01 -1.308165996967e-01
 -1.299904574166e-01 -1.291688421571e-01 -1.283515664569e-01 -1.275384446649e-01
 -1.267292935941e-01 -1.259239331614e-01 -1.251221870124e-01 -1.243238831272e-01
 -1.235288544074e-01 -1.227369392403e-01 -1.219479820407e-01 -1.211618337660e-01
 -1.203783524050e-01 -1.195974034374e-01 -1.188188602633e-01 -1.180426046009e-01
 -1.172685268505e-01 -1.164965264249e-01 -1.157265120439e-01 -1.149584019920e-01
 -1.141921243396e-01 -1.134276171249e-01 -1.126648284984e-01 -1.119037168268e-01
 -1.111442507590e-01 -1.103864092506e-01 -1.096301815505e-01 -1.088755671462e-01
 -1.081225756713e-01 -1.073712267726e-01 -1.066215499401e-01 -1.058735842982e-01
 -1.051273783612e-01 -1.043829897517e-01 -1.036404848855e-01 -1.028999386220e-01
 -1.021614338833e-01 -1.014250612422e-01 -1.006909184819e-01 -9.995911012788e-02
 -9.922974695508e-02 -9.850294547146e-02 -9.777882738043e-02 -9.705751902422e-02
 -9.633915081032e-02 -9.562385662353e-02 -9.491177322565e-02 -9.420303964553e-02
 -9.349779656180e-02 -9.279618568079e-02 -9.209834911216e-02 -9.140442874478e-02
 -9.071456562542e-02 -9.002889934269e-02 -8.934756741890e-02 -8.867070471210e-02
 -8.799844283100e-02 -8.733090956492e-02 -8.666822833135e-02 -8.601051764313e-02
 -8.535789059774e-02 -8.471045439047e-02 -8.406830985385e-02 -8.343155102491e-02
 -8.280026474228e-02 -8.217453027474e-02 -8.155441898273e-02 -8.093999401427e-02
 -8.033131003656e-02 -7.972841300436e-02 -7.913133996613e-02 -7.854011890870e-02
 -7.795476864128e-02 -7.737529871899e-02 -7.680170940657e-02 -7.623399168217e-02
 -7.567212728134e-02 -7.511608878089e-02 -7.456583972245e-02 -7.402133477500e-02
 -7.348251993573e-02 -7.294933276846e-02 -7.242170267843e-02 -7.189955122234e-02
 -7.138279245229e-02 -7.087133329216e-02 -7.036507394459e-02 -6.986390832709e-02
 -6.936772453509e-02 -6.887640532998e-02 -6.838982865002e-02 -6.790786814182e-02
 -6.743039371004e-02 -6.695727208276e-02 -6.648836739022e-02 -6.602354175403e-02
 -6.556265588444e-02 -6.510556968285e-02 -6.465214284676e-02 -6.420223547462e-02
 -6.375570866747e-02 -6.331242512496e-02 -6.287224973262e-02 -6.243505013798e-02
 -6.200069731252e-02 -6.156906609706e-02 -6.114003572774e-02 -6.071349034025e-02
 -6.028931944979e-02 -5.986741840432e-02 -5.944768880895e-02 -5.903003891931e-02
 -5.861438400177e-02 -5.820064665875e-02 -5.778875711733e-02 -5.737865347942e-02
 -5.697028193233e-02 -5.656359691811e-02 -5.615856126089e-02 -5.575514625094e-02
 -5.535333168502e-02 -5.495310586218e-02 -5.455446553485e-02 -5.415741581482e-02
 -5.376197003427e-02 -5.336814956203e-02 -5.297598357537e-02 -5.258550878798e-02
 -5.219676913498e-02 -5.180981541579e-02 -5.142470489620e-02 -5.104150087082e-02
 -5.066027218761e-02 -5.028109273606e-02 -4.990404090101e-02 -4.952919898408e-02
 -4.915665259498e-02 -4.878649001498e-02 -4.841880153510e-02 -4.805367877161e-02
 -4.769121396158e-02 -4.733149924132e-02 -4.697462591076e-02 -4.662068368666e-02
 -4.626975994792e-02 -4.592193897601e-02 -4.557730119397e-02 -4.523592240703e-02
 -4.489787304828e-02 -4.456321743269e-02 -4.423201302278e-02 -4.390430970916e-02
 -4.358014910935e-02 -4.325956388799e-02 -4.294257710168e-02 -4.262920157148e-02
 -4.231943928623e-02 -4.201328083943e-02 -4.171070490266e-02 -4.141167773820e-02
 -4.111615275338e-02 -4.082407009917e-02 -4.053535631518e-02 -4.024992402341e-02
 -3.996767167237e-02 -3.968848333369e-02 -3.941222855253e-02 -3.913876225335e-02
 -3.886792470211e-02 -3.859954152592e-02 -3.833342379093e-02 -3.806936813892e-02
 -3.780715698299e-02 -3.754655876241e-02 -3.728732825641e-02 -3.702920695677e-02
 -3.677192349831e-02 -3.651519414678e-02 -3.625872334288e-02 -3.600220430118e-02
 -3.574531966260e-02 -3.548774219851e-02 -3.522913556479e-02 -3.496915510344e-02
 -3.470744868972e-02 -3.444365762202e-02 -3.417741755184e-02 -3.390835945103e-02
 -3.363611061283e-02 -3.336029568359e-02 -3.308053772115e-02 -3.279645927582e-02
 -3.250768348907e-02 -3.221383520435e-02 -3.191454208305e-02 -3.160943571689e-02
 -3.129815272505e-02 -3.098033582084e-02 -3.065563482638e-02 -3.032370760621e-02
 -2.998422087928e-02 -2.963685085370e-02 -2.928128360840e-02 -2.891721512013e-02
 -2.854435080130e-02 -2.816240437511e-02 -2.777109586854e-02 -2.737014845368e-02
 -2.695928381683e-02 -2.653821568914e-02 -2.610664114100e-02 -2.566422923782e-02
 -2.521060669353e-02 -2.474534025841e-02 -2.426791576250e-02 -2.377771402543e-02
 -2.327398425544e-02 -2.275581610701e-02 -2.222211224325e-02 -2.167156403564e-02
 -2.110263388404e-02 -2.051354847740e-02 -1.990230803574e-02 -1.926671703970e-02
 -1.860444201025e-02 -1.791310138265e-02 -1.719039127580e-02 -1.643424887828e-02
 -1.564305221364e-02 -1.481585126649e-02 -1.395262102597e-02 -1.305452225214e-02
 -1.212415114391e-02 -1.116575514713e-02 -1.018538951759e-02 -9.190988569684e-03
 -8.192327335440e-03 -7.200853986223e-03 -6.229380915919e-03 -5.291632598529e-03
 -4.401660589211e-03 -3.573149351796e-03 -2.818649688642e-03 -2.148787966722e-03
 -1.571507610101e-03 -1.091403170997e-03 -7.092057702856e-04 -4.214714083613e-04
 -2.205108149518e-04 -9.458201996370e-05 -2.834618043452e-05 -3.565347038872e-06
 0.000000000000e+00
                Type                   L                   N
                   0                   1                   0
 0.000000000000e+00 3.612458350012e-02 7.221135567106e-02 1.082225780607e-01
 1.441206577812e-01 1.798682198166e-01 2.154281787634e-01 2.507638098169e-01
 2.858388188201e-01 3.206174111926e-01 3.550643595638e-01 3.891450699341e-01
 4.228256461978e-01 4.560729528608e-01 4.888546757967e-01 5.211393808875e-01
 5.528965704029e-01 5.840967369800e-01 6.147114150705e-01 6.447132297320e-01
 6.740759426469e-01 7.027744952621e-01 7.307850489504e-01 7.580850221028e-01
 7.846531240730e-01 8.104693859018e-01 8.355151877594e-01 8.597732830561e-01
 8.832278191771e-01 9.058643548119e-01 9.276698738545e-01 9.486327958656e-01
 9.687429830915e-01 9.879917440521e-01 1.006371833713e+00 1.023877450273e+00
 1.040504228601e+00 1.056249230372e+00 1.071110930963e+00 1.085089203161e+00
 1.098185297775e+00 1.110401821222e+00 1.121742710180e+00 1.132213203415e+00
 1.141819810876e+00 1.150570280178e+00 1.158473560597e+00 1.165539764694e+00
 1.171780127699e+00 1.177206964809e+00 1.181833626520e+00 1.185674452150e+00
 1.188744721706e+00 1.191060606240e+00 1.192639116855e+00 1.193498052519e+00
 1.193655946845e+00 1.193132014002e+00 1.191946093907e+00 1.190118596885e+00
 1.187670447924e+00 1.184623030717e+00 1.180998131634e+00 1.176817883778e+00
 1.172104711296e+00 1.166881274080e+00 1.161170413017e+00 1.154995095928e+00
 1.148378364341e+00 1.141343281225e+00 1.133912879833e+00 1.126110113755e+00
 1.117957808331e+00 1.109478613506e+00 1.100694958262e+00 1.091629006711e+00
 1.082302615951e+00 1.072737295765e+00 1.062954170257e+00 1.052973941476e+00
 1.042816855114e+00 1.032502668323e+00 1.022050619702e+00 1.011479401497e+00
 1.000807134057e+00 9.900513425442e-01 9.792289359588e-01 9.683561884474e-01
 9.574487229260e-01 9.465214970009e-01 9.355887911784e-01 9.246641993435e-01
 9.137606214827e-01 9.028902586163e-01 8.920646099017e-01 8.812944718611e-01
 8.705899396820e-01 8.599604105324e-01 8.494145888273e-01 8.389604933782e-01
 8.286054663521e-01 8.183561839618e-01 8.082186688071e-01 7.981983037779e-01
 7.882998474342e-01 7.785274507669e-01 7.688846752472e-01 7.593745120664e-01
 7.499994024674e-01 7.407612590670e-01 7.316614880687e-01 7.227010122628e-01
 7.138802947113e-01 7.051993630160e-01 6.966578340671e-01 6.882549391718e-01
 6.799895494621e-01 6.718602014845e-01 6.638651228737e-01 6.560022580171e-01
 6.482692936171e-01 6.406636840629e-01 6.331826765248e-01 6.258233356890e-01
 6.185825680525e-01 6.114571457040e-01 6.044437295175e-01 5.975388916929e-01
 5.907391375790e-01 5.840409267213e-01 5.774406930797e-01 5.709348643681e-01
 5.645198804692e-01 5.581922108871e-01 5.519483712009e-01 5.457849384912e-01
 5.396985657128e-01 5.336859949947e-01 5.277440698518e-01 5.218697462977e-01
 5.160601028538e-01 5.103123494519e-01 5.046238352368e-01 4.989920552733e-01
 4.934146561729e-01 4.878894406555e-01 4.824143710657e-01 4.769875718689e-01
 4.716073311550e-01 4.662721011805e-01 4.609804979823e-01 4.557313001031e-01
 4.505234464659e-01 4.453560334411e-01 4.402283111515e-01 4.351396790606e-01
 4.300896808945e-01 4.250779989454e-01 4.201044478100e-01 4.151689676133e-01
 4.102716167723e-01 4.054125643518e-01 4.005920820670e-01 3.958105359866e-01
 3.910683779888e-01 3.863661370255e-01 3.817044102439e-01 3.770838540210e-01
 3.725051749569e-01 3.679691208799e-01 3.634764719086e-01 3.590280316171e-01
 3.546246183487e-01 3.502670567184e-01 3.459561693451e-01 3.416927688509e-01
 3.374776501625e-01 3.333115831474e-01 3.291953056160e-01 3.251295167151e-01
 3.211148707393e-01 3.171519713816e-01 3.132413664422e-01 3.093835430121e-01
 3.055789231446e-01 3.018278600254e-01 2.981306346498e-01 2.944874530106e-01
 2.908984438006e-01 2.873636566273e-01 2.838830607389e-01 2.804565442542e-01
 2.770839138888e-01 2.737648951684e-01 2.704991331136e-01 2.672861933846e-01
 2.641255638667e-01 2.610166566780e-01 2.579588105800e-01 2.549512937675e-01
 2.519933070149e-01 2.490839871533e-01 2.462224108533e-01 2.434075986849e-01
 2.406385194278e-01 2.379140946026e-01 2.352332031933e-01 2.325946865333e-01
 2.299973533218e-01 2.274399847447e-01 2.249213396662e-01 2.224401598645e-01
 2.199951752809e-01 2.175851092538e-01 2.152086837097e-01 2.128646242842e-01
 2.105516653463e-01 2.082685549005e-01 2.060140593432e-01 2.037869680502e-01
 2.015860977728e-01 1.994102968241e-01 1.972584490355e-01 1.951294774659e-01
 1.930223478501e-01 1.909360717700e-01 1.888697095385e-01 1.868223727847e-01
 1.847932267321e-01 1.827814921627e-01 1.807864470621e-01 1.788074279430e-01
 1.768438308438e-01 1.748951120043e-01 1.729607882197e-01 1.710404368761e-01
 1.691336956734e-01 1.672402620419e-01 1.653598922607e-01 1.634924002881e-01
 1.616376563151e-01 1.597955850532e-01 1.579661637714e-01 1.561494200963e-01
 1.543454295909e-01 1.525543131291e-01 1.507762340826e-01 1.490113953387e-01
 1.472600361673e-01 1.455224289571e-01 1.437988758391e-01 1.420897052183e-01
 1.403952682338e-01 1.387159351659e-01 1.370520918116e-01 1.354041358483e-01
 1.337724732038e-01 1.321575144539e-01 1.305596712652e-01 1.289793529014e-01
 1.274169628114e-01 1.258728953153e-01 1.243475324053e-01 1.228412406768e-01
 1.213543684027e-01 1.198872427668e-01 1.184401672661e-01 1.170134192950e-01
 1.156072479214e-01 1.142218718622e-01 1.128574776684e-01 1.115142181239e-01
 1.101922108653e-01 1.088915372254e-01 1.076122413043e-01 1.063543292681e-01
 1.051177688778e-01 1.039024892452e-01 1.027083808151e-01 1.015352955702e-01
 1.003830474539e-01 9.925141300592e-02 9.814013220372e-02 9.704890950262e-02
 9.597741506561e-02 9.492528617353e-02 9.389212880539e-02 9.287751937774e-02
 9.188100663116e-02 9.090211365174e-02 8.994034001437e-02 8.899516403448e-02
 8.806604511451e-02 8.715242617069e-02 8.625373612600e-02 8.536939245461e-02
 8.449880376312e-02 8.364137239407e-02 8.279649703703e-02 8.196357533290e-02
 8.114200645715e-02 8.033119366826e-02 7.953054680754e-02 7.873948473754e-02
 7.795743770628e-02 7.718384962517e-02 7.641818024953e-02 7.565990725058e-02
 7.490852816917e-02 7.416356224183e-02 7.342455209082e-02 7.269106527043e-02
 7.196269566299e-02 7.123906471857e-02 7.051982253361e-02 6.980464876449e-02
 6.909325337294e-02 6.838537720130e-02 6.768079237650e-02 6.697930254261e-02
 6.628074292264e-02 6.558498021142e-02 6.489191230204e-02 6.420146784948e-02
 6.351360567549e-02 6.282831402023e-02 6.214560964625e-02 6.146553680175e-02
 6.078816605031e-02 6.011359297523e-02 5.944193676697e-02 5.877333870301e-02
 5.810796052964e-02 5.744598275584e-02 5.678760286971e-02 5.613303348822e-02
 5.548250045126e-02 5.483624087130e-02 5.419450114994e-02 5.355753497269e-02
 5.292560129360e-02 5.229896232082e-02 5.167788151453e-02 5.106262160814e-02
 5.045344266363e-02 4.985060017155e-02 4.925434320575e-02 4.866491264264e-02
 4.808253945433e-02 4.750744308428e-02 4.693982991396e-02 4.637989182787e-02
 4.582780488430e-02 4.528372809798e-02 4.474780234045e-02 4.422014936311e-02
 4.370087094723e-02 4.319004818455e-02 4.268774089105e-02 4.219398715606e-02
 4.170880302786e-02 4.123218233633e-02 4.076409665215e-02 4.030449538174e-02
 3.985330599587e-02 3.941043438959e-02 3.897576537010e-02 3.854916326868e-02
 3.813047267201e-02 3.771951926766e-02 3.731611079797e-02 3.692003811577e-02
 3.653107633518e-02 3.614898606997e-02 3.577351475167e-02 3.540439801925e-02
 3.504136117167e-02 3.468412067462e-02 3.433238571215e-02 3.398585977401e-02
 3.364424226930e-02 3.330723015673e-02 3.297451958218e-02 3.264580751387e-02
 3.232079336571e-02 3.199918059956e-02 3.168067829718e-02 3.136500269302e-02
 3.105187865910e-02 3.074104113374e-02 3.043223648608e-02 3.012522380890e-02
 2.981977613261e-02 2.951568155365e-02 2.921274427140e-02 2.891078552779e-02
 2.860964444475e-02 2.830917875503e-02 2.800926542263e-02 2.770980114969e-02
 2.741070276730e-02 2.711190750845e-02 2.681337316192e-02 2.651507810663e-02
 2.621702122663e-02 2.591922170749e-02 2.562171871583e-02 2.532457096379e-02
 2.502785616163e-02 2.473167036147e-02 2.443612719655e-02 2.414135702024e-02
 2.384750595022e-02 2.355473482321e-02 2.326321806659e-02 2.297314249321e-02
 2.268470602667e-02 2.239811636408e-02 2.211358958428e-02 2.183134870917e-02
 2.155162222656e-02 2.127464258283e-02 2.100064465397e-02 2.072986420350e-02
 2.046253633624e-02 2.019889395624e-02 1.993916623791e-02 1.968357711859e-02
 1.943234382119e-02 1.918567541510e-02 1.894377142328e-02 1.870682048349e-02
 1.847499907092e-02 1.824847028942e-02 1.802738273801e-02 1.781186945892e-02
 1.760204697310e-02 1.739801440838e-02 1.719985272531e-02 1.700762404473e-02
 1.682137108109e-02 1.664111668436e-02 1.646686349334e-02 1.629859370217e-02
 1.613626894134e-02 1.597983027404e-02 1.582919830777e-02 1.568427342070e-02
 1.554493610166e-02 1.541104740179e-02 1.528244949567e-02 1.515896634870e-02
 1.504040448734e-02 1.492655386793e-02 1.481718883950e-02 1.471206919538e-02
 1.461094130797e-02 1.451353934043e-02 1.441958652900e-02 1.432879652885e-02
 1.424087481627e-02 1.415552013962e-02 1.407242601132e-02 1.399128223268e-02
 1.391177644346e-02 1.383359568770e-02 1.375642798750e-02 1.367996391609e-02
 1.360389816177e-02 1.352793107431e-02 1.345177018523e-02 1.337513169399e-02
 1.329774191179e-02 1.321933865526e-02 1.313967258237e-02 1.305850846334e-02
 1.297562637949e-02 1.289082284362e-02 1.280391183552e-02 1.271472574702e-02
 1.262311623142e-02 1.252895495219e-02 1.243213422716e-02 1.233256756407e-02
 1.223019008475e-02 1.212495883505e-02 1.201685297880e-02 1.190587387440e-02
 1.179204503325e-02 1.167541196000e-02 1.155604187508e-02 1.143402332069e-02
 1.130946565192e-02 1.118249841535e-02 1.105327061820e-02 1.092194989128e-02
 1.078872155005e-02 1.065378755828e-02 1.051736539941e-02 1.037968686125e-02
 1.024099674015e-02 1.010155147093e-02 9.961617689743e-03 9.821470736831e-03
 9.681393106982e-03 9.541672855392e-03 9.402601967101e-03 9.264474698296e-03
 9.127585897939e-03 8.992229318320e-03 8.858695923174e-03 8.727272202076e-03
 8.598238499765e-03 8.471867369037e-03 8.348421955712e-03 8.228154424044e-03
 8.111304430767e-03 7.998097655725e-03 7.888744396776e-03 7.783438236335e-03
 7.682354786606e-03 7.585650520124e-03 7.493461691868e-03 7.405903358702e-03
 7.323068501471e-03 7.245027254548e-03 7.171826247102e-03 7.103488059819e-03
 7.040010800220e-03 6.981367799161e-03 6.927507430456e-03 6.878353055014e-03
 6.833803090201e-03 6.793731204562e-03 6.757986637382e-03 6.726394641957e-03
 6.698757050799e-03 6.674852960378e-03 6.654439532371e-03 6.637252907731e-03
 6.623009229215e-03 6.611405767296e-03 6.602122143585e-03 6.594821644934e-03
 6.589152620304e-03 6.584749951004e-03 6.581236583034e-03 6.578225107771e-03
 6.575319373823e-03 6.572116108332e-03 6.568206519951e-03 6.563177847759e-03
 6.556614810225e-03 6.548100895599e-03 6.537219419838e-03 6.523554260475e-03
 6.506690155589e-03 6.486212437690e-03 6.461706055440e-03 6.432753725486e-03
 6.398933057425e-03 6.359812513733e-03 6.314946111198e-03 6.263866849628e-03
 6.206078975656e-03 6.141049361095e-03 6.068198499438e-03 5.986891898179e-03
 5.896432957172e-03 5.796058752681e-03 5.684940458794e-03 5.562190385899e-03
 5.426877742283e-03 5.278055164960e-03 5.114797755073e-03 4.936255736364e-03
 4.741720898381e-03 4.530705688987e-03 4.303032228366e-03 4.058926728005e-03
 3.799112968073e-03 3.524896821857e-03 3.238232558959e-03 2.941761064949e-03
 2.638810417634e-03 2.333350634431e-03 2.029896929129e-03 1.733359438328e-03
 1.448841897053e-03 1.181396807967e-03 9.357497770237e-04 7.160103110704e-04
 5.253898966679e-04 3.659500631177e-04 2.384029671846e-04 1.419846148985e-04
 7.441620164706e-05 3.196252062208e-05 9.588529489408e-06 1.206741763645e-06
 0.000000000000e+00
                Type                   L                   N
                   0                   1                   1
 0.000000000000e+00 2.877038224900e-02 5.750857444111e-02 8.618244191442e-02
 1.147599606725e-01 1.432092724065e-01 1.714987391442e-01 1.995969974057e-01
 2.274730117421e-01 2.550961275391e-01 2.824361229671e-01 3.094632599630e-01
 3.361483341305e-01 3.624627234481e-01 3.883784356795e-01 4.138681543816e-01
 4.389052834103e-01 4.634639898287e-01 4.875192451260e-01 5.110468646590e-01
 5.340235452341e-01 5.564269007516e-01 5.782354958399e-01 5.994288774107e-01
 6.199876040748e-01 6.398932733595e-01 6.591285466786e-01 6.776771720080e-01
 6.955240042277e-01 7.126550230978e-01 7.290573488391e-01 7.447192552981e-01
 7.596301806807e-01 7.737807358451e-01 7.871627101508e-01 7.997690748670e-01
 8.115939841484e-01 8.226327735948e-01 8.328819564137e-01 8.423392172145e-01
 8.510034034652e-01 8.588745146503e-01 8.659536891743e-01 8.722431890581e-01
 8.777463824839e-01 8.824677242476e-01 8.864127341813e-01 8.895879736161e-01
 8.920010199581e-01 8.936604394529e-01 8.945757582224e-01 8.947574316565e-01
 8.942168122491e-01 8.929661159695e-01 8.910183872638e-01 8.883874627825e-01
 8.850879339343e-01 8.811351083679e-01 8.765449704833e-01 8.713341410791e-01
 8.655198362401e-01 8.591198255730e-01 8.521523898966e-01 8.446362784944e-01
 8.365906660370e-01 8.280351092815e-01 8.189895036548e-01 8.094740398257e-01
 7.995091603711e-01 7.891155166391e-01 7.783139259099e-01 7.671253289551e-01
 7.555707480902e-01 7.436712458179e-01 7.314478841515e-01 7.189216847086e-01
 7.061135896607e-01 6.930444236208e-01 6.797348565480e-01 6.662053677438e-01
 6.524762110118e-01 6.385673810473e-01 6.244985811194e-01 6.102891921049e-01
 5.959582429269e-01 5.815243824483e-01 5.670058528644e-01 5.524204646347e-01
 5.377855729894e-01 5.231180560404e-01 5.084342945233e-01 4.937501531893e-01
 4.790809638649e-01 4.644415101885e-01 4.498460140315e-01 4.353081236041e-01
 4.208409032426e-01 4.064568248712e-01 3.921677611244e-01 3.779849801137e-01
 3.639191418171e-01 3.499802960659e-01 3.361778820993e-01 3.225207296523e-01
 3.090170615412e-01 2.956744977037e-01 2.825000606513e-01 2.695001822841e-01
 2.566807120195e-01 2.440469261796e-01 2.316035385814e-01 2.193547122717e-01
 2.073040723451e-01 1.954547197826e-01 1.838092462457e-01 1.723697497601e-01
 1.611378512209e-01 1.501147116515e-01 1.393010501452e-01 1.286971624210e-01
 1.183029399209e-01 1.081178893805e-01 9.814115279930e-02 8.837152774220e-02
 7.880748790147e-02 6.944720384971e-02 6.028856391547e-02 5.132919511436e-02
 4.256648406928e-02 3.399759785544e-02 2.561950470711e-02 1.742899452520e-02
 9.422699126381e-03 1.597112177071e-03 -6.051391242480e-03 -1.352653549609e-02
 -2.083212572113e-02 -2.797202967656e-02 -3.495016015352e-02 -4.177045798991e-02
 -4.843687572699e-02 -5.495336194348e-02 -6.132384629916e-02 -6.755222531697e-02
 -7.364234892949e-02 -7.959800781239e-02 -8.542292152410e-02 -9.112072746805e-02
 -9.669497069023e-02 -1.021490945218e-01 -1.074864320737e-01 -1.127101985854e-01
 -1.178234846302e-01 -1.228292501723e-01 -1.277303194713e-01 -1.325293768247e-01
 -1.372289631381e-01 -1.418314733077e-01 -1.463391544002e-01 -1.507541046086e-01
 -1.550782729656e-01 -1.593134597874e-01 -1.634613178248e-01 -1.675233540924e-01
 -1.715009323468e-01 -1.753952761820e-01 -1.792074727098e-01 -1.829384767900e-01
 -1.865891157761e-01 -1.901600947389e-01 -1.936520021308e-01 -1.970653158527e-01
 -2.004004096850e-01 -2.036575600419e-01 -2.068369530117e-01 -2.099386916406e-01
 -2.129628034232e-01 -2.159092479576e-01 -2.187779247274e-01 -2.215686809710e-01
 -2.242813196009e-01 -2.269156071341e-01 -2.294712815987e-01 -2.319480603796e-01
 -2.343456479700e-01 -2.366637435939e-01 -2.389020486700e-01 -2.410602740831e-01
 -2.431381472379e-01 -2.451354188641e-01 -2.470518695491e-01 -2.488873159747e-01
 -2.506416168331e-01 -2.523146784049e-01 -2.539064597782e-01 -2.554169776940e-01
 -2.568463110017e-01 -2.581946047139e-01 -2.594620736487e-01 -2.606490056512e-01
 -2.617557643881e-01 -2.627827917098e-01 -2.637306095793e-01 -2.645998215646e-01
 -2.653911138981e-01 -2.661052561055e-01 -2.667431012082e-01 -2.673055855073e-01
 -2.677937279561e-01 -2.682086291334e-01 -2.685514698261e-01 -2.688235092371e-01
 -2.690260828312e-01 -2.691605998355e-01 -2.692285404111e-01 -2.692314525150e-01
 -2.691709484696e-01 -2.690487012622e-01 -2.688664405940e-01 -2.686259487009e-01
 -2.683290559675e-01 -2.679776363591e-01 -2.675736026926e-01 -2.671189017715e-01
 -2.666155094084e-01 -2.660654253583e-01 -2.654706681867e-01 -2.648332700974e-01
 -2.641552717413e-01 -2.634387170312e-01 -2.626856479850e-01 -2.618980996186e-01
 -2.610780949114e-01 -2.602276398649e-01 -2.593487186744e-01 -2.584432890334e-01
 -2.575132775896e-01 -2.565605755693e-01 -2.555870345874e-01 -2.545944626577e-01
 -2.535846204185e-01 -2.525592175862e-01 -2.515199096489e-01 -2.504682948100e-01
 -2.494059111925e-01 -2.483342343107e-01 -2.472546748164e-01 -2.461685765254e-01
 -2.450772147279e-01 -2.439817947854e-01 -2.428834510163e-01 -2.417832458689e-01
 -2.406821693819e-01 -2.395811389293e-01 -2.384809992464e-01 -2.373825227308e-01
 -2.362864100144e-01 -2.351932907970e-01 -2.341037249349e-01 -2.330182037746e-01
 -2.319371517210e-01 -2.308609280297e-01 -2.297898288111e-01 -2.287240892335e-01
 -2.276638859118e-01 -2.266093394682e-01 -2.255605172495e-01 -2.245174361861e-01
 -2.234800657787e-01 -2.224483311938e-01 -2.214221164552e-01 -2.204012677131e-01
 -2.193855965754e-01 -2.183748834841e-01 -2.173688811216e-01 -2.163673178297e-01
 -2.153699010258e-01 -2.143763205999e-01 -2.133862522787e-01 -2.123993609395e-01
 -2.114153038613e-01 -2.104337338985e-01 -2.094543025629e-01 -2.084766630034e-01
 -2.075004728690e-01 -2.065253970453e-01 -2.055511102535e-01 -2.045772995026e-01
 -2.036036663851e-01 -2.026299292091e-01 -2.016558249592e-01 -2.006811110811e-01
 -1.997055670831e-01 -1.987289959518e-01 -1.977512253783e-01 -1.967721087925e-01
 -1.957915262039e-01 -1.948093848503e-01 -1.938256196527e-01 -1.928401934794e-01
 -1.918530972226e-01 -1.908643496882e-01 -1.898739973067e-01 -1.888821136671e-01
 -1.878887988818e-01 -1.868941787886e-01 -1.858984039970e-01 -1.849016487873e-01
 -1.839041098709e-01 -1.829060050218e-01 -1.819075715882e-01 -1.809090648957e-01
 -1.799107565514e-01 -1.789129326620e-01 -1.779158919758e-01 -1.769199439602e-01
 -1.759254068281e-01 -1.749326055237e-01 -1.739418696808e-01 -1.729535315642e-01
 -1.719679240089e-01 -1.709853783657e-01 -1.700062224677e-01 -1.690307786274e-01
 -1.680593616771e-01 -1.670922770617e-01 -1.661298189964e-01 -1.651722686976e-01
 -1.642198926981e-01 -1.632729412537e-01 -1.623316468525e-01 -1.613962228313e-01
 -1.604668621100e-01 -1.595437360468e-01 -1.586269934236e-01 -1.577167595641e-01
 -1.568131355900e-01 -1.559161978195e-01 -1.550259973093e-01 -1.541425595439e-01
 -1.532658842726e-01 -1.523959454941e-01 -1.515326915898e-01 -1.506760456035e-01
 -1.498259056662e-01 -1.489821455631e-01 -1.481446154392e-01 -1.473131426402e-01
 -1.464875326833e-01 -1.456675703519e-01 -1.448530209096e-01 -1.440436314249e-01
 -1.432391322013e-01 -1.424392383031e-01 -1.416436511699e-01 -1.408520603105e-01
 -1.400641450673e-01 -1.392795764413e-01 -1.384980189685e-01 -1.377191326371e-01
 -1.369425748355e-01 -1.361680023212e-01 -1.353950731984e-01 -1.346234488967e-01
 -1.338527961369e-01 -1.330827888766e-01 -1.323131102232e-01 -1.315434543049e-01
 -1.307735280899e-01 -1.300030531437e-01 -1.292317673152e-01 -1.284594263434e-01
 -1.276858053750e-01 -1.269107003848e-01 -1.261339294931e-01 -1.253553341698e-01
 -1.245747803223e-01 -1.237921592576e-01 -1.230073885168e-01 -1.222204125742e-01
 -1.214312033993e-01 -1.206397608773e-01 -1.198461130852e-01 -1.190503164232e-01
 -1.182524555983e-01 -1.174526434611e-01 -1.166510206957e-01 -1.158477553635e-01
 -1.150430423032e-01 -1.142371023896e-01 -1.134301816539e-01 -1.126225502695e-01
 -1.118145014094e-01 -1.110063499780e-01 -1.101984312255e-01 -1.093910992501e-01
 -1.085847253957e-01 -1.077796965528e-01 -1.069764133701e-01 -1.061752883865e-01
 -1.053767440912e-01 -1.045812109228e-01 -1.037891252159e-01 -1.030009271059e-01
 -1.022170584025e-01 -1.014379604409e-01 -1.006640719240e-01 -9.989582676333e-02
 -9.913365193141e-02 -9.837796533566e-02 -9.762917372428e-02 -9.688767063496e-02
 -9.615383439662e-02 -9.542802619422e-02 -9.471058820677e-02 -9.400184182778e-02
 -9.330208597744e-02 -9.261159551542e-02 -9.193061976233e-02 -9.125938113786e-02
 -9.059807392282e-02 -8.994686315168e-02 -8.930588364189e-02 -8.867523916527e-02
 -8.805500176637e-02 -8.744521123184e-02 -8.684587471428e-02 -8.625696651314e-02
 -8.567842801464e-02 -8.511016779193e-02 -8.455206186571e-02 -8.400395412512e-02
 -8.346565690766e-02 -8.293695173620e-02 -8.241759021051e-02 -8.190729504968e-02
 -8.140576128151e-02 -8.091265757374e-02 -8.042762770163e-02 -7.995029214567e-02
 -7.948024981224e-02 -7.901707987001e-02 -7.856034369360e-02 -7.810958690600e-02
 -7.766434151043e-02 -7.722412810197e-02 -7.678845814880e-02 -7.635683633258e-02
 -7.592876293703e-02 -7.550373627357e-02 -7.508125513268e-02 -7.466082124929e-02
 -7.424194177058e-02 -7.382413171421e-02 -7.340691640537e-02 -7.298983388064e-02
 -7.257243724691e-02 -7.215429698399e-02 -7.173500317914e-02 -7.131416768267e-02
 -7.089142617348e-02 -7.046644012413e-02 -7.003889865526e-02 -6.960852026966e-02
 -6.917505445677e-02 -6.873828315885e-02 -6.829802209093e-02 -6.785412190680e-02
 -6.740646920438e-02 -6.695498736422e-02 -6.649963721581e-02 -6.604041752685e-02
 -6.557736531182e-02 -6.511055595646e-02 -6.464010315611e-02 -6.416615866625e-02
 -6.368891186479e-02 -6.320858912610e-02 -6.272545300815e-02 -6.223980125432e-02
 -6.175196561300e-02 -6.126231047835e-02 -6.077123135673e-02 -6.027915316407e-02
 -5.978652836020e-02 -5.929383492699e-02 -5.880157419778e-02 -5.831026854650e-02
 -5.782045894540e-02 -5.733270240094e-02 -5.684756927822e-02 -5.636564052460e-02
 -5.588750480400e-02 -5.541375555353e-02 -5.494498797481e-02 -5.448179597258e-02
 -5.402476905350e-02 -5.357448919850e-02 -5.313152772192e-02 -5.269644213132e-02
 -5.226977300139e-02 -5.185204087599e-02 -5.144374321181e-02 -5.104535137760e-02
 -5.065730772224e-02 -5.028002272525e-02 -4.991387224267e-02 -4.955919486119e-02
 -4.921628937303e-02 -4.888541238347e-02 -4.856677606267e-02 -4.826054605286e-02
 -4.796683954123e-02 -4.768572350854e-02 -4.741721316251e-02 -4.716127056456e-02
 -4.691780345758e-02 -4.668666430182e-02 -4.646764952479e-02 -4.626049899089e-02
 -4.606489569475e-02 -4.588046568226e-02 -4.570677820157e-02 -4.554334608605e-02
 -4.538962636985e-02 -4.524502113589e-02 -4.510887859525e-02 -4.498049439576e-02
 -4.485911315698e-02 -4.474393022737e-02 -4.463409365903e-02 -4.452870639401e-02
 -4.442682865561e-02 -4.432748053712e-02 -4.422964477945e-02 -4.413226972843e-02
 -4.403427246159e-02 -4.393454207333e-02 -4.383194310643e-02 -4.372531911683e-02
 -4.361349635721e-02 -4.349528756324e-02 -4.336949582425e-02 -4.323491851673e-02
 -4.309035127482e-02 -4.293459196537e-02 -4.276644462636e-02 -4.258472331425e-02
 -4.238825578836e-02 -4.217588693544e-02 -4.194648180533e-02 -4.169892808541e-02
 -4.143213778716e-02 -4.114504785165e-02 -4.083661930102e-02 -4.050583447486e-02
 -4.015169179606e-02 -3.977319742290e-02 -3.936935307431e-02 -3.893913928703e-02
 -3.848149340231e-02 -3.799528172098e-02 -3.747926554776e-02 -3.693206130804e-02
 -3.635209560060e-02 -3.573755697216e-02 -3.508634736794e-02 -3.439603759978e-02
 -3.366383270719e-02 -3.288655464430e-02 -3.206065112504e-02 -3.118224046226e-02
 -3.024720256096e-02 -2.925132556701e-02 -2.819051573956e-02 -2.706107467757e-02
 -2.586004297543e-02 -2.458560276699e-02 -2.323752372429e-02 -2.181762843941e-02
 -2.033024452871e-02 -1.878260326829e-02 -1.718513925380e-02 -1.555164365121e-02
 -1.389922610594e-02 -1.224804803424e-02 -1.062080307856e-02 -9.041938594556e-03
 -7.536634085708e-03 -6.129576760684e-03 -4.843598537131e-03 -3.698260171376e-03
 -2.708484015290e-03 -1.883344738297e-03 -1.225125402642e-03 -7.287337027732e-04
 -3.815503062691e-04 -1.637496381425e-04 -4.909585232985e-05 -6.176737899173e-06
 0.000000000000e+00
                Type                   L                   N
                   0                   2                   0
 0.000000000000e+00 1.152231835309e-04 4.608471283225e-04 1.036734812271e-03
 1.842657272740e-03 2.878292707461e-03 4.143225226991e-03 5.636943268156e-03
 7.358837673971e-03 9.308199453977e-03 1.148421723951e-02 1.388597444970e-02
 1.651244618766e-02 1.936249588627e-02 2.243487172606e-02 2.572820284893e-02
 2.924099539303e-02 3.297162837530e-02 3.691834945014e-02 4.107927057328e-02
 4.545236360108e-02 5.003545585656e-02 5.482622569419e-02 5.982219809573e-02
 6.502074033052e-02 7.041905771308e-02 7.601418949175e-02 8.180300490159e-02
 8.778219941479e-02 9.394829122136e-02 1.002976179725e-01 1.068263338183e-01
 1.135304067700e-01 1.204056164184e-01 1.274475520341e-01 1.346516110806e-01
 1.420129981628e-01 1.495267244385e-01 1.571876075132e-01 1.649902718407e-01
 1.729291496476e-01 1.809984824005e-01 1.891923228285e-01 1.975045375158e-01
 2.059288100739e-01 2.144586449023e-01 2.230873715427e-01 2.318081496309e-01
 2.406139744469e-01 2.494976830620e-01 2.584519610778e-01 2.674693499520e-01
 2.765422549005e-01 2.856629533653e-01 2.948236040332e-01 3.040162563891e-01
 3.132328607857e-01 3.224652790067e-01 3.317052953026e-01 3.409446278700e-01
 3.501749407507e-01 3.593878561177e-01 3.685749669173e-01 3.777278498360e-01
 3.868380785536e-01 3.958972372496e-01 4.048969343225e-01 4.138288162844e-01
 4.226845817899e-01 4.314559957589e-01 4.401349035506e-01 4.487132451474e-01
 4.571830693043e-01 4.655365476226e-01 4.737659885021e-01 4.818638509313e-01
 4.898227580700e-01 4.976355105841e-01 5.052950996885e-01 5.127947198582e-01
 5.201277811662e-01 5.272879212100e-01 5.342690165867e-01 5.410651938822e-01
 5.476708401366e-01 5.540806127548e-01 5.602894488275e-01 5.662925738354e-01
 5.720855097060e-01 5.776640821992e-01 5.830244275962e-01 5.881629986715e-01
 5.930765699291e-01 5.977622420844e-01 6.022174457812e-01 6.064399445282e-01
 6.104278368504e-01 6.141795576455e-01 6.176938787444e-01 6.209699086737e-01
 6.240070916226e-01 6.268052056183e-01 6.293643599174e-01 6.316849916234e-01
 6.337678615417e-01 6.356140492887e-01 6.372249476701e-01 6.386022563509e-01
 6.397479748365e-01 6.406643947915e-01 6.413540917212e-01 6.418199160449e-01
 6.420649835911e-01 6.420926655472e-01 6.419065778974e-01 6.415105703833e-01
 6.409087150257e-01 6.401052942437e-01 6.391047886116e-01 6.379118642933e-01
 6.365313601943e-01 6.349682748735e-01 6.332277532571e-01 6.313150731956e-01
 6.292356319078e-01 6.269949323527e-01 6.245985695731e-01 6.220522170516e-01
 6.193616131215e-01 6.165325474721e-01 6.135708477905e-01 6.104823665767e-01
 6.072729681723e-01 6.039485160382e-01 6.005148603178e-01 5.969778257193e-01
 5.933431997505e-01 5.896167213360e-01 5.858040698469e-01 5.819108545703e-01
 5.779426046434e-01 5.739047594765e-01 5.698026596847e-01 5.656415385503e-01
 5.614265140290e-01 5.571625813188e-01 5.528546060003e-01 5.485073177621e-01
 5.441253047161e-01 5.397130083108e-01 5.352747188443e-01 5.308145715793e-01
 5.263365434579e-01 5.218444504132e-01 5.173419452729e-01 5.128325162454e-01
 5.083194859809e-01 5.038060111943e-01 4.992950828362e-01 4.947895267974e-01
 4.902920051292e-01 4.858050177606e-01 4.813309046921e-01 4.768718486435e-01
 4.724298781344e-01 4.680068709703e-01 4.636045581114e-01 4.592245278950e-01
 4.548682305869e-01 4.505369832311e-01 4.462319747709e-01 4.419542714111e-01
 4.377048221929e-01 4.334844647501e-01 4.292939312190e-01 4.251338542700e-01
 4.210047732325e-01 4.169071402838e-01 4.128413266727e-01 4.088076289493e-01
 4.048062751737e-01 4.008374310760e-01 3.969012061426e-01 3.929976596012e-01
 3.891268062839e-01 3.852886223415e-01 3.814830507903e-01 3.777100068690e-01
 3.739693831870e-01 3.702610546472e-01 3.665848831252e-01 3.629407218920e-01
 3.593284197659e-01 3.557478249819e-01 3.521987887694e-01 3.486811686294e-01
 3.451948313034e-01 3.417396554317e-01 3.383155338938e-01 3.349223758329e-01
 3.315601083612e-01 3.282286779495e-01 3.249280515026e-01 3.216582171258e-01
 3.184191845879e-01 3.152109854877e-01 3.120336731337e-01 3.088873221456e-01
 3.057720277897e-01 3.026879050595e-01 2.996350875157e-01 2.966137258997e-01
 2.936239865352e-01 2.906660495350e-01 2.877401068278e-01 2.848463600251e-01
 2.819850181436e-01 2.791562952027e-01 2.763604077151e-01 2.735975720902e-01
 2.708680019684e-01 2.681719055060e-01 2.655094826298e-01 2.628809222795e-01
 2.602863996574e-01 2.577260735040e-01 2.552000834156e-01 2.527085472243e-01
 2.502515584543e-01 2.478291838727e-01 2.454414611499e-01 2.430883966434e-01
 2.407699633201e-01 2.384860988296e-01 2.362367037404e-01 2.340216399496e-01
 2.318407292772e-01 2.296937522526e-01 2.275804471016e-01 2.255005089407e-01
 2.234535891836e-01 2.214392951644e-01 2.194571899799e-01 2.175067925545e-01
 2.155875779263e-01 2.136989777548e-01 2.118403810493e-01 2.100111351128e-01
 2.082105467006e-01 2.064378833856e-01 2.046923751261e-01 2.029732160279e-01
 2.012795662930e-01 1.996105543462e-01 1.979652791292e-01 1.963428125509e-01
 1.947422020844e-01 1.931624734966e-01 1.916026336981e-01 1.900616737011e-01
 1.885385716699e-01 1.870322960513e-01 1.855418087690e-01 1.840660684686e-01
 1.826040337960e-01 1.811546666973e-01 1.797169357215e-01 1.782898193138e-01
 1.768723090821e-01 1.754634130238e-01 1.740621586974e-01 1.726675963239e-01
 1.712788018055e-01 1.698948796476e-01 1.685149657705e-01 1.671382301993e-01
 1.657638796200e-01 1.643911597906e-01 1.630193577963e-01 1.616478041411e-01
 1.602758746642e-01 1.589029922761e-01 1.575286285052e-01 1.561523048496e-01
 1.547735939297e-01 1.533921204354e-01 1.520075618660e-01 1.506196490606e-01
 1.492281665161e-01 1.478329524941e-01 1.464338989162e-01 1.450309510492e-01
 1.436241069837e-01 1.422134169075e-01 1.407989821802e-01 1.393809542123e-01
 1.379595331564e-01 1.365349664159e-01 1.351075469791e-01 1.336776115880e-01
 1.322455387488e-01 1.308117465958e-01 1.293766906173e-01 1.279408612552e-01
 1.265047813883e-01 1.250690037132e-01 1.236341080316e-01 1.222006984594e-01
 1.207694005681e-01 1.193408584722e-01 1.179157318754e-01 1.164946930878e-01
 1.150784240284e-01 1.136676132250e-01 1.122629528238e-01 1.108651356227e-01
 1.094748521397e-01 1.080927877290e-01 1.067196197566e-01 1.053560148460e-01
 1.040026262073e-01 1.026600910572e-01 1.013290281424e-01 1.000100353747e-01
 9.870368758682e-02 9.741053441747e-02 9.613109833303e-02 9.486587279270e-02
 9.361532056347e-02 9.237987219022e-02 9.115992462572e-02 8.995584002436e-02
 8.876794470286e-02 8.759652827025e-02 8.644184292870e-02 8.530410294604e-02
 8.418348429994e-02 8.308012449302e-02 8.199412253729e-02 8.092553910582e-02
 7.987439684848e-02 7.884068086817e-02 7.782433935315e-02 7.682528436037e-02
 7.584339274429e-02 7.487850722487e-02 7.393043758793e-02 7.299896201070e-02
 7.208382850462e-02 7.118475646734e-02 7.030143833521e-02 6.943354132739e-02
 6.858070927226e-02 6.774256450669e-02 6.691870983845e-02 6.610873056180e-02
 6.531219651644e-02 6.452866417958e-02 6.375767878121e-02 6.299877643239e-02
 6.225148625674e-02 6.151533251512e-02 6.078983671393e-02 6.007451968750e-02
 5.936890364531e-02 5.867251417519e-02 5.798488219371e-02 5.730554583570e-02
 5.663405227489e-02 5.596995946827e-02 5.531283781725e-02 5.466227173906e-02
 5.401786114236e-02 5.337922280176e-02 5.274599162616e-02 5.211782181670e-02
 5.149438791045e-02 5.087538570671e-02 5.026053307336e-02 4.964957063122e-02
 4.904226231504e-02 4.843839581038e-02 4.783778286616e-02 4.724025948328e-02
 4.664568598032e-02 4.605394693779e-02 4.546495102321e-02 4.487863069942e-02
 4.429494181950e-02 4.371386311185e-02 4.313539555949e-02 4.255956167838e-02
 4.198640469947e-02 4.141598766013e-02 4.084839241048e-02 4.028371854089e-02
 3.972208223687e-02 3.916361506810e-02 3.860846271838e-02 3.805678366363e-02
 3.750874780500e-02 3.696453506467e-02 3.642433395151e-02 3.588834010424e-02
 3.535675481940e-02 3.482978357178e-02 3.430763453452e-02 3.379051710632e-02
 3.327864045283e-02 3.277221206928e-02 3.227143637127e-02 3.177651332008e-02
 3.128763708919e-02 3.080499477778e-02 3.032876517724e-02 2.985911759595e-02
 2.939621074765e-02 2.894019170791e-02 2.849119494332e-02 2.804934141709e-02
 2.761473777487e-02 2.718747561377e-02 2.676763083719e-02 2.635526309796e-02
 2.595041533134e-02 2.555311337936e-02 2.516336570729e-02 2.478116321287e-02
 2.440647912808e-02 2.403926901314e-02 2.367947084180e-02 2.332700517667e-02
 2.298177543281e-02 2.264366822746e-02 2.231255381352e-02 2.198828659368e-02
 2.167070571219e-02 2.135963572057e-02 2.105488731346e-02 2.075625813035e-02
 2.046353361887e-02 2.017648795491e-02 1.989488501457e-02 1.961847939308e-02
 1.934701746518e-02 1.908023848169e-02 1.881787569681e-02 1.855965752032e-02
 1.830530868929e-02 1.805455145336e-02 1.780710676810e-02 1.756269549052e-02
 1.732103957131e-02 1.708186323810e-02 1.684489416431e-02 1.660986461823e-02
 1.637651258708e-02 1.614458287110e-02 1.591382814267e-02 1.568400996591e-02
 1.545489977224e-02 1.522627978789e-02 1.499794390914e-02 1.476969852193e-02
 1.454136326232e-02 1.431277171473e-02 1.408377204529e-02 1.385422756780e-02
 1.362401724019e-02 1.339303608980e-02 1.316119556587e-02 1.292842381833e-02
 1.269466590200e-02 1.245988390586e-02 1.222405700725e-02 1.198718145132e-02
 1.174927045629e-02 1.151035404539e-02 1.127047880681e-02 1.102970758306e-02
 1.078811909169e-02 1.054580747941e-02 1.030288181201e-02 1.005946550280e-02
 9.815695682307e-03 9.571722512541e-03 9.327708448979e-03 9.083827453932e-03
 8.840264164937e-03 8.597213022042e-03 8.354877358017e-03 8.113468455595e-03
 7.873204575986e-03 7.634309962984e-03 7.397013827035e-03 7.161549313700e-03
 6.928152460952e-03 6.697061149774e-03 6.468514052480e-03 6.242749583181e-03
 6.020004854749e-03 5.800514646566e-03 5.584510387248e-03 5.372219156475e-03
 5.163862709862e-03 4.959656530757e-03 4.759808912636e-03 4.564520075642e-03
 4.373981320620e-03 4.188374223821e-03 4.007869875243e-03 3.832628163385e-03
 3.662797108947e-03 3.498512249796e-03 3.339896079310e-03 3.187057539915e-03
 3.040091573457e-03 2.899078729751e-03 2.764084834425e-03 2.635160716923e-03
 2.512341999278e-03 2.395648946017e-03 2.285086375302e-03 2.180643631191e-03
 2.082294616621e-03 1.989997886507e-03 1.903696800122e-03 1.823319731654e-03
 1.748780337675e-03 1.679977879993e-03 1.616797602193e-03 1.559111157954e-03
 1.506777089055e-03 1.459641350806e-03 1.417537882485e-03 1.380289220186e-03
 1.347707149372e-03 1.319593394272e-03 1.295740341143e-03 1.275931792315e-03
 1.259943747812e-03 1.247545211238e-03 1.238499016507e-03 1.232562671839e-03
 1.229489217298e-03 1.229028091892e-03 1.230926005938e-03 1.234927813918e-03
 1.240777382398e-03 1.248218446593e-03 1.256995447862e-03 1.266854342567e-03
 1.277543370302e-03 1.288813766367e-03 1.300420399392e-03 1.312122310314e-03
 1.323683123484e-03 1.334871294936e-03 1.345460157310e-03 1.355227716538e-03
 1.363956153508e-03 1.371430986359e-03 1.377439857954e-03 1.381770931118e-03
 1.384210903945e-03 1.384542701244e-03 1.382542957599e-03 1.377979482469e-03
 1.370608986175e-03 1.360175442101e-03 1.346409556288e-03 1.329029897981e-03
 1.307746297335e-03 1.282266120432e-03 1.252303967224e-03 1.217595187225e-03
 1.177913358113e-03 1.133091520571e-03 1.083046518090e-03 1.027805278284e-03
 9.675313347356e-04 9.025493838122e-04 8.333652697203e-04 7.606785692834e-04
 6.853849772591e-04 6.085660298252e-04 5.314643773222e-04 4.554438192432e-04
 3.819345925233e-04 3.123658606155e-04 2.480888475829e-04 1.902954323365e-04
 1.399380873562e-04 9.765765088780e-05 6.372543575391e-05 3.800553413339e-05
 1.994188262716e-05 8.572792897400e-06 2.573393372614e-06 3.239903270306e-07
 0.000000000000e+00