0.000000000000 1.045565376846 0.993776305264 0.000000000000 0.000000000000 0.000000000000
0.010000000000 1.045583476105 0.993813761514 0.036124583500 0.028770382249 0.000115223184
0.020000000000 1.045637688245 0.993925970011 0.072211355671 0.057508574441 0.000460847128
0.030000000000 1.045727756525 0.994112450339 0.108222578061 0.086182441914 0.001036734812
0.040000000000 1.045853253631 0.994372402944 0.144120657781 0.114759960673 0.001842657273
0.050000000000 1.046013582561 0.994704710854 0.179868219817 0.143209272406 0.002878292707
0.060000000000 1.046207977849 0.995107942063 0.215428178763 0.171498739144 0.004143225227
0.070000000000 1.046435507150 0.995580352605 0.250763809817 0.199596997406 0.005636943268
0.080000000000 1.046695073154 0.996119890276 0.285838818820 0.227473011742 0.007358837674
0.090000000000 1.046985415853 0.996724199033 0.320617411193 0.255096127539 0.009308199454
0.100000000000 1.047305115131 0.997390624028 0.355064359564 0.282436122967 0.011484217240
0.110000000000 1.047652593694 0.998116217278 0.389145069934 0.309463259963 0.013885974450
0.120000000000 1.048026120310 0.998897743969 0.422825646198 0.336148334130 0.016512446188
0.130000000000 1.048423813374 0.999731689351 0.456072952861 0.362462723448 0.019362495886
0.140000000000 1.048843644777 1.000614266241 0.488854675797 0.388378435680 0.022434871726
0.150000000000 1.049283444076 1.001541423086 0.521139380887 0.413868154382 0.025728202849
0.160000000000 1.049740902951 1.002508852594 0.552896570403 0.438905283410 0.029240995393
0.170000000000 1.050213579944 1.003512000891 0.584096736980 0.463463989829 0.032971628375
0.180000000000 1.050698905470 1.004546077201 0.614711415071 0.487519245126 0.036918349450
0.190000000000 1.051194187085 1.005606064008 0.644713229732 0.511046864659 0.041079270573
0.200000000000 1.051696615003 1.006686727692 0.674075942647 0.534023545234 0.045452363601
0.210000000000 1.052203267846 1.007782629613 0.702774495262 0.556426900752 0.050035455857
0.220000000000 1.052711118628 1.008888137606 0.730785048950 0.578235495840 0.054826225694
0.230000000000 1.053217040931 1.009997437869 0.758085022103 0.599428877411 0.059822198096
0.240000000000 1.053717815300 1.011104547223 0.784653124073 0.619987604075 0.065020740331
0.250000000000 1.054210135802 1.012203325698 0.810469385902 0.639893273359 0.070419057713
0.260000000000 1.054690616771 1.013287489436 0.835515187759 0.659128546679 0.076014189492
0.270000000000 1.055155799693 1.014350623872 0.859773283056 0.677677172008 0.081803004902
0.280000000000 1.055602160246 1.015386197157 0.883227819177 0.695524004228 0.087782199415
0.290000000000 1.056026115452 1.016387573807 0.905864354812 0.712655023098 0.093948291221
0.300000000000 1.056424030948 1.017348028540 0.927669873855 0.729057348839 0.100297617973
0.310000000000 1.056792228346 1.018260760263 0.948632795866 0.744719255298 0.106826333818
0.320000000000 1.057126992676 1.019118906194 0.968742983092 0.759630180681 0.113530406770
0.330000000000 1.057424579890 1.019915556075 0.987991744052 0.773780735845 0.120405616418
0.340000000000 1.057681224410 1.020643766442 1.006371833713 0.787162710151 0.127447552034
0.350000000000 1.057893146715 1.021296574938 1.023877450273 0.799769074867 0.134651611081
0.360000000000 1.058056560934 1.021867014618 1.040504228601 0.811593984148 0.142012998163
0.370000000000 1.058167682445 1.022348128228 1.056249230372 0.822632773595 0.149526724439
0.380000000000 1.058222735457 1.022732982414 1.071110930963 0.832881956414 0.157187607513
0.390000000000 1.058217960552 1.023014681853 1.085089203161 0.842339217214 0.164990271841
0.400000000000 1.058149622190 1.023186383247 1.098185297775 0.851003403465 0.172929149648
0.410000000000 1.058014016142 1.023241309173 1.110401821222 0.858874514650 0.180998482400
0.420000000000 1.057807476846 1.023172761748 1.121742710180 0.865953689174 0.189192322829
0.430000000000 1.057526384672 1.022974136085 1.132213203415 0.872243189058 0.197504537516
0.440000000000 1.057167173074 1.022638933513 1.141819810876 0.877746382484 0.205928810074
0.450000000000 1.056726335618 1.022160774525 1.150570280178 0.882467724248 0.214458644902
0.460000000000 1.056200432879 1.021533411443 1.158473560597 0.886412734181 0.223087371543
0.470000000000 1.055586099177 1.020750740756 1.165539764694 0.889587973616 0.231808149631
0.480000000000 1.054880049151 1.019806815128 1.171780127699 0.892001019958 0.240613974447
0.490000000000 1.054079084163 1.018695855025 1.177206964809 0.893660439453 0.249497683062
0.500000000000 1.053180098495 1.017412259969 1.181833626520 0.894575758222 0.258451961078
0.510000000000 1.052180085360 1.015950619374 1.185674452150 0.894757431656 0.267469349952
0.520000000000 1.051076142683 1.014305722950 1.188744721706 0.894216812249 0.276542254900
0.530000000000 1.049865478669 1.012472570664 1.191060606240 0.892966115970 0.285662953365
0.540000000000 1.048545417126 1.010446382226 1.192639116855 0.891018387264 0.294823604033
0.550000000000 1.047113402546 1.008222606099 1.193498052519 0.888387462782 0.304016256389
0.560000000000 1.045567004928 1.005796927999 1.193655946845 0.885087933934 0.313232860786
0.570000000000 1.043903924337 1.003165278892 1.193132014002 0.881135108368 0.322465279007
0.580000000000 1.042121995194 1.000323842450 1.191946093907 0.876544970483 0.331705295303
0.590000000000 1.040219190274 0.997269061981 1.190118596885 0.871334141079 0.340944627870
0.600000000000 1.038193624435 0.993997646802 1.187670447924 0.865519836240 0.350174940751
0.610000000000 1.036043558035 0.990506578054 1.184623030717 0.859119825573 0.359387856118
0.620000000000 1.033767400065 0.986793113956 1.180998131634 0.852152389897 0.368574966917
0.630000000000 1.031363710966 0.982854794482 1.176817883778 0.844636278494 0.377727849836
0.640000000000 1.028831205151 0.978689445465 1.172104711296 0.836590666037 0.386838078554
0.650000000000 1.026168753203 0.974295182115 1.166881274080 0.828035109282 0.395897237250
0.660000000000 1.023375383768 0.969670411964 1.161170413017 0.818989503655 0.404896934322
0.670000000000 1.020450285128 0.964813837219 1.154995095928 0.809474039826 0.413828816284
0.680000000000 1.017392806459 0.959724456540 1.148378364341 0.799509160371 0.422684581790
0.690000000000 1.014202458769 0.954401566230 1.141343281225 0.789115516639 0.431455995759
0.700000000000 1.010878915518 0.948844760857 1.133912879833 0.778313925910 0.440134903551
0.710000000000 1.007422012929 0.943053933299 1.126110113755 0.767125328955 0.448713245147
0.720000000000 1.003831749968 0.937029274219 1.117957808331 0.755570748090 0.457183069304
0.730000000000 1.000108288030 0.930771270990 1.109478613506 0.743671245818 0.465536547623
0.740000000000 0.996251950300 0.924280706061 1.100694958262 0.731447884151 0.473765988502
0.750000000000 0.992263220814 0.917558654785 1.091629006711 0.718921684709 0.481863850931
0.760000000000 0.988142743220 0.910606482716 1.082302615951 0.706113589661 0.489822758070
0.770000000000 0.983891319237 0.903425842384 1.072737295765 0.693044423621 0.497635510584
0.780000000000 0.979509906822 0.896018669571 1.062954170257 0.679734856548 0.505295099688
0.790000000000 0.974999618059 0.888387179085 1.052973941476 0.666205367744 0.512794719858
0.800000000000 0.970361716761 0.880533860061 1.042816855114 0.652476211012 0.520127781166
0.810000000000 0.965597615804 0.872461470802 1.032502668323 0.638567381047 0.527287921210
0.820000000000 0.960708874199 0.864173033167 1.022050619702 0.624498581119 0.534269016587
0.830000000000 0.955697193903 0.855671826538 1.011479401497 0.610289192105 0.541065193882
0.840000000000 0.950564416394 0.846961381372 1.000807134057 0.595958242927 0.547670840137
0.850000000000 0.945312518997 0.838045472357 0.990051342544 0.581524382448 0.554080612755
0.860000000000 0.939943610994 0.828928111210 0.979228935959 0.567005852864 0.560289448828
0.870000000000 0.934459929512 0.819613539103 0.968356188447 0.552420464635 0.566292573835
0.880000000000 0.928863835203 0.810106218770 0.957448722926 0.537785572989 0.572085509706
0.890000000000 0.923157807733 0.800410826298 0.946521497001 0.523118056040 0.577664082199
0.900000000000 0.917344441088 0.790532242628 0.935588791178 0.508434294523 0.583024427596
0.910000000000 0.911426438707 0.780475544788 0.924664199344 0.493750153189 0.588162998672
0.920000000000 0.905406608452 0.770245996877 0.913760621483 0.479080963865 0.593076569929
0.930000000000 0.899287857436 0.759849040827 0.902890258616 0.464441510188 0.597762242084
0.940000000000 0.893073186712 0.749290286963 0.892064609902 0.449846014031 0.602217445781
0.950000000000 0.886765685843 0.738575504378 0.881294471861 0.435308123604 0.606439944528
0.960000000000 0.880368527360 0.727710611157 0.870589939682 0.420840903243 0.610427836850
0.970000000000 0.873884961124 0.716701664462 0.859960410532 0.406456824871 0.614179557646
0.980000000000 0.867318308605 0.705554850503 0.849414588827 0.392167761124 0.617693878744
0.990000000000 0.860671957091 0.694276474421 0.838960493378 0.377984980114 0.620969908674
1.000000000000 0.853949353838 0.682872950103 0.828605466352 0.363919141817 0.624007091623
1.010000000000 0.847154000180 0.671350789944 0.818356183962 0.349980296066 0.626805205618
1.020000000000 0.840289445602 0.659716594596 0.808218668807 0.336177882099 0.629364359917
1.030000000000 0.833359281799 0.647977042697 0.798198303778 0.322520729652 0.631684991623
1.040000000000 0.826367136732 0.636138880629 0.788299847434 0.309017061541 0.633767861542
1.050000000000 0.819316668684 0.624208912309 0.778527450767 0.295674497704 0.635614049289
1.060000000000 0.812211560346 0.612193989039 0.768884675247 0.282500060651 0.637224947670
1.070000000000 0.805055512928 0.600100999426 0.759374512066 0.269500182284 0.638602256351
1.080000000000 0.797852240321 0.587936859407 0.749999402467 0.256680712020 0.639747974837
1.090000000000 0.790605463312 0.575708502381 0.740761259067 0.244046926180 0.640664394792
1.100000000000 0.783318903866 0.563422869477 0.731661488069 0.231603538581 0.641354091721
1.110000000000 0.775996279497 0.551086899965 0.722701012263 0.219354712272 0.641819916045
1.120000000000 0.768641297722 0.538707521840 0.713880294711 0.207304072345 0.642064983591
1.130000000000 0.761257650616 0.526291642579 0.705199363016 0.195454719783 0.642092665547
1.140000000000 0.753849009488 0.513846140097 0.696657834067 0.183809246246 0.641906577897
1.150000000000 0.746419019673 0.501377853916 0.688254939172 0.172369749760 0.641510570383
1.160000000000 0.738971295453 0.488893576551 0.679989549462 0.161137851221 0.640908715026
1.170000000000 0.731509415128 0.476400045137 0.671860201484 0.150114711651 0.640105294244
1.180000000000 0.724036916229 0.463903933302 0.663865122874 0.139301050145 0.639104788612
1.190000000000 0.716557290891 0.451411843299 0.656002258017 0.128697162421 0.637911864293
1.200000000000 0.709073981394 0.438930298407 0.648269293617 0.118302939921 0.636531360194
1.210000000000 0.701590375870 0.426465735610 0.640663684063 0.108117889381 0.634968274873
1.220000000000 0.694109804202 0.414024498565 0.633182676525 0.098141152799 0.633227753257
1.230000000000 0.686635534094 0.401612830863 0.625823335689 0.088371527742 0.631315073196
1.240000000000 0.679170767340 0.389236869593 0.618582568053 0.078807487901 0.629235631908
1.250000000000 0.671718636291 0.376902639209 0.611457145704 0.069447203850 0.626994932353
1.260000000000 0.664282200518 0.364616045717 0.604443729518 0.060288563915 0.624598569573
1.270000000000 0.656864443684 0.352382871175 0.597538891693 0.051329195114 0.622052217052
1.280000000000 0.649468270620 0.340208768512 0.590739137579 0.042566484069 0.619361613121
1.290000000000 0.642096504617 0.328099256674 0.584040926721 0.033997597855 0.616532547472
1.300000000000 0.634751884930 0.316059716096 0.577440693080 0.025619504707 0.613570847790
1.310000000000 0.627437064494 0.304095384492 0.570934864368 0.017428994525 0.610482366577
1.320000000000 0.620154607862 0.292211352987 0.564519880469 0.009422699126 0.607272968172
1.330000000000 0.612906989357 0.280412562558 0.558192210887 0.001597112177 0.603948516038
1.340000000000 0.605696591441 0.268703800815 0.551948371201 -0.006051391242 0.600514860318
1.350000000000 0.598525703303 0.257089699100 0.545784938491 -0.013526535496 0.596977825719
1.360000000000 0.591396519664 0.245574729901 0.539698565713 -0.020832125721 0.593343199751
1.370000000000 0.584311139791 0.234163204598 0.533685994995 -0.027972029677 0.589616721336
1.380000000000 0.577271566731 0.222859271509 0.527744069852 -0.034950160154 0.585804069847
1.390000000000 0.570279706747 0.211666914255 0.521869746298 -0.041770457990 0.581910854570
1.400000000000 0.563337368971 0.200589950430 0.516060102854 -0.048436875727 0.577942604643
1.410000000000 0.556446265252 0.189632030561 0.510312349452 -0.054953361943 0.573904759476
1.420000000000 0.549608010209 0.178796637376 0.504623835237 -0.061323846299 0.569802659685
1.430000000000 0.542824121476 0.168087085345 0.498992055273 -0.067552225317 0.565641538550
1.440000000000 0.536096020142 0.157506520512 0.493414656173 -0.073642348929 0.561426514029
1.450000000000 0.529425031372 0.147057920593 0.487889440656 -0.079598007812 0.557162581319
1.460000000000 0.522812385214 0.136744095339 0.482414371066 -0.085422921524 0.552854606000
1.470000000000 0.516259217573 0.126567687163 0.476987571869 -0.091120727468 0.548507317762
1.480000000000 0.509766571363 0.116531172003 0.471607331155 -0.096694970690 0.544125304716
1.490000000000 0.503335397806 0.106636860439 0.466272101180 -0.102149094522 0.539713008311
1.500000000000 0.496966557902 0.096886899023 0.460980497982 -0.107486432074 0.535274718844
1.510000000000 0.490660824037 0.087283271849 0.455731300103 -0.112710198585 0.530814571579
1.520000000000 0.484418881732 0.077827802318 0.450523446466 -0.117823484630 0.526336543458
1.530000000000 0.478241331526 0.068522155116 0.445356033441 -0.122829250172 0.521844450413
1.540000000000 0.472128690986 0.059367838378 0.440228311152 -0.127730319471 0.517341945273
1.550000000000 0.466081396831 0.050366206033 0.435139679061 -0.132529376825 0.512832516245
1.560000000000 0.460099807165 0.041518460330 0.430089680895 -0.137228963138 0.508319485981
1.570000000000 0.454184203815 0.032825654513 0.425077998945 -0.141831473308 0.503806011194
1.580000000000 0.448334794752 0.024288695655 0.420104447810 -0.146339154400 0.499295082836
1.590000000000 0.442551716609 0.015908347634 0.415168967613 -0.150754104609 0.494789526797
1.600000000000 0.436835037263 0.007685234238 0.410271616772 -0.155078272966 0.490292005129
1.610000000000 0.431184758488 -0.000380157612 0.405412564352 -0.159313459787 0.485805017761
1.620000000000 0.425600818671 -0.008287474521 0.400592082067 -0.163461317825 0.481330904692
1.630000000000 0.420083095572 -0.016036493185 0.395810535987 -0.167523354092 0.476871848643
1.640000000000 0.414631409126 -0.023627116857 0.391068377989 -0.171500932347 0.472429878134
1.650000000000 0.409245524283 -0.031059371741 0.386366137025 -0.175395276182 0.468006870970
1.660000000000 0.403925153869 -0.038333403308 0.381704410244 -0.179207472710 0.463604558111
1.670000000000 0.398669961466 -0.045449472547 0.377083854021 -0.182938476790 0.459224527895
1.680000000000 0.393479564298 -0.052407952173 0.372505174957 -0.186589115776 0.454868230587
1.690000000000 0.388353536124 -0.059209322777 0.367969120880 -0.190160094739 0.450536983231
1.700000000000 0.383291410116 -0.065854168954 0.363476471909 -0.193652002131 0.446231974771
1.710000000000 0.378292681731 -0.072343175395 0.359028031617 -0.197065315853 0.441954271411
1.720000000000 0.373356811556 -0.078677122964 0.354624618349 -0.200400409685 0.437704822193
1.730000000000 0.368483228129 -0.084856884760 0.350267056718 -0.203657560042 0.433484464750
1.740000000000 0.363671330721 -0.090883422188 0.345956169345 -0.206836953012 0.429293931219
1.750000000000 0.358920492076 -0.096757781019 0.341692768851 -0.209938691641 0.425133854270
1.760000000000 0.354230061109 -0.102481087474 0.337477650162 -0.212962803423 0.421004773232
1.770000000000 0.349599365542 -0.108054544318 0.333311583147 -0.215909247958 0.416907140284
1.780000000000 0.345027714488 -0.113479426990 0.329195305616 -0.218777924727 0.412841326673
1.790000000000 0.340514400962 -0.118757079753 0.325129516715 -0.221568680971 0.408807628949
1.800000000000 0.336058704330 -0.123888911891 0.321114870739 -0.224281319601 0.404806275174
1.810000000000 0.331659892677 -0.128876393944 0.317151971382 -0.226915607134 0.400837431076
1.820000000000 0.327317225100 -0.133721053994 0.313241366442 -0.229471281599 0.396901206143
1.830000000000 0.323029953916 -0.138424474005 0.309383543012 -0.231948060380 0.392997659601
1.840000000000 0.318797326782 -0.142988286221 0.305578923145 -0.234345647970 0.389126806284
1.850000000000 0.314618588730 -0.147414169627 0.301827860025 -0.236663743594 0.385288622342
1.860000000000 0.310492984104 -0.151703846480 0.298130634650 -0.238902048670 0.381483050790
1.870000000000 0.306419758401 -0.155859078902 0.294487453011 -0.241060274083 0.377710006869
1.880000000000 0.302398160019 -0.159881665564 0.290898443801 -0.243138147238 0.373969383187
1.890000000000 0.298427441903 -0.163773438428 0.287363656627 -0.245135418864 0.370261054647
1.900000000000 0.294506863085 -0.167536259586 0.283883060739 -0.247051869549 0.366584883125
1.910000000000 0.290635690132 -0.171172018175 0.280456544254 -0.248887315975 0.362940721892
1.920000000000 0.286813198480 -0.174682627376 0.277083913889 -0.250641616833 0.359328419766
1.930000000000 0.283038673673 -0.178070021505 0.273764895168 -0.252314678405 0.355747824982
1.940000000000 0.279311412492 -0.181336153190 0.270499133114 -0.253906459778 0.352198788769
1.950000000000 0.275630723984 -0.184482990644 0.267286193385 -0.255416977694 0.348681168629
1.960000000000 0.271995930389 -0.187512515026 0.264125563867 -0.256846311002 0.345194831303
1.970000000000 0.268406367963 -0.190426717892 0.261016656678 -0.258194604714 0.341739655432
1.980000000000 0.264861387696 -0.193227598752 0.257958810580 -0.259462073649 0.338315533894
1.990000000000 0.261360355942 -0.195917162708 0.254951293768 -0.260649005651 0.334922375833
2.000000000000 0.257902654941 -0.198497418197 0.251993307015 -0.261755764388 0.331560108361
2.010000000000 0.254487683248 -0.200970374821 0.249083987153 -0.262782791710 0.328228677949
2.020000000000 0.251114856074 -0.203338041283 0.246222410853 -0.263730609579 0.324928051503
2.030000000000 0.247783605527 -0.205602423406 0.243407598685 -0.264599821565 0.321658217126
2.040000000000 0.244493380776 -0.207765522252 0.240638519428 -0.265391113898 0.318419184588
2.050000000000 0.241243648118 -0.209829332337 0.237914094603 -0.266105256106 0.315210985488
2.060000000000 0.238033890977 -0.211795839932 0.235233203193 -0.266743101208 0.312033673134
2.070000000000 0.234863609811 -0.213667021465 0.232594686533 -0.267305585507 0.308887322146
2.080000000000 0.231732321956 -0.215444842004 0.229997353322 -0.267793727956 0.305772027790
2.090000000000 0.228639561392 -0.217131253839 0.227439984745 -0.268208629133 0.302687905059
2.100000000000 0.225584878443 -0.218728195142 0.224921339666 -0.268551469826 0.299635087516
2.110000000000 0.222567839418 -0.220237588727 0.222440159865 -0.268823509237 0.296613725900
2.120000000000 0.219588026187 -0.221661340878 0.219995175281 -0.269026082831 0.293623986535
2.130000000000 0.216645035708 -0.223001340280 0.217585109254 -0.269160599835 0.290666049535
2.140000000000 0.213738479498 -0.224259457012 0.215208683710 -0.269228540411 0.287740106828
2.150000000000 0.210867983065 -0.225437541636 0.212864624284 -0.269231452515 0.284846360025
2.160000000000 0.208033185291 -0.226537424354 0.210551665346 -0.269170948470 0.281985018144
2.170000000000 0.205233737782 -0.227560914243 0.208268554900 -0.269048701262 0.279156295203
2.180000000000 0.202469304187 -0.228509798564 0.206014059343 -0.268866440594 0.276360407715
2.190000000000 0.199739559480 -0.229385842144 0.203786968050 -0.268625948701 0.273597572090
2.200000000000 0.197044189227 -0.230190786825 0.201586097773 -0.268329055968 0.270868001968
2.210000000000 0.194382888831 -0.230926350976 0.199410296824 -0.267977636359 0.268171905506
2.220000000000 0.191755362758 -0.231594229082 0.197258449035 -0.267573602693 0.265509482630
2.230000000000 0.189161323757 -0.232196091380 0.195129477466 -0.267118901772 0.262880922279
2.240000000000 0.186600492067 -0.232733583563 0.193022347850 -0.266615509408 0.260286399657
2.250000000000 0.184072594627 -0.233208326543 0.190936071770 -0.266065425358 0.257726073504
2.260000000000 0.181577364281 -0.233621916264 0.188869709538 -0.265470668187 0.255200083416
2.270000000000 0.179114538995 -0.233975923571 0.186822372785 -0.264833270097 0.252708547224
2.280000000000 0.176683861077 -0.234271894123 0.184793226732 -0.264155271741 0.250251558454
2.290000000000 0.174285076408 -0.234511348368 0.182781492163 -0.263438717031 0.247829183873
2.300000000000 0.171917933694 -0.234695781543 0.180786447062 -0.262685647985 0.245441461150
2.310000000000 0.169582183730 -0.234826663735 0.178807427943 -0.261898099619 0.243088396643
2.320000000000 0.167277578693 -0.234905439972 0.176843830844 -0.261078094911 0.240769963320
2.330000000000 0.165003871453 -0.234933530353 0.174895112004 -0.260227639865 0.238486098830
2.340000000000 0.162760814916 -0.234912330219 0.172960788220 -0.259348718674 0.236236703740
2.350000000000 0.160548161391 -0.234843210350 0.171040436876 -0.258443289033 0.234021639950
2.360000000000 0.158365661999 -0.234727517198 0.169133695673 -0.257513277590 0.231840729277
2.370000000000 0.156213066104 -0.234566573145 0.167240262042 -0.256560575569 0.229693752253
2.380000000000 0.154090120788 -0.234361676791 0.165359892261 -0.255587034587 0.227580447102
2.390000000000 0.151996570365 -0.234114103259 0.163492400288 -0.254594462658 0.225500508941
2.400000000000 0.149932155928 -0.233825104531 0.161637656315 -0.253584620418 0.223453589184
2.410000000000 0.147896614939 -0.233495909795 0.159795585053 -0.252559217586 0.221439295164
2.420000000000 0.145889680865 -0.233127725811 0.157966163771 -0.251519909649 0.219457189980
2.430000000000 0.143911082851 -0.232721737299 0.156149420096 -0.250468294810 0.217506792554
2.440000000000 0.141960545437 -0.232279107329 0.154345429591 -0.249405911193 0.215587577926
2.450000000000 0.140037788322 -0.231800977728 0.152554313129 -0.248334234311 0.213698977755
2.460000000000 0.138142526167 -0.231288469498 0.150776234083 -0.247254674816 0.211840381049
2.470000000000 0.136274468444 -0.230742683233 0.149011395339 -0.246168576525 0.210011135113
2.480000000000 0.134433319332 -0.230164699552 0.147260036167 -0.245077214728 0.208210546701
2.490000000000 0.132618777649 -0.229555579522 0.145522428957 -0.243981794785 0.206437883386
2.500000000000 0.130830536831 -0.228916365094 0.143798875839 -0.242883451016 0.204692375126
2.510000000000 0.129068284958 -0.228248079533 0.142089705218 -0.241783245869 0.202973216028
2.520000000000 0.127331704806 -0.227551727845 0.140395268234 -0.240682169382 0.201279566293
2.530000000000 0.125620473959 -0.226828297204 0.138715935166 -0.239581138929 0.199610554346
2.540000000000 0.123934264941 -0.226078757368 0.137052091812 -0.238480999246 0.197965279129
2.550000000000 0.122272745397 -0.225304061097 0.135404135848 -0.237382522731 0.196342812551
2.560000000000 0.120635578307 -0.224505144554 0.133772473204 -0.236286410014 0.194742202084
2.570000000000 0.119022422234 -0.223682927700 0.132157514454 -0.235193290797 0.193162473497
2.580000000000 0.117432931599 -0.222838314680 0.130559671265 -0.234103724935 0.191602633698
2.590000000000 0.115866756999 -0.221972194193 0.128979352901 -0.233018203775 0.190061673701
2.600000000000 0.114323545539 -0.221085439850 0.127416962811 -0.231937151721 0.188538571670
2.610000000000 0.112802941201 -0.220178910523 0.125872895315 -0.230860928030 0.187032296051
2.620000000000 0.111304585231 -0.219253450669 0.124347532405 -0.229789828811 0.185541808769
2.630000000000 0.109828116552 -0.218309890643 0.122841240677 -0.228724089233 0.184066068469
2.640000000000 0.108373172194 -0.217349046998 0.121354368403 -0.227663885912 0.182604033796
2.650000000000 0.106939387744 -0.216371722760 0.119887242767 -0.226609339468 0.181154666697
2.660000000000 0.105526397804 -0.215378707686 0.118440167266 -0.225560517249 0.179716935722
2.670000000000 0.104133836473 -0.214370778508 0.117013419295 -0.224517436186 0.178289819314
2.680000000000 0.102761337826 -0.213348699152 0.115607247921 -0.223480065779 0.176872309082
2.690000000000 0.101408536414 -0.212313220938 0.114221871862 -0.222448331194 0.175463413024
2.700000000000 0.100075067754 -0.211265082763 0.112857477668 -0.221422116455 0.174062158697
2.710000000000 0.098760568837 -0.210205011258 0.111514218124 -0.220401267713 0.172667596324
2.720000000000 0.097464678626 -0.209133720930 0.110192210865 -0.219385596575 0.171278801806
2.730000000000 0.096187038556 -0.208051914280 0.108891537225 -0.218374883484 0.169894879648
2.740000000000 0.094927293025 -0.206960281901 0.107612241304 -0.217368881122 0.168514965770
2.750000000000 0.093685089890 -0.205859502554 0.106354329268 -0.216367317830 0.167138230199
2.760000000000 0.092460080939 -0.204750243225 0.105117768878 -0.215369901026 0.165763879620
2.770000000000 0.091251922362 -0.203633159165 0.103902489245 -0.214376320600 0.164391159791
2.780000000000 0.090060275207 -0.202508893904 0.102708380815 -0.213386252279 0.163019357796
2.790000000000 0.088884805820 -0.201378079248 0.101535295570 -0.212399360939 0.161647804141
2.800000000000 0.087725186269 -0.200241335260 0.100383047454 -0.211415303861 0.160275874664
2.810000000000 0.086581094747 -0.199099270222 0.099251413006 -0.210433733898 0.158902992276
2.820000000000 0.085452215960 -0.197952480573 0.098140132204 -0.209454302563 0.157528628505
2.830000000000 0.084338241488 -0.196801550843 0.097048909503 -0.208476663003 0.156152304850
2.840000000000 0.083238870125 -0.195647053558 0.095977415066 -0.207500472869 0.154773593930
2.850000000000 0.082153808196 -0.194489549140 0.094925286174 -0.206525397045 0.153392120435
2.860000000000 0.081082769845 -0.193329585784 0.093892128805 -0.205551110254 0.152007561866
2.870000000000 0.080025477297 -0.192167699334 0.092877519378 -0.204577299503 0.150619649061
2.880000000000 0.078981661099 -0.191004413136 0.091881006631 -0.203603666385 0.149228166516
2.890000000000 0.077951060321 -0.189840237886 0.090902113652 -0.202629929209 0.147832952494
2.900000000000 0.076933422735 -0.188675671469 0.089940340014 -0.201655824959 0.146433898916
2.910000000000 0.075928504969 -0.187511198786 0.088995164034 -0.200681111081 0.145030951049
2.920000000000 0.074936072617 -0.186347291582 0.088066045115 -0.199705567083 0.143624106984
2.930000000000 0.073955900335 -0.185184408257 0.087152426171 -0.198728995952 0.142213416908
2.940000000000 0.072987771898 -0.184022993685 0.086253736126 -0.197751225378 0.140798982180
2.950000000000 0.072031480222 -0.182863479026 0.085369392455 -0.196772108792 0.139380954212
2.960000000000 0.071086827371 -0.181706281531 0.084498803763 -0.195791526204 0.137959533156
2.970000000000 0.070153624520 -0.180551804359 0.083641372394 -0.194809384850 0.136534966416
2.980000000000 0.069231691895 -0.179400436387 0.082796497037 -0.193825619653 0.135107546979
2.990000000000 0.068320858685 -0.178252552027 0.081963575333 -0.192840193479 0.133677611588
3.000000000000 0.067420962923 -0.177108511047 0.081142006457 -0.191853097223 0.132245538749
3.010000000000 0.066531851343 -0.175968658403 0.080331193668 -0.190864349688 0.130811746596
3.020000000000 0.065653379204 -0.174833324069 0.079530546808 -0.189873997307 0.129376690617
3.030000000000 0.064785410102 -0.173702822889 0.078739484738 -0.188882113667 0.127940861255
3.040000000000 0.063927815741 -0.172577454433 0.077957437706 -0.187888798882 0.126504781388
3.050000000000 0.063080475692 -0.171457502861 0.077183849625 -0.186894178789 0.125069003713
3.060000000000 0.062243277130 -0.170343236816 0.076418180250 -0.185898403997 0.123634108032
3.070000000000 0.061416114544 -0.169234909315 0.075659907251 -0.184901648787 0.122200698459
3.080000000000 0.060598889433 -0.168132757669 0.074908528169 -0.183904109871 0.120769400568
3.090000000000 0.059791509985 -0.167037003416 0.074163562242 -0.182906005022 0.119340858472
3.100000000000 0.058993890737 -0.165947852273 0.073424552091 -0.181907571588 0.117915731875
3.110000000000 0.058205952221 -0.164865494109 0.072691065270 -0.180909064896 0.116494693088
3.120000000000 0.057427620599 -0.163790102942 0.071962695663 -0.179910756551 0.115078424028
3.130000000000 0.056658827288 -0.162721836954 0.071239064719 -0.178912932662 0.113667613225
3.140000000000 0.055899508571 -0.161660838532 0.070519822534 -0.177915891976 0.112262952824
3.150000000000 0.055149605205 -0.160607234336 0.069804648764 -0.176919943960 0.110865135623
3.160000000000 0.054409062021 -0.159561135385 0.069093253373 -0.175925406828 0.109474852140
3.170000000000 0.053677827519 -0.158522637178 0.068385377201 -0.174932605524 0.108092787729
3.180000000000 0.052955853462 -0.157491819833 0.067680792377 -0.173941869681 0.106719619757
3.190000000000 0.052243094471 -0.156468748255 0.066979302543 -0.172953531564 0.105356014846
3.200000000000 0.051539507617 -0.155453472340 0.066280742923 -0.171967924009 0.104002626207
3.210000000000 0.050845052017 -0.154446027193 0.065584980211 -0.170985378366 0.102660091057
3.220000000000 0.050159688437 -0.153446433382 0.064891912302 -0.170006222468 0.101329028142
3.230000000000 0.049483378897 -0.152454697218 0.064201467849 -0.169030778627 0.100010035375
3.240000000000 0.048816086289 -0.151470811068 0.063513605675 -0.168059361677 0.098703687587
3.250000000000 0.048157773993 -0.150494753681 0.062828314020 -0.167092277062 0.097410534417
3.260000000000 0.047508405519 -0.149526490562 0.062145609646 -0.166129818996 0.096131098333
3.270000000000 0.046867944148 -0.148565974355 0.061465536802 -0.165172268698 0.094865872793
3.280000000000 0.046236352591 -0.147613145262 0.060788166050 -0.164219892698 0.093615320563
3.290000000000 0.045613592663 -0.146667931487 0.060113592975 -0.163272941254 0.092379872190
3.300000000000 0.044999624969 -0.145730249703 0.059441936767 -0.162331646852 0.091159924626
3.310000000000 0.044394408616 -0.144800005546 0.058773338703 -0.161396222831 0.089955840024
3.320000000000 0.043797900924 -0.143877094129 0.058107960530 -0.160466862110 0.088767944703
3.330000000000 0.043210057179 -0.142961400582 0.057445982756 -0.159543736047 0.087596528270
3.340000000000 0.042630830385 -0.142052800610 0.056787602870 -0.158626993424 0.086441842929
3.350000000000 0.042060171049 -0.141151161076 0.056133033488 -0.157716759564 0.085304102946
3.360000000000 0.041498026978 -0.140256340595 0.055482500451 -0.156813135590 0.084183484300
3.370000000000 0.040944343103 -0.139368190156 0.054836240871 -0.155916197819 0.083080124493
3.380000000000 0.040399061323 -0.138486553744 0.054194501150 -0.155025997309 0.081994122537
3.390000000000 0.039862120369 -0.137611268996 0.053557534973 -0.154142559544 0.080925539106
3.400000000000 0.039333455688 -0.136742167849 0.052925601294 -0.153265884273 0.079874396848
3.410000000000 0.038812999358 -0.135879077217 0.052298962321 -0.152395945494 0.078840680868
3.420000000000 0.038300680015 -0.135021819661 0.051677881515 -0.151532691590 0.077824339353
3.430000000000 0.037796422806 -0.134170214076 0.051062621608 -0.150676045603 0.076825284360
3.440000000000 0.037300149365 -0.133324076382 0.050453442664 -0.149825905666 0.075843392744
3.450000000000 0.036811777811 -0.132483220211 0.049850600172 -0.148982145563 0.074878507225
3.460000000000 0.036331222759 -0.131647457603 0.049254343206 -0.148144615439 0.073930437588
3.470000000000 0.035858395367 -0.130816599697 0.048664912643 -0.147313142640 0.072998962011
3.480000000000 0.035393203386 -0.129990457417 0.048082539454 -0.146487532683 0.072083828505
3.490000000000 0.034935551241 -0.129168842157 0.047507443084 -0.145667570352 0.071184756467
3.500000000000 0.034485340130 -0.128351566457 0.046939829914 -0.144853020910 0.070301438335
3.510000000000 0.034042468131 -0.127538444665 0.046379891828 -0.144043631425 0.069433541327
3.520000000000 0.033606830339 -0.126729293594 0.045827804884 -0.143239132201 0.068580709272
3.530000000000 0.033178319010 -0.125923933161 0.045283728098 -0.142439238303 0.067742564507
3.540000000000 0.032756823724 -0.125122187012 0.044747802340 -0.141643651170 0.066918709838
3.550000000000 0.032342231562 -0.124323883127 0.044220149363 -0.140852060311 0.066108730562
3.560000000000 0.031934427296 -0.123528854407 0.043700870947 -0.140064145067 0.065312196516
3.570000000000 0.031533293585 -0.122736939240 0.043190048185 -0.139279576441 0.064528664180
3.580000000000 0.031138711193 -0.121947982041 0.042687740891 -0.138498018969 0.063757678781
3.590000000000 0.030750559207 -0.121161833766 0.042193987156 -0.137719132637 0.062998776432
3.600000000000 0.030368715264 -0.120378352405 0.041708803028 -0.136942574836 0.062251486257
3.610000000000 0.029993055791 -0.119597403437 0.041232182336 -0.136168002321 0.061515332515
3.620000000000 0.029623456244 -0.118818860263 0.040764096652 -0.135395073198 0.060789836714
3.630000000000 0.029259791356 -0.118042604601 0.040304495382 -0.134623448897 0.060074519687
3.640000000000 0.028901935382 -0.117268526850 0.039853305996 -0.133852796137 0.059368903645
3.650000000000 0.028549762355 -0.116496526425 0.039410434390 -0.133082788877 0.058672514175
3.660000000000 0.028203146334 -0.115726512044 0.038975765370 -0.132313110223 0.057984882194
3.670000000000 0.027861961653 -0.114958401992 0.038549163269 -0.131543454305 0.057305545836
3.680000000000 0.027526083172 -0.114192124340 0.038130472672 -0.130773528090 0.056634052275
3.690000000000 0.027195386523 -0.113427617125 0.037719519268 -0.130003053144 0.055969959468
3.700000000000 0.026869748346 -0.112664828498 0.037316110798 -0.129231767315 0.055312837817
3.710000000000 0.026549046529 -0.111903716827 0.036920038116 -0.128459426343 0.054662271739
3.720000000000 0.026233160433 -0.111144250759 0.036531076335 -0.127685805375 0.054017861142
3.730000000000 0.025921971114 -0.110386409251 0.036148986070 -0.126910700385 0.053379222802
3.740000000000 0.025615361534 -0.109630181550 0.035773514752 -0.126133929493 0.052745991626
3.750000000000 0.025313216767 -0.108875567146 0.035404398019 -0.125355334170 0.052117821817
3.760000000000 0.025015424184 -0.108122575671 0.035041361172 -0.124574780322 0.051494387910
3.770000000000 0.024721873638 -0.107371226773 0.034684120675 -0.123792159258 0.050875385707
3.780000000000 0.024432457632 -0.106621549940 0.034332385712 -0.123007388517 0.050260533073
3.790000000000 0.024147071471 -0.105873584298 0.033985859774 -0.122220412574 0.049649570631
3.800000000000 0.023865613408 -0.105127378361 0.033644242269 -0.121431203399 0.049042262315
3.810000000000 0.023587984767 -0.104382989752 0.033307230157 -0.120639760877 0.048438395810
3.820000000000 0.023314090061 -0.103640484886 0.032974519582 -0.119846113085 0.047837782866
3.830000000000 0.023043837087 -0.102899938622 0.032645807514 -0.119050316423 0.047240259483
3.840000000000 0.022777137010 -0.102161433883 0.032320793366 -0.118252455598 0.046645685980
3.850000000000 0.022513904431 -0.101425061242 0.031999180600 -0.117452643461 0.046053946938
3.860000000000 0.022254057440 -0.100690918482 0.031680678297 -0.116651020696 0.045464951023
3.870000000000 0.021997517651 -0.099959110128 0.031365002693 -0.115847755363 0.044878630699
3.880000000000 0.021744210224 -0.099229746955 0.031051878659 -0.115043042303 0.044294941820
3.890000000000 0.021494063871 -0.098502945471 0.030741041134 -0.114237102390 0.043713863112
3.900000000000 0.021247010842 -0.097778827380 0.030432236486 -0.113430181654 0.043135395559
3.910000000000 0.021002986906 -0.097057519024 0.030125223809 -0.112622550270 0.042559561678
3.920000000000 0.020761931305 -0.096339150810 0.029819776133 -0.111814501409 0.041986404699
3.930000000000 0.020523786706 -0.095623856624 0.029515681554 -0.111006349978 0.041415987660
3.940000000000 0.020288499124 -0.094911773226 0.029212744271 -0.110198431226 0.040848392410
3.950000000000 0.020056017849 -0.094203039646 0.028910785528 -0.109391099250 0.040283718541
3.960000000000 0.019826295344 -0.093497796562 0.028609644445 -0.108584725396 0.039722082237
3.970000000000 0.019599287143 -0.092796185681 0.028309178755 -0.107779696553 0.039163615068
3.980000000000 0.019374951730 -0.092098349112 0.028009265423 -0.106976413370 0.038608462718
3.990000000000 0.019153250409 -0.091404428745 0.027709801150 -0.106175288386 0.038056783664
4.000000000000 0.018934147166 -0.090714565625 0.027410702767 -0.105376744091 0.037508747805
4.010000000000 0.018717608519 -0.090028899343 0.027111907508 -0.104581210923 0.036964535065
4.020000000000 0.018503603364 -0.089347567419 0.026813373162 -0.103789125216 0.036424333952
4.030000000000 0.018292102807 -0.088670704712 0.026515078107 -0.103000927106 0.035888340104
4.040000000000 0.018083079997 -0.087998442831 0.026217021227 -0.102217058402 0.035356754819
4.050000000000 0.017876509947 -0.087330909565 0.025919221707 -0.101437960441 0.034829783572
4.060000000000 0.017672369358 -0.086668228331 0.025621718716 -0.100664071924 0.034307634535
4.070000000000 0.017470636429 -0.086010517643 0.025324570964 -0.099895826763 0.033790517106
4.080000000000 0.017271290678 -0.085357890598 0.025027856162 -0.099133651931 0.033278640453
4.090000000000 0.017074312749 -0.084710454390 0.024731670361 -0.098377965336 0.032772212069
4.100000000000 0.016879684227 -0.084068309854 0.024436127197 -0.097629173724 0.032271436371
4.110000000000 0.016687387452 -0.083431551025 0.024141357020 -0.096887670635 0.031776513320
4.120000000000 0.016497405332 -0.082800264742 0.023847505950 -0.096153834397 0.031287637089
4.130000000000 0.016309721159 -0.082174530275 0.023554734823 -0.095428026194 0.030804994778
4.140000000000 0.016124318435 -0.081554418983 0.023263218067 -0.094710588207 0.030328765177
4.150000000000 0.015941180694 -0.080939994014 0.022973142493 -0.094001841828 0.029859117596
4.160000000000 0.015760291337 -0.080331310037 0.022684706027 -0.093302085977 0.029396210748
4.170000000000 0.015581633465 -0.079728413004 0.022398116364 -0.092611595515 0.028940191708
4.180000000000 0.015405189730 -0.079131339966 0.022113589584 -0.091930619762 0.028491194943
4.190000000000 0.015230942185 -0.078540118909 0.021831348709 -0.091259381138 0.028049341417
4.200000000000 0.015058872147 -0.077954768641 0.021551622227 -0.090598073923 0.027614737775
4.210000000000 0.014888960072 -0.077375298719 0.021274642583 -0.089946863152 0.027187475614
4.220000000000 0.014721185434 -0.076801709407 0.021000644654 -0.089305883642 0.026767630837
4.230000000000 0.014555526618 -0.076233991682 0.020729864204 -0.088675239165 0.026355263098
4.240000000000 0.014391960830 -0.075672127281 0.020462536336 -0.088055001766 0.025950415331
4.250000000000 0.014230464008 -0.075116088781 0.020198893956 -0.087445211232 0.025553113379
4.260000000000 0.014071010754 -0.074565839722 0.019939166238 -0.086845874714 0.025163365707
4.270000000000 0.013913574274 -0.074021334775 0.019683577119 -0.086256966513 0.024781163213
4.280000000000 0.013758126336 -0.073482519936 0.019432343821 -0.085678428015 0.024406479128
4.290000000000 0.013604637234 -0.072949332768 0.019185675415 -0.085110167792 0.024039269013
4.300000000000 0.013453075774 -0.072421702678 0.018943771423 -0.084552061866 0.023679470842
4.310000000000 0.013303409265 -0.071899551222 0.018706820483 -0.084003954125 0.023327005177
4.320000000000 0.013155603527 -0.071382792452 0.018474999071 -0.083465656908 0.022981775433
4.330000000000 0.013009622917 -0.070871333292 0.018248470289 -0.082936951736 0.022643668227
4.340000000000 0.012865430358 -0.070365073945 0.018027382738 -0.082417590211 0.022312553814
4.350000000000 0.012722987392 -0.069863908327 0.017811869459 -0.081907295050 0.021988286594
4.360000000000 0.012582254238 -0.069367724535 0.017602046973 -0.081405761282 0.021670705712
4.370000000000 0.012443189865 -0.068876405330 0.017398014408 -0.080912657574 0.021359635721
4.380000000000 0.012305752078 -0.068389828650 0.017199852725 -0.080427627702 0.021054887313
4.390000000000 0.012169897613 -0.067907868142 0.017007624045 -0.079950292146 0.020756258130
4.400000000000 0.012035582248 -0.067430393710 0.016821371081 -0.079480249812 0.020463533619
4.410000000000 0.011902760916 -0.066957272083 0.016641116684 -0.079017079870 0.020176487955
4.420000000000 0.011771387836 -0.066488367390 0.016466863493 -0.078560343694 0.019894885015
4.430000000000 0.011641416651 -0.066023541754 0.016298593702 -0.078109586906 0.019618479393
4.440000000000 0.011512800570 -0.065562655884 0.016136268941 -0.077664341510 0.019347017465
4.450000000000 0.011385492519 -0.065105569683 0.015979830274 -0.077224128102 0.019080238482
4.460000000000 0.011259445308 -0.064652142847 0.015829198308 -0.076788458149 0.018817875697
4.470000000000 0.011134611787 -0.064202235475 0.015684273421 -0.076356836333 0.018559657520
4.480000000000 0.011010945023 -0.063755708667 0.015544936102 -0.075928762937 0.018305308689
4.490000000000 0.010888398469 -0.063312425125 0.015411047402 -0.075503736274 0.018054551453
4.500000000000 0.010766926144 -0.062872249733 0.015282449496 -0.075081255133 0.017807106768
4.510000000000 0.010646482810 -0.062435050138 0.015158966349 -0.074660821249 0.017562695491
4.520000000000 0.010527024153 -0.062000697313 0.015040404487 -0.074241941771 0.017321039571
4.530000000000 0.010408506964 -0.061569066097 0.014926553868 -0.073824131714 0.017081863238
4.540000000000 0.010290889316 -0.061140035728 0.014817188839 -0.073406916405 0.016844894164
4.550000000000 0.010174130741 -0.060713490340 0.014712069195 -0.072989833881 0.016609864618
4.560000000000 0.010058192405 -0.060289319450 0.014610941308 -0.072572437247 0.016376512587
4.570000000000 0.009943037278 -0.059867418404 0.014513539340 -0.072154296984 0.016144582871
4.580000000000 0.009828630299 -0.059447688809 0.014419586529 -0.071735003179 0.015913828143
4.590000000000 0.009714938533 -0.059030038919 0.014328796529 -0.071314167683 0.015684009966
4.600000000000 0.009601931325 -0.058614384002 0.014240874816 -0.070891426173 0.015454899772
4.610000000000 0.009489580445 -0.058200646659 0.014155520140 -0.070466440124 0.015226279788
4.620000000000 0.009377860220 -0.057788757117 0.014072426011 -0.070038898655 0.014997943909
4.630000000000 0.009266747663 -0.057378653479 0.013991282233 -0.069608520270 0.014769698522
4.640000000000 0.009156222589 -0.056970281932 0.013911776443 -0.069175054457 0.014541363262
4.650000000000 0.009046267715 -0.056563596918 0.013833595688 -0.068738283159 0.014312771715
4.660000000000 0.008936868758 -0.056158561261 0.013756427987 -0.068298022091 0.014083772045
4.670000000000 0.008828014514 -0.055755146251 0.013679963916 -0.067854121907 0.013854227568
4.680000000000 0.008719696920 -0.055353331685 0.013603898162 -0.067406469204 0.013624017240
4.690000000000 0.008611911114 -0.054953105862 0.013527931074 -0.066954987364 0.013393036090
4.700000000000 0.008504655471 -0.054554465535 0.013451770185 -0.066499637216 0.013161195566
4.710000000000 0.008397931630 -0.054157415815 0.013375131694 -0.066040417527 0.012928423818
4.720000000000 0.008291744498 -0.053761970034 0.013297741912 -0.065577365312 0.012694665902
4.730000000000 0.008186102254 -0.053368149562 0.013219338655 -0.065110555956 0.012459883906
4.740000000000 0.008081016320 -0.052975983575 0.013139672582 -0.064640103156 0.012224057007
4.750000000000 0.007976501330 -0.052585508788 0.013058508463 -0.064166158666 0.011987181451
4.760000000000 0.007872575076 -0.052196769135 0.012975626379 -0.063688911865 0.011749270456
4.770000000000 0.007769258440 -0.051809815416 0.012890822844 -0.063208589126 0.011510354045
4.780000000000 0.007666575316 -0.051424704896 0.012803911836 -0.062725453008 0.011270478807
4.790000000000 0.007564552504 -0.051041500871 0.012714725747 -0.062239801254 0.011029707583
4.800000000000 0.007463219604 -0.050660272188 0.012623116231 -0.061751965613 0.010788119092
4.810000000000 0.007362608886 -0.050281092736 0.012528954952 -0.061262310478 0.010545807479
4.820000000000 0.007262755145 -0.049904040901 0.012432134227 -0.060771231357 0.010302881812
4.830000000000 0.007163695547 -0.049529198984 0.012332567564 -0.060279153164 0.010059465503
4.840000000000 0.007065469459 -0.049156652595 0.012230190085 -0.059786528360 0.009815695682
4.850000000000 0.006968118266 -0.048786490015 0.012124958835 -0.059293834927 0.009571722513
4.860000000000 0.006871685175 -0.048418801535 0.012016852979 -0.058801574198 0.009327708449
4.870000000000 0.006776215011 -0.048053678772 0.011905873874 -0.058310268547 0.009083827454
4.880000000000 0.006681753995 -0.047691213962 0.011792045033 -0.057820458945 0.008840264165
4.890000000000 0.006588349524 -0.047331499241 0.011675411960 -0.057332702401 0.008597213022
4.900000000000 0.006496049925 -0.046974625911 0.011556041875 -0.056847569278 0.008354877358
4.910000000000 0.006404904220 -0.046620683687 0.011434023321 -0.056365640525 0.008113468456
4.920000000000 0.006314961868 -0.046269759948 0.011309465652 -0.055887504804 0.007873204576
4.930000000000 0.006226272510 -0.045921938976 0.011182498415 -0.055413755554 0.007634309963
4.940000000000 0.006138885705 -0.045577301194 0.011053270618 -0.054944987975 0.007397013827
4.950000000000 0.006052850662 -0.045235922407 0.010921949891 -0.054481795973 0.007161549314
4.960000000000 0.005968215973 -0.044897873048 0.010788721550 -0.054024769054 0.006928152461
4.970000000000 0.005885029336 -0.044563217433 0.010653787558 -0.053574489198 0.006697061150
4.980000000000 0.005803337290 -0.044232013023 0.010517365399 -0.053131527722 0.006468514052
4.990000000000 0.005723184934 -0.043904309709 0.010379686861 -0.052696442131 0.006242749583
5.000000000000 0.005644615666 -0.043580149109 0.010240996740 -0.052269773001 0.006020004855
5.010000000000 0.005567670907 -0.043259563888 0.010101551471 -0.051852040876 0.005800514647
5.020000000000 0.005492389845 -0.042942577102 0.009961617690 -0.051443743212 0.005584510387
5.030000000000 0.005418809171 -0.042629201571 0.009821470737 -0.051045351378 0.005372219156
5.040000000000 0.005346962832 -0.042319439286 0.009681393107 -0.050657307722 0.005163862710
5.050000000000 0.005276881781 -0.042013280839 0.009541672855 -0.050280022725 0.004959656531
5.060000000000 0.005208593748 -0.041710704903 0.009402601967 -0.049913872243 0.004759808913
5.070000000000 0.005142123009 -0.041411677738 0.009264474698 -0.049559194861 0.004564520076
5.080000000000 0.005077490172 -0.041116152753 0.009127585898 -0.049216289373 0.004373981321
5.090000000000 0.005014711976 -0.040824070099 0.008992229318 -0.048885412383 0.004188374224
5.100000000000 0.004953801098 -0.040535356315 0.008858695923 -0.048566776063 0.004007869875
5.110000000000 0.004894765975 -0.040249924023 0.008727272202 -0.048260546053 0.003832628163
5.120000000000 0.004837610644 -0.039967671672 0.008598238500 -0.047966839541 0.003662797109
5.130000000000 0.004782334596 -0.039688483334 0.008471867369 -0.047685723509 0.003498512250
5.140000000000 0.004728932643 -0.039412228553 0.008348421956 -0.047417213163 0.003339896079
5.150000000000 0.004677394805 -0.039138762253 0.008228154424 -0.047161270565 0.003187057540
5.160000000000 0.004627706214 -0.038867924702 0.008111304431 -0.046917803458 0.003040091573
5.170000000000 0.004579847038 -0.038599541526 0.007998097656 -0.046686664302 0.002899078730
5.180000000000 0.004533792418 -0.038333423791 0.007888744397 -0.046467649525 0.002764084834
5.190000000000 0.004489512431 -0.038069368139 0.007783438236 -0.046260498991 0.002635160717
5.200000000000 0.004446972070 -0.037807156983 0.007682354787 -0.046064895695 0.002512341999
5.210000000000 0.004406131238 -0.037546558762 0.007585650520 -0.045880465682 0.002395648946
5.220000000000 0.004366944775 -0.037287328256 0.007493461692 -0.045706778202 0.002285086375
5.230000000000 0.004329362490 -0.037029206957 0.007405903359 -0.045543346086 0.002180643631
5.240000000000 0.004293329227 -0.036771923498 0.007323068501 -0.045389626370 0.002082294617
5.250000000000 0.004258784939 -0.036515194147 0.007245027255 -0.045245021136 0.001989997887
5.260000000000 0.004225664789 -0.036258723343 0.007171826247 -0.045108878595 0.001903696800
5.270000000000 0.004193899275 -0.036002204301 0.007103488060 -0.044980494396 0.001823319732
5.280000000000 0.004163414361 -0.035745319663 0.007040010800 -0.044859113157 0.001748780338
5.290000000000 0.004134131639 -0.035487742199 0.006981367799 -0.044743930227 0.001679977880
5.300000000000 0.004105968509 -0.035229135565 0.006927507430 -0.044634093659 0.001616797602
5.310000000000 0.004078838367 -0.034969155103 0.006878353055 -0.044528706394 0.001559111158
5.320000000000 0.004052650826 -0.034707448690 0.006833803090 -0.044426828656 0.001506777089
5.330000000000 0.004027311941 -0.034443657622 0.006793731205 -0.044327480537 0.001459641351
5.340000000000 0.004002724454 -0.034177417552 0.006757986637 -0.044229644779 0.001417537882
5.350000000000 0.003978788060 -0.033908359451 0.006726394642 -0.044132269728 0.001380289220
5.360000000000 0.003955399681 -0.033636110613 0.006698757051 -0.044034272462 0.001347707149
5.370000000000 0.003932453755 -0.033360295684 0.006674852960 -0.043934542073 0.001319593394
5.380000000000 0.003909842538 -0.033080537721 0.006654439532 -0.043831943106 0.001295740341
5.390000000000 0.003887456420 -0.032796459276 0.006637252908 -0.043725319117 0.001275931792
5.400000000000 0.003865184246 -0.032507683489 0.006623009229 -0.043613496357 0.001259943748
5.410000000000 0.003842913648 -0.032213835204 0.006611405767 -0.043495287563 0.001247545211
5.420000000000 0.003820531388 -0.031914542083 0.006602122144 -0.043369495824 0.001238499017
5.430000000000 0.003797923699 -0.031609435717 0.006594821645 -0.043234918517 0.001232562672
5.440000000000 0.003774976635 -0.031298152725 0.006589152620 -0.043090351275 0.001229489217
5.450000000000 0.003751576419 -0.030980335821 0.006584749951 -0.042934591965 0.001229028092
5.460000000000 0.003727609785 -0.030655634826 0.006581236583 -0.042766444626 0.001230926006
5.470000000000 0.003702964320 -0.030323707606 0.006578225108 -0.042584723314 0.001234927814
5.480000000000 0.003677528781 -0.029984220879 0.006575319374 -0.042388255788 0.001240777382
5.490000000000 0.003651193400 -0.029636850854 0.006572116108 -0.042175886935 0.001248218447
5.500000000000 0.003623850150 -0.029281283608 0.006568206520 -0.041946481805 0.001256995448
5.510000000000 0.003595392962 -0.028917215120 0.006563177848 -0.041698928085 0.001266854343
5.520000000000 0.003565717884 -0.028544350801 0.006556614810 -0.041432137787 0.001277543370
5.530000000000 0.003534723135 -0.028162404375 0.006548100896 -0.041145047852 0.001288813766
5.540000000000 0.003502309051 -0.027771095869 0.006537219420 -0.040836619301 0.001300420399
5.550000000000 0.003468377856 -0.027370148454 0.006523554260 -0.040505834475 0.001312122310
5.560000000000 0.003432833232 -0.026959283817 0.006506690156 -0.040151691796 0.001323683123
5.570000000000 0.003395579634 -0.026538215689 0.006486212438 -0.039773197423 0.001334871295
5.580000000000 0.003356521265 -0.026106641141 0.006461706055 -0.039369353074 0.001345460157
5.590000000000 0.003315560690 -0.025664229238 0.006432753725 -0.038939139287 0.001355227717
5.600000000000 0.003272596996 -0.025210606694 0.006398933057 -0.038481493402 0.001363956154
5.610000000000 0.003227523466 -0.024745340258 0.006359812514 -0.037995281721 0.001371430986
5.620000000000 0.003180224750 -0.024267915763 0.006314946111 -0.037479265548 0.001377439858
5.630000000000 0.003130573541 -0.023777714025 0.006263866850 -0.036932061308 0.001381770931
5.640000000000 0.003078426826 -0.023273984255 0.006206078976 -0.036352095601 0.001384210904
5.650000000000 0.003023621879 -0.022755816107 0.006141049361 -0.035737556972 0.001384542701
5.660000000000 0.002965972227 -0.022222112243 0.006068198499 -0.035086347368 0.001382542958
5.670000000000 0.002905263964 -0.021671564036 0.005986891898 -0.034396037600 0.001377979482
5.680000000000 0.002841252894 -0.021102633884 0.005896432957 -0.033663832707 0.001370608986
5.690000000000 0.002773663141 -0.020513548477 0.005796058753 -0.032886554644 0.001360175442
5.700000000000 0.002702187946 -0.019902308036 0.005684940459 -0.032060651125 0.001346409556
5.710000000000 0.002626493477 -0.019266717040 0.005562190386 -0.031182240462 0.001329029898
5.720000000000 0.002546226499 -0.018604442010 0.005426877742 -0.030247202561 0.001307746297
5.730000000000 0.002461026695 -0.017913101383 0.005278055165 -0.029251325567 0.001282266120
5.740000000000 0.002370544252 -0.017190391276 0.005114797755 -0.028190515740 0.001252303967
5.750000000000 0.002274463069 -0.016434248878 0.004936255736 -0.027061074678 0.001217595187
5.760000000000 0.002172529488 -0.015643052214 0.004741720898 -0.025860042975 0.001177913358
5.770000000000 0.002064585916 -0.014815851266 0.004530705689 -0.024585602767 0.001133091521
5.780000000000 0.001950608048 -0.013952621026 0.004303032228 -0.023237523724 0.001083046518
5.790000000000 0.001830743670 -0.013054522252 0.004058926728 -0.021817628439 0.001027805278
5.800000000000 0.001705350322 -0.012124151144 0.003799112968 -0.020330244529 0.000967531335
5.810000000000 0.001575028453 -0.011165755147 0.003524896822 -0.018782603268 0.000902549384
5.820000000000 0.001440646297 -0.010185389518 0.003238232559 -0.017185139254 0.000833365270
5.830000000000 0.001303352489 -0.009190988570 0.002941761065 -0.015551643651 0.000760678569
5.840000000000 0.001164572714 -0.008192327335 0.002638810418 -0.013899226106 0.000685384977
5.850000000000 0.001025987252 -0.007200853986 0.002333350634 -0.012248048034 0.000608566030
5.860000000000 0.000889487455 -0.006229380916 0.002029896929 -0.010620803079 0.000531464377
5.870000000000 0.000757110615 -0.005291632599 0.001733359438 -0.009041938595 0.000455443819
5.880000000000 0.000630954595 -0.004401660589 0.001448841897 -0.007536634086 0.000381934593
5.890000000000 0.000513075568 -0.003573149352 0.001181396808 -0.006129576761 0.000312365861
5.900000000000 0.000405374237 -0.002818649689 0.000935749777 -0.004843598537 0.000248088848
5.910000000000 0.000309477698 -0.002148787967 0.000716010311 -0.003698260171 0.000190295432
5.920000000000 0.000226625394 -0.001571507610 0.000525389897 -0.002708484015 0.000139938087
5.930000000000 0.000157568289 -0.001091403171 0.000365950063 -0.001883344738 0.000097657651
5.940000000000 0.000102490205 -0.000709205770 0.000238402967 -0.001225125403 0.000063725436
5.950000000000 0.000060959229 -0.000421471408 0.000141984615 -0.000728733703 0.000038005534
5.960000000000 0.000031915162 -0.000220510815 0.000074416202 -0.000381550306 0.000019941883
5.970000000000 0.000013696386 -0.000094582020 0.000031962521 -0.000163749638 0.000008572793
5.980000000000 0.000004106355 -0.000028346180 0.000009588529 -0.000049095852 0.000002573393
5.990000000000 0.000000516610 -0.000003565347 0.000001206742 -0.000006176738 0.000000323990
6.000000000000 0.000000000000 0.000000000000 0.000000000000 0.000000000000 0.000000000000
