Mesh 779
zed 1
dx 0.01
xmin -6
xmax 6
                Type                   L                   N
                   0                   0                   0

 1.048181513646e+00 1.048181536175e+00 1.048181559159e+00 1.048181582607e+00
 1.048181606529e+00 1.048181630935e+00 1.048181655833e+00 1.048181681234e+00
 1.048181707148e+00 1.048181733586e+00 1.048181760558e+00 1.048181788075e+00
 1.048181816147e+00 1.048181844787e+00 1.048181874005e+00 1.048181903813e+00
 1.048181934224e+00 1.048181965249e+00 1.048181996900e+00 1.048182029191e+00
 1.048182062134e+00 1.048182095742e+00 1.048182130030e+00 1.048182165010e+00
 1.048182200696e+00 1.048182237104e+00 1.048182274247e+00 1.048182312140e+00
 1.048182350799e+00 1.048182390238e+00 1.048182430474e+00 1.048182471523e+00
 1.048182513401e+00 1.048182556125e+00 1.048182599712e+00 1.048182644179e+00
 1.048182689545e+00 1.048182735827e+00 1.048182783044e+00 1.048182831214e+00
 1.048182880358e+00 1.048182930494e+00 1.048182981643e+00 1.048183033825e+00
 1.048183087061e+00 1.048183141373e+00 1.048183196781e+00 1.048183253309e+00
 1.048183310978e+00 1.048183369812e+00 1.048183429835e+00 1.048183491070e+00
 1.048183553542e+00 1.048183617276e+00 1.048183682297e+00 1.048183748631e+00
 1.048183816305e+00 1.048183885347e+00 1.048183955782e+00 1.048184027641e+00
 1.048184100950e+00 1.048184175741e+00 1.048184252042e+00 1.048184329884e+00
 1.048184409298e+00 1.048184490317e+00 1.048184572972e+00 1.048184657296e+00
 1.048184743323e+00 1.048184831088e+00 1.048184920626e+00 1.048185011972e+00
 1.048185105163e+00 1.048185200236e+00 1.048185297229e+00 1.048185396181e+00
 1.048185497132e+00 1.048185600122e+00 1.048185705192e+00 1.048185812383e+00
 1.048185921740e+00 1.048186033305e+00 1.048186147124e+00 1.048186263241e+00
 1.048186381703e+00 1.048186502558e+00 1.048186625854e+00 1.048186751640e+00
 1.048186879965e+00 1.048187010883e+00 1.048187144445e+00 1.048187280703e+00
 1.048187419714e+00 1.048187561532e+00 1.048187706214e+00 1.048187853818e+00
 1.048188004403e+00 1.048188158028e+00 1.048188314756e+00 1.048188474649e+00
 1.048188637771e+00 1.048188804187e+00 1.048188973964e+00 1.048189147169e+00
 1.048189323872e+00 1.048189504143e+00 1.048189688054e+00 1.048189875679e+00
 1.048190067092e+00 1.048190262371e+00 1.048190461593e+00 1.048190664838e+00
 1.048190872186e+00 1.048191083722e+00 1.048191299529e+00 1.048191519693e+00
 1.048191744303e+00 1.048191973448e+00 1.048192207219e+00 1.048192445711e+00
 1.048192689018e+00 1.048192937237e+00 1.048193190468e+00 1.048193448812e+00
 1.048193712372e+00 1.048193981252e+00 1.048194255562e+00 1.048194535409e+00
 1.048194820906e+00 1.048195112167e+00 1.048195409308e+00 1.048195712448e+00
 1.048196021707e+00 1.048196337209e+00 1.048196659081e+00 1.048196987450e+00
 1.048197322448e+00 1.048197664208e+00 1.048198012867e+00 1.048198368564e+00
 1.048198731441e+00 1.048199101643e+00 1.048199479317e+00 1.048199864614e+00
 1.048200257688e+00 1.048200658695e+00 1.048201067797e+00 1.048201485155e+00
 1.048201910937e+00 1.048202345311e+00 1.048202788453e+00 1.048203240537e+00
 1.048203701745e+00 1.048204172261e+00 1.048204652272e+00 1.048205141969e+00
 1.048205641548e+00 1.048206151208e+00 1.048206671152e+00 1.048207201588e+00
 1.048207742726e+00 1.048208294783e+00 1.048208857979e+00 1.048209432538e+00
 1.048210018689e+00 1.048210616665e+00 1.048211226705e+00 1.048211849053e+00
 1.048212483955e+00 1.048213131665e+00 1.048213792440e+00 1.048214466545e+00
 1.048215154247e+00 1.048215855820e+00 1.048216571544e+00 1.048217301704e+00
 1.048218046590e+00 1.048218806498e+00 1.048219581732e+00 1.048220372600e+00
 1.048221179416e+00 1.048222002502e+00 1.048222842184e+00 1.048223698798e+00
 1.048224572684e+00 1.048225464189e+00 1.048226373667e+00 1.048227301482e+00
 1.048228248000e+00 1.048229213600e+00 1.048230198664e+00 1.048231203584e+00
 1.048232228759e+00 1.048233274597e+00 1.048234341513e+00 1.048235429931e+00
 1.048236540283e+00 1.048237673011e+00 1.048238828563e+00 1.048240007399e+00
 1.048241209987e+00 1.048242436804e+00 1.048243688336e+00 1.048244965080e+00
 1.048246267543e+00 1.048247596241e+00 1.048248951702e+00 1.048250334461e+00
 1.048251745068e+00 1.048253184082e+00 1.048254652073e+00 1.048256149622e+00
 1.048257677322e+00 1.048259235779e+00 1.048260825610e+00 1.048262447443e+00
 1.048264101921e+00 1.048265789699e+00 1.048267511443e+00 1.048269267836e+00
 1.048271059570e+00 1.048272887356e+00 1.048274751915e+00 1.048276653983e+00
 1.048278594313e+00 1.048280573671e+00 1.048282592837e+00 1.048284652609e+00
 1.048286753800e+00 1.048288897238e+00 1.048291083770e+00 1.048293314256e+00
 1.048295589577e+00 1.048297910629e+00 1.048300278325e+00 1.048302693599e+00
 1.048305157401e+00 1.048307670701e+00 1.048310234488e+00 1.048312849769e+00
 1.048315517573e+00 1.048318238948e+00 1.048321014964e+00 1.048323846711e+00
 1.048326735300e+00 1.048329681864e+00 1.048332687560e+00 1.048335753566e+00
 1.048338881083e+00 1.048342071338e+00 1.048345325578e+00 1.048348645079e+00
 1.048352031138e+00 1.048355485081e+00 1.048359008256e+00 1.048362602041e+00
 1.048366267840e+00 1.048370007082e+00 1.048373821227e+00 1.048377711762e+00
 1.048381680203e+00 1.048385728096e+00 1.048389857018e+00 1.048394068573e+00
 1.048398364401e+00 1.048402746170e+00 1.048407215583e+00 1.048411774374e+00
 1.048416424313e+00 1.048421167200e+00 1.048426004875e+00 1.048430939211e+00
 1.048435972115e+00 1.048441105535e+00 1.048446341454e+00 1.048451681893e+00
 1.048457128913e+00 1.048462684614e+00 1.048468351136e+00 1.048474130660e+00
 1.048480025409e+00 1.048486037649e+00 1.048492169688e+00 1.048498423879e+00
 1.048504802619e+00 1.048511308352e+00 1.048517943566e+00 1.048524710798e+00
 1.048531612634e+00 1.048538651705e+00 1.048545830696e+00 1.048553152340e+00
 1.048560619423e+00 1.048568234781e+00 1.048576001306e+00 1.048583921943e+00
 1.048591999691e+00 1.048600237607e+00 1.048608638803e+00 1.048617206450e+00
 1.048625943778e+00 1.048634854077e+00 1.048643940696e+00 1.048653207048e+00
 1.048662656608e+00 1.048672292914e+00 1.048682119571e+00 1.048692140249e+00
 1.048702358683e+00 1.048712778678e+00 1.048723404110e+00 1.048734238921e+00
 1.048745287127e+00 1.048756552817e+00 1.048768040150e+00 1.048779753365e+00
 1.048791696771e+00 1.048803874759e+00 1.048816291794e+00 1.048828952422e+00
 1.048841861271e+00 1.048855023047e+00 1.048868442541e+00 1.048882124628e+00
 1.048896074267e+00 1.048910296502e+00 1.048924796467e+00 1.048939579384e+00
 1.048954650563e+00 1.048970015405e+00 1.048985679406e+00 1.049001648152e+00
 1.049017927325e+00 1.049034522702e+00 1.049051440156e+00 1.049068685660e+00
 1.049086265283e+00 1.049104185197e+00 1.049122451673e+00 1.049141071085e+00
 1.049160049913e+00 1.049179394736e+00 1.049199112244e+00 1.049219209229e+00
 1.049239692595e+00 1.049260569351e+00 1.049281846616e+00 1.049303531622e+00
 1.049325631709e+00 1.049348154331e+00 1.049371107055e+00 1.049394497560e+00
 1.049418333641e+00 1.049442623208e+00 1.049467374286e+00 1.049492595018e+00
 1.049518293661e+00 1.049544478592e+00 1.049571158303e+00 1.049598341407e+00
 1.049626036633e+00 1.049654252830e+00 1.049682998963e+00 1.049712284117e+00
 1.049742117497e+00 1.049772508422e+00 1.049803466331e+00 1.049835000783e+00
 1.049867121448e+00 1.049899838116e+00 1.049933160692e+00 1.049967099195e+00
 1.050001663755e+00 1.050036864617e+00 1.050072712136e+00 1.050109216773e+00
 1.050146389100e+00 1.050184239792e+00 1.050222779627e+00 1.050262019484e+00
 1.050301970339e+00 1.050342643264e+00 1.050384049424e+00 1.050426200070e+00
 1.050469106540e+00 1.050512780253e+00 1.050557232704e+00 1.050602475460e+00
 1.050648520157e+00 1.050695378493e+00 1.050743062222e+00 1.050791583148e+00
 1.050840953123e+00 1.050891184034e+00 1.050942287798e+00 1.050994276358e+00
 1.051047161670e+00 1.051100955697e+00 1.051155670398e+00 1.051211317723e+00
 1.051267909597e+00 1.051325457912e+00 1.051383974516e+00 1.051443471202e+00
 1.051503959691e+00 1.051565451623e+00 1.051627958543e+00 1.051691491881e+00
 1.051756062943e+00 1.051821682890e+00 1.051888362725e+00 1.051956113268e+00
 1.052024945144e+00 1.052094868759e+00 1.052165894282e+00 1.052238031616e+00
 1.052311290386e+00 1.052385679904e+00 1.052461209148e+00 1.052537886738e+00
 1.052615720904e+00 1.052694719456e+00 1.052774889757e+00 1.052856238690e+00
 1.052938772622e+00 1.053022497369e+00 1.053107418164e+00 1.053193539614e+00
 1.053280865659e+00 1.053369399534e+00 1.053459143723e+00 1.053550099913e+00
 1.053642268949e+00 1.053735650777e+00 1.053830244403e+00 1.053926047827e+00
 1.054023057997e+00 1.054121270741e+00 1.054220680712e+00 1.054321281321e+00
 1.054423064671e+00 1.054526021486e+00 1.054630141041e+00 1.054735411086e+00
 1.054841817766e+00 1.054949345539e+00 1.055057977096e+00 1.055167693266e+00
 1.055278472928e+00 1.055390292915e+00 1.055503127914e+00 1.055616950363e+00
 1.055731730344e+00 1.055847435472e+00 1.055964030778e+00 1.056081478592e+00
 1.056199738413e+00 1.056318766785e+00 1.056438517161e+00 1.056558939763e+00
 1.056679981438e+00 1.056801585509e+00 1.056923691620e+00 1.057046235573e+00
 1.057169149165e+00 1.057292360014e+00 1.057415791381e+00 1.057539361981e+00
 1.057662985801e+00 1.057786571891e+00 1.057910024168e+00 1.058033241199e+00
 1.058156115986e+00 1.058278535738e+00 1.058400381635e+00 1.058521528593e+00
 1.058641845006e+00 1.058761192499e+00 1.058879425653e+00 1.058996391738e+00
 1.059111930428e+00 1.059225873508e+00 1.059338044579e+00 1.059448258744e+00
 1.059556322293e+00 1.059662032374e+00 1.059765176657e+00 1.059865532986e+00
 1.059962869023e+00 1.060056941884e+00 1.060147497756e+00 1.060234271521e+00
 1.060316986349e+00 1.060395353297e+00 1.060469070892e+00 1.060537824699e+00
 1.060601286889e+00 1.060659115783e+00 1.060710955403e+00 1.060756434995e+00
 1.060795168550e+00 1.060826754319e+00 1.060850774311e+00 1.060866793782e+00
 1.060874360715e+00 1.060873005295e+00 1.060862239364e+00 1.060841555881e+00
 1.060810428359e+00 1.060768310304e+00 1.060714634644e+00 1.060648813142e+00
 1.060570235818e+00 1.060478270347e+00 1.060372261468e+00 1.060251530373e+00
 1.060115374102e+00 1.059963064931e+00 1.059793849754e+00 1.059606949475e+00
 1.059401558380e+00 1.059176843534e+00 1.058931944155e+00 1.058665971014e+00
 1.058378005821e+00 1.058067100630e+00 1.057732277246e+00 1.057372526642e+00
 1.056986808391e+00 1.056574050107e+00 1.056133146904e+00 1.055662960873e+00
 1.055162320577e+00 1.054630020576e+00 1.054064820965e+00 1.053465446955e+00
 1.052830588468e+00 1.052158899788e+00 1.051448999226e+00 1.050699468846e+00
 1.049908854223e+00 1.049075664254e+00 1.048198371020e+00 1.047275409708e+00
 1.046305178588e+00 1.045286039058e+00 1.044216315755e+00 1.043094296750e+00
 1.041918233809e+00 1.040686342745e+00 1.039396803863e+00 1.038047762488e+00
 1.036637329609e+00 1.035163582611e+00 1.033624566136e+00 1.032018293046e+00
 1.030342745520e+00 1.028595876274e+00 1.026775609921e+00 1.024879844466e+00
 1.022906452955e+00 1.020853285273e+00 1.018718170105e+00 1.016498917062e+00
 1.014193318972e+00 1.011799154363e+00 1.009314190115e+00 1.006736184304e+00
 1.004062889249e+00 1.001292054746e+00 9.984214315077e-01 9.954487748201e-01
 9.923718483976e-01 9.891884284607e-01 9.858963080288e-01 9.824933014316e-01
 9.789772490425e-01 9.753460222319e-01 9.715975285419e-01 9.677297170812e-01
 9.637405841359e-01 9.596281789961e-01 9.553906099906e-01 9.510260507257e-01
 9.465327465209e-01 9.419090210318e-01 9.371532830510e-01 9.322640334748e-01
 9.272398724223e-01 9.220795064910e-01 9.167817561327e-01 9.113455631297e-01
 9.057699981495e-01 9.000542683568e-01 8.941977250538e-01 8.881998713248e-01
 8.820603696514e-01 8.757790494693e-01 8.693559146287e-01 8.627911507241e-01
 8.560851322521e-01 8.492384295569e-01 8.422518155191e-01 8.351262719418e-01
 8.278629955860e-01 8.204634038060e-01 8.129291397328e-01 8.052620769521e-01
 7.974643236235e-01 7.895382259839e-01 7.814863711814e-01 7.733115893807e-01
 7.650169550858e-01 7.566057876218e-01 7.480816507234e-01 7.394483511747e-01
 7.307099364487e-01 7.218706912996e-01 7.129351332598e-01 7.039080070017e-01
 6.947942775270e-01 6.855991221513e-01 6.763279212602e-01 6.669862478169e-01
 6.575798556132e-01 6.481146662594e-01 6.385967549246e-01 6.290323348427e-01
 6.194277406151e-01 6.097894103511e-01 6.001238667007e-01 5.904376968460e-01
 5.807375315333e-01 5.710300232418e-01 5.613218235980e-01 5.516195601616e-01
 5.419298127229e-01 5.322590892661e-01 5.226138017678e-01 5.130002420134e-01
 5.034245576281e-01 4.938927285280e-01 4.844105440129e-01 4.749835807244e-01
 4.656171817054e-01 4.563164367976e-01 4.470861646187e-01 4.379308963558e-01
 4.288548616114e-01 4.198619765265e-01 4.109558343960e-01 4.021396989728e-01
 3.934165006400e-01 3.847888356010e-01 3.762589682120e-01 3.678288365437e-01
 3.595000612232e-01 3.512739575597e-01 3.431515509147e-01 3.351335952236e-01
 3.272205945205e-01 3.194128272643e-01 3.117103732012e-01 3.041131424440e-01
 2.966209063844e-01 2.892333300012e-01 2.819500050697e-01 2.747704837288e-01
 2.676943118173e-01 2.607210613551e-01 2.538503615168e-01 2.470819274296e-01
 2.404155861264e-01 2.338512989915e-01 2.273891800691e-01 2.210295096459e-01
 2.147727425817e-01 2.086195109442e-01 2.025706206044e-01 1.966270415652e-01
 1.907898919345e-01 1.850604156033e-01 1.794399538576e-01 1.739299113258e-01
 1.685317168479e-01 1.632467800382e-01 1.580764444938e-01 1.530219387742e-01
 1.480843264376e-01 1.432644565498e-01 1.385629161927e-01 1.339799865637e-01
 1.295156042860e-01 1.251693295234e-01 1.209403224139e-01 1.168273291972e-01
 1.128286792086e-01 1.089422936493e-01 1.051657067165e-01 1.014960992970e-01
 9.793034499853e-02 9.446506782442e-02 9.109671030772e-02 8.782161042197e-02
 8.463608510025e-02 8.153651774470e-02 7.851944671720e-02 7.558165149510e-02
 7.272023297745e-02 6.993268436018e-02 6.721694908420e-02 6.457146261311e-02
 6.199517522715e-02 5.948755362964e-02 5.704855994306e-02 5.467860760756e-02
 5.237849475638e-02 5.014931678916e-02 4.799236104632e-02 4.590898764276e-02
 4.390050157964e-02 4.196802214448e-02 4.011235625767e-02 3.833388275725e-02
 3.663245456957e-02 3.500732524637e-02 3.345710542974e-02 3.197975343744e-02
 3.057260237170e-02 2.923242401178e-02 2.795552735561e-02 2.673788716641e-02
 2.557529542384e-02 2.446352636824e-02 2.339850406422e-02 2.237646029900e-02
 2.139407035352e-02 2.044855488455e-02 1.953773791933e-02 1.866005379672e-02
 1.781449970455e-02 1.700053506977e-02 1.621793415649e-02 1.546660341749e-02
 1.474637994428e-02 1.405683123496e-02 1.339707890639e-02 1.276566941986e-02
 1.216051297962e-02 1.157890728213e-02 1.101765575698e-02 1.047328064108e-02
 9.942320272106e-03 9.421688286189e-03 8.909061144132e-03 8.403250969366e-03
 7.904514513584e-03 7.414747545978e-03 6.937518195051e-03 6.477903401546e-03
 6.042109662558e-03 5.636881861804e-03 5.268730518316e-03 4.943035720142e-03
 4.663112098102e-03 4.429339744172e-03 4.238477240440e-03 4.083271629216e-03
 3.952463904783e-03 3.831256548838e-03 3.702260906051e-03 3.546855131537e-03
 3.346563098842e-03 3.082616777512e-03 2.728380095893e-03 2.233858526222e-03
 1.546467447710e-03 7.479385178301e-04 1.588569479533e-04
                Type                   L                   N
                   0                   0                   1

 9.962649317841e-01 9.962649784062e-01 9.962650259700e-01 9.962650744947e-01
 9.962651239996e-01 9.962651745045e-01 9.962652260296e-01 9.962652785955e-01
 9.962653322233e-01 9.962653869344e-01 9.962654427506e-01 9.962654996944e-01
 9.962655577884e-01 9.962656170560e-01 9.962656775208e-01 9.962657392069e-01
 9.962658021392e-01 9.962658663426e-01 9.962659318430e-01 9.962659986665e-01
 9.962660668399e-01 9.962661363903e-01 9.962662073457e-01 9.962662797343e-01
 9.962663535852e-01 9.962664289279e-01 9.962665057925e-01 9.962665842097e-01
 9.962666642110e-01 9.962667458282e-01 9.962668290941e-01 9.962669140420e-01
 9.962670007058e-01 9.962670891201e-01 9.962671793204e-01 9.962672713427e-01
 9.962673652238e-01 9.962674610013e-01 9.962675587134e-01 9.962676583992e-01
 9.962677600986e-01 9.962678638523e-01 9.962679697018e-01 9.962680776893e-01
 9.962681878581e-01 9.962683002522e-01 9.962684149166e-01 9.962685318971e-01
 9.962686512405e-01 9.962687729945e-01 9.962688972078e-01 9.962690239300e-01
 9.962691532120e-01 9.962692851052e-01 9.962694196626e-01 9.962695569378e-01
 9.962696969858e-01 9.962698398626e-01 9.962699856253e-01 9.962701343322e-01
 9.962702860427e-01 9.962704408175e-01 9.962705987185e-01 9.962707598089e-01
 9.962709241529e-01 9.962710918164e-01 9.962712628664e-01 9.962714373713e-01
 9.962716154008e-01 9.962717970261e-01 9.962719823198e-01 9.962721713561e-01
 9.962723642104e-01 9.962725609599e-01 9.962727616833e-01 9.962729664607e-01
 9.962731753742e-01 9.962733885071e-01 9.962736059446e-01 9.962738277738e-01
 9.962740540833e-01 9.962742849635e-01 9.962745205067e-01 9.962747608072e-01
 9.962750059609e-01 9.962752560659e-01 9.962755112221e-01 9.962757715316e-01
 9.962760370983e-01 9.962763080284e-01 9.962765844303e-01 9.962768664143e-01
 9.962771540933e-01 9.962774475821e-01 9.962777469981e-01 9.962780524610e-01
 9.962783640928e-01 9.962786820180e-01 9.962790063638e-01 9.962793372598e-01
 9.962796748382e-01 9.962800192338e-01 9.962803705844e-01 9.962807290304e-01
 9.962810947149e-01 9.962814677841e-01 9.962818483871e-01 9.962822366759e-01
 9.962826328058e-01 9.962830369349e-01 9.962834492248e-01 9.962838698401e-01
 9.962842989490e-01 9.962847367229e-01 9.962851833366e-01 9.962856389686e-01
 9.962861038010e-01 9.962865780193e-01 9.962870618131e-01 9.962875553756e-01
 9.962880589039e-01 9.962885725992e-01 9.962890966667e-01 9.962896313157e-01
 9.962901767597e-01 9.962907332166e-01 9.962913009086e-01 9.962918800624e-01
 9.962924709093e-01 9.962930736853e-01 9.962936886311e-01 9.962943159922e-01
 9.962949560191e-01 9.962956089674e-01 9.962962750978e-01 9.962969546762e-01
 9.962976479740e-01 9.962983552679e-01 9.962990768403e-01 9.962998129792e-01
 9.963005639785e-01 9.963013301379e-01 9.963021117633e-01 9.963029091666e-01
 9.963037226661e-01 9.963045525864e-01 9.963053992587e-01 9.963062630208e-01
 9.963071442175e-01 9.963080432004e-01 9.963089603281e-01 9.963098959665e-01
 9.963108504889e-01 9.963118242760e-01 9.963128177164e-01 9.963138312063e-01
 9.963148651500e-01 9.963159199597e-01 9.963169960562e-01 9.963180938686e-01
 9.963192138346e-01 9.963203564009e-01 9.963215220230e-01 9.963227111656e-01
 9.963239243027e-01 9.963251619180e-01 9.963264245047e-01 9.963277125662e-01
 9.963290266156e-01 9.963303671768e-01 9.963317347839e-01 9.963331299819e-01
 9.963345533265e-01 9.963360053848e-01 9.963374867354e-01 9.963389979682e-01
 9.963405396851e-01 9.963421125002e-01 9.963437170397e-01 9.963453539426e-01
 9.963470238605e-01 9.963487274584e-01 9.963504654142e-01 9.963522384199e-01
 9.963540471809e-01 9.963558924172e-01 9.963577748629e-01 9.963596952670e-01
 9.963616543935e-01 9.963636530216e-01 9.963656919464e-01 9.963677719785e-01
 9.963698939451e-01 9.963720586899e-01 9.963742670735e-01 9.963765199737e-01
 9.963788182858e-01 9.963811629231e-01 9.963835548173e-01 9.963859949187e-01
 9.963884841964e-01 9.963910236392e-01 9.963936142554e-01 9.963962570738e-01
 9.963989531433e-01 9.964017035343e-01 9.964045093382e-01 9.964073716685e-01
 9.964102916606e-01 9.964132704728e-01 9.964163092867e-01 9.964194093071e-01
 9.964225717632e-01 9.964257979085e-01 9.964290890215e-01 9.964324464065e-01
 9.964358713934e-01 9.964393653388e-01 9.964429296265e-01 9.964465656676e-01
 9.964502749015e-01 9.964540587961e-01 9.964579188486e-01 9.964618565861e-01
 9.964658735659e-01 9.964699713763e-01 9.964741516373e-01 9.964784160010e-01
 9.964827661524e-01 9.964872038098e-01 9.964917307259e-01 9.964963486879e-01
 9.965010595186e-01 9.965058650769e-01 9.965107672587e-01 9.965157679973e-01
 9.965208692643e-01 9.965260730704e-01 9.965313814662e-01 9.965367965427e-01
 9.965423204322e-01 9.965479553095e-01 9.965537033920e-01 9.965595669411e-01
 9.965655482627e-01 9.965716497083e-01 9.965778736758e-01 9.965842226103e-01
 9.965906990051e-01 9.965973054025e-01 9.966040443950e-01 9.966109186261e-01
 9.966179307910e-01 9.966250836381e-01 9.966323799697e-01 9.966398226432e-01
 9.966474145718e-01 9.966551587260e-01 9.966630581345e-01 9.966711158851e-01
 9.966793351261e-01 9.966877190675e-01 9.966962709818e-01 9.967049942055e-01
 9.967138921401e-01 9.967229682535e-01 9.967322260810e-01 9.967416692270e-01
 9.967513013656e-01 9.967611262427e-01 9.967711476766e-01 9.967813695599e-01
 9.967917958606e-01 9.968024306234e-01 9.968132779714e-01 9.968243421074e-01
 9.968356273155e-01 9.968471379620e-01 9.968588784979e-01 9.968708534596e-01
 9.968830674709e-01 9.968955252442e-01 9.969082315827e-01 9.969211913815e-01
 9.969344096295e-01 9.969478914109e-01 9.969616419074e-01 9.969756663991e-01
 9.969899702671e-01 9.970045589949e-01 9.970194381701e-01 9.970346134865e-01
 9.970500907459e-01 9.970658758598e-01 9.970819748516e-01 9.970983938583e-01
 9.971151391328e-01 9.971322170455e-01 9.971496340866e-01 9.971673968681e-01
 9.971855121259e-01 9.972039867217e-01 9.972228276454e-01 9.972420420172e-01
 9.972616370898e-01 9.972816202504e-01 9.973019990233e-01 9.973227810717e-01
 9.973439742006e-01 9.973655863586e-01 9.973876256404e-01 9.974101002892e-01
 9.974330186992e-01 9.974563894177e-01 9.974802211480e-01 9.975045227512e-01
 9.975293032496e-01 9.975545718282e-01 9.975803378379e-01 9.976066107978e-01
 9.976334003980e-01 9.976607165018e-01 9.976885691485e-01 9.977169685560e-01
 9.977459251235e-01 9.977754494340e-01 9.978055522573e-01 9.978362445519e-01
 9.978675374687e-01 9.978994423528e-01 9.979319707467e-01 9.979651343929e-01
 9.979989452364e-01 9.980334154277e-01 9.980685573253e-01 9.981043834983e-01
 9.981409067294e-01 9.981781400173e-01 9.982160965797e-01 9.982547898553e-01
 9.982942335073e-01 9.983344414253e-01 9.983754277283e-01 9.984172067672e-01
 9.984597931270e-01 9.985032016300e-01 9.985474473375e-01 9.985925455527e-01
 9.986385118229e-01 9.986853619420e-01 9.987331119523e-01 9.987817781473e-01
 9.988313770734e-01 9.988819255323e-01 9.989334405826e-01 9.989859395419e-01
 9.990394399887e-01 9.990939597638e-01 9.991495169724e-01 9.992061299848e-01
 9.992638174386e-01 9.993225982393e-01 9.993824915618e-01 9.994435168511e-01
 9.995056938230e-01 9.995690424650e-01 9.996335830364e-01 9.996993360689e-01
 9.997663223663e-01 9.998345630045e-01 9.999040793310e-01 9.999748929644e-01
 1.000047025793e+00 1.000120499975e+00 1.000195337935e+00 1.000271562363e+00
 1.000349196215e+00 1.000428262705e+00 1.000508785308e+00 1.000590787753e+00
 1.000674294022e+00 1.000759328344e+00 1.000845915192e+00 1.000934079276e+00
 1.001023845544e+00 1.001115239166e+00 1.001208285539e+00 1.001303010270e+00
 1.001399439176e+00 1.001497598272e+00 1.001597513763e+00 1.001699212038e+00
 1.001802719654e+00 1.001908063329e+00 1.002015269930e+00 1.002124366463e+00
 1.002235380054e+00 1.002348337940e+00 1.002463267452e+00 1.002580196001e+00
 1.002699151058e+00 1.002820160140e+00 1.002943250785e+00 1.003068450540e+00
 1.003195786933e+00 1.003325287453e+00 1.003456979525e+00 1.003590890488e+00
 1.003727047565e+00 1.003865477834e+00 1.004006208203e+00 1.004149265375e+00
 1.004294675815e+00 1.004442465719e+00 1.004592660974e+00 1.004745287118e+00
 1.004900369308e+00 1.005057932268e+00 1.005218000249e+00 1.005380596985e+00
 1.005545745637e+00 1.005713468751e+00 1.005883788194e+00 1.006056725104e+00
 1.006232299833e+00 1.006410531876e+00 1.006591439816e+00 1.006775041250e+00
 1.006961352721e+00 1.007150389643e+00 1.007342166221e+00 1.007536695376e+00
 1.007733988653e+00 1.007934056137e+00 1.008136906362e+00 1.008342546208e+00
 1.008550980807e+00 1.008762213436e+00 1.008976245404e+00 1.009193075943e+00
 1.009412702086e+00 1.009635118542e+00 1.009860317569e+00 1.010088288838e+00
 1.010319019293e+00 1.010552493004e+00 1.010788691017e+00 1.011027591193e+00
 1.011269168046e+00 1.011513392570e+00 1.011760232062e+00 1.012009649936e+00
 1.012261605531e+00 1.012516053913e+00 1.012772945665e+00 1.013032226670e+00
 1.013293837892e+00 1.013557715140e+00 1.013823788829e+00 1.014091983728e+00
 1.014362218700e+00 1.014634406438e+00 1.014908453180e+00 1.015184258424e+00
 1.015461714626e+00 1.015740706894e+00 1.016021112662e+00 1.016302801362e+00
 1.016585634075e+00 1.016869463182e+00 1.017154131989e+00 1.017439474351e+00
 1.017725314276e+00 1.018011465522e+00 1.018297731171e+00 1.018583903201e+00
 1.018869762036e+00 1.019155076084e+00 1.019439601258e+00 1.019723080490e+00
 1.020005243218e+00 1.020285804865e+00 1.020564466304e+00 1.020840913300e+00
 1.021114815941e+00 1.021385828049e+00 1.021653586579e+00 1.021917710994e+00
 1.022177802632e+00 1.022433444042e+00 1.022684198321e+00 1.022929608413e+00
 1.023169196407e+00 1.023402462807e+00 1.023628885787e+00 1.023847920429e+00
 1.024058997941e+00 1.024261524861e+00 1.024454882234e+00 1.024638424781e+00
 1.024811480049e+00 1.024973347535e+00 1.025123297801e+00 1.025260571573e+00
 1.025384378816e+00 1.025493897800e+00 1.025588274147e+00 1.025666619862e+00
 1.025728012356e+00 1.025771493445e+00 1.025796068347e+00 1.025800704660e+00
 1.025784331335e+00 1.025745837632e+00 1.025684072072e+00 1.025597841386e+00
 1.025485909451e+00 1.025346996225e+00 1.025179776685e+00 1.024982879752e+00
 1.024754887234e+00 1.024494332759e+00 1.024199700726e+00 1.023869425253e+00
 1.023501889148e+00 1.023095422885e+00 1.022648303607e+00 1.022158754142e+00
 1.021624942044e+00 1.021044978672e+00 1.020416918285e+00 1.019738757190e+00
 1.019008432915e+00 1.018223823441e+00 1.017382746476e+00 1.016482958787e+00
 1.015522155591e+00 1.014497970016e+00 1.013407972633e+00 1.012249671062e+00
 1.011020509673e+00 1.009717869371e+00 1.008339067481e+00 1.006881357746e+00
 1.005341930429e+00 1.003717912546e+00 1.002006368225e+00 1.000204299205e+00
 9.983086454822e-01 9.963162861140e-01 9.942240401868e-01 9.920286679617e-01
 9.897268722043e-01 9.873152997101e-01 9.847905430353e-01 9.821491424433e-01
 9.793875880780e-01 9.765023223737e-01 9.734897427127e-01 9.703462043416e-01
 9.670680235573e-01 9.636514811720e-01 9.600928262704e-01 9.563882802673e-01
 9.525340412782e-01 9.485262888111e-01 9.443611887910e-01 9.400348989266e-01
 9.355435744271e-01 9.308833740791e-01 9.260504666917e-01 9.210410379164e-01
 9.158512974491e-01 9.104774866199e-01 9.049158863759e-01 8.991628256602e-01
 8.932146901906e-01 8.870679316385e-01 8.807190772084e-01 8.741647396174e-01
 8.674016274691e-01 8.604265560197e-01 8.532364583271e-01 8.458283967759e-01
 8.381995749652e-01 8.303473499480e-01 8.222692448036e-01 8.139629615274e-01
 8.054263942137e-01 7.966576425098e-01 7.876550253133e-01 7.784170946820e-01
 7.689426499237e-01 7.592307518279e-01 7.492807370011e-01 7.390922322599e-01
 7.286651690356e-01 7.179997977403e-01 7.070967020379e-01 6.959568129641e-01
 6.845814228317e-01 6.729721988581e-01 6.611311964437e-01 6.490608720316e-01
 6.367640954704e-01 6.242441618051e-01 6.115048024108e-01 5.985501953889e-01
 5.853849751369e-01 5.720142410051e-01 5.584435649502e-01 5.446789980935e-01
 5.307270760946e-01 5.165948232462e-01 5.022897552007e-01 4.878198802371e-01
 4.731936989809e-01 4.584202024889e-01 4.435088686191e-01 4.284696566043e-01
 4.133129997571e-01 3.980497962376e-01 3.826913978229e-01 3.672495966239e-01
 3.517366097058e-01 3.361650615747e-01 3.205479645064e-01 3.048986967044e-01
 2.892309782832e-01 2.735588450925e-01 2.578966204044e-01 2.422588845077e-01
 2.266604422641e-01 2.111162886983e-01 1.956415727138e-01 1.802515590378e-01
 1.649615885207e-01 1.497870369316e-01 1.347432724064e-01 1.198456117272e-01
 1.051092756223e-01 9.054934329767e-02 7.618070642294e-02 6.201802280948e-02
 4.807567003234e-02 3.436769925812e-02 2.090778955076e-02 7.709202935414e-03
 -5.215259494375e-03 -1.785330013746e-02 -3.019316582457e-02 -4.222368684919e-02
 -5.393431380781e-02 -6.531515197507e-02 -7.635699295076e-02 -8.705134332967e-02
 -9.739045016267e-02 -1.073673229981e-01 -1.169757523159e-01 -1.262103241940e-01
 -1.350664310756e-01 -1.435402785372e-01 -1.516288879948e-01 -1.593300953182e-01
 -1.666425453642e-01 -1.735656824796e-01 -1.800997370651e-01 -1.862457083316e-01
 -1.920053434247e-01 -1.973811131323e-01 -2.023761844316e-01 -2.069943901711e-01
 -2.112401962204e-01 -2.151186664551e-01 -2.186354259768e-01 -2.217966229956e-01
 -2.246088898267e-01 -2.270793034739e-01 -2.292153462839e-01 -2.310248671647e-01
 -2.325160438631e-01 -2.336973467889e-01 -2.345775048582e-01 -2.351654738051e-01
 -2.354704073785e-01 -2.355016317920e-01 -2.352686237441e-01 -2.347809922526e-01
 -2.340484644685e-01 -2.330808755366e-01 -2.318881624658e-01 -2.304803618429e-01
 -2.288676110952e-01 -2.270601528540e-01 -2.250683418189e-01 -2.229026533544e-01
 -2.205736928878e-01 -2.180922050077e-01 -2.154690810096e-01 -2.127153634913e-01
 -2.098422464860e-01 -2.068610695370e-01 -2.037833040845e-01 -2.006205305540e-01
 -1.973844046248e-01 -1.940866113328e-01 -1.907388059170e-01 -1.873525406870e-01
 -1.839391776528e-01 -1.805097872299e-01 -1.770750340113e-01 -1.736450513624e-01
 -1.702293074348e-01 -1.668364660824e-01 -1.634742470580e-01 -1.601492907324e-01
 -1.568670333467e-01 -1.536315994342e-01 -1.504457184471e-01 -1.473106727422e-01
 -1.442262838343e-01 -1.411909431678e-01 -1.382016925270e-01 -1.352543575750e-01
 -1.323437358784e-01 -1.294638381603e-01 -1.266081785002e-01 -1.237701058696e-01
 -1.209431659150e-01 -1.181214784778e-01 -1.153001132081e-01 -1.124754430742e-01
 -1.096454538725e-01 -1.068099873113e-01 -1.039708961384e-01 -1.011320923288e-01
 -9.829947368701e-02 -9.548072036052e-02 -9.268496059371e-02 -8.992231427813e-02
 -8.720333300070e-02 -8.453836569728e-02 -8.193688885150e-02 -7.940684847534e-02
 -7.695406682930e-02 -7.458176895746e-02 -7.229028170546e-02 -7.007695027190e-02
 -6.793630418066e-02 -6.586048600054e-02 -6.383993290243e-02 -6.186427460300e-02
 -5.992338342215e-02 -5.800848570074e-02 -5.611322176100e-02 -5.423452723871e-02
 -5.237320517153e-02 -5.053406839466e-02 -4.872555735166e-02 -4.695877978678e-02
 -4.524597461086e-02 -4.359846917706e-02 -4.202427182701e-02 -4.052551250672e-02
 -3.909600467936e-02 -3.771924215743e-02 -3.636715568959e-02 -3.499992866221e-02
 -3.356710459296e-02 -3.201011005741e-02 -3.026615375408e-02 -2.827306080551e-02
 -2.597247844704e-02 -2.329869817010e-02 -2.011717594076e-02 -1.611473336518e-02
 -1.095589673320e-02 -5.226667390189e-03 -1.100346749752e-03
                Type                   L                   N
                   0                   1                   0

 8.978255490263e-03 9.068486493891e-03 9.159624274335e-03 9.251677943082e-03
 9.344656703060e-03 9.438569849663e-03 9.533426771629e-03 9.629236952024e-03
 9.726009969097e-03 9.823755497368e-03 9.922483308556e-03 1.002220327231e-02
 1.012292535764e-02 1.022465963357e-02 1.032741627021e-02 1.043120553987e-02
 1.053603781798e-02 1.064192358422e-02 1.074887342341e-02 1.085689802671e-02
 1.096600819275e-02 1.107621482838e-02 1.118752895013e-02 1.129996168505e-02
 1.141352427202e-02 1.152822806276e-02 1.164408452282e-02 1.176110523302e-02
 1.187930189043e-02 1.199868630956e-02 1.211927042346e-02 1.224106628508e-02
 1.236408606835e-02 1.248834206940e-02 1.261384670778e-02 1.274061252777e-02
 1.286865219954e-02 1.299797852045e-02 1.312860441641e-02 1.326054294288e-02
 1.339380728660e-02 1.352841076650e-02 1.366436683527e-02 1.380168908059e-02
 1.394039122656e-02 1.408048713495e-02 1.422199080671e-02 1.436491638330e-02
 1.450927814805e-02 1.465509052764e-02 1.480236809353e-02 1.495112556343e-02
 1.510137780270e-02 1.525313982583e-02 1.540642679798e-02 1.556125403651e-02
 1.571763701238e-02 1.587559135185e-02 1.603513283787e-02 1.619627741177e-02
 1.635904117478e-02 1.652344038965e-02 1.668949148220e-02 1.685721104311e-02
 1.702661582941e-02 1.719772276617e-02 1.737054894826e-02 1.754511164191e-02
 1.772142828659e-02 1.789951649661e-02 1.807939406286e-02 1.826107895471e-02
 1.844458932160e-02 1.862994349502e-02 1.881715999021e-02 1.900625750801e-02
 1.919725493671e-02 1.939017135403e-02 1.958502602876e-02 1.978183842295e-02
 1.998062819367e-02 2.018141519495e-02 2.038421947980e-02 2.058906130218e-02
 2.079596111901e-02 2.100493959216e-02 2.121601759049e-02 2.142921619194e-02
 2.164455668563e-02 2.186206057385e-02 2.208174957434e-02 2.230364562231e-02
 2.252777087266e-02 2.275414770214e-02 2.298279871155e-02 2.321374672803e-02
 2.344701480723e-02 2.368262623559e-02 2.392060453269e-02 2.416097345350e-02
 2.440375699079e-02 2.464897937734e-02 2.489666508856e-02 2.514683884464e-02
 2.539952561318e-02 2.565475061152e-02 2.591253930927e-02 2.617291743080e-02
 2.643591095775e-02 2.670154613157e-02 2.696984945615e-02 2.724084770031e-02
 2.751456790056e-02 2.779103736363e-02 2.807028366916e-02 2.835233467249e-02
 2.863721850725e-02 2.892496358821e-02 2.921559861401e-02 2.950915256993e-02
 2.980565473085e-02 3.010513466389e-02 3.040762223153e-02 3.071314759434e-02
 3.102174121396e-02 3.133343385615e-02 3.164825659369e-02 3.196624080936e-02
 3.228741819918e-02 3.261182077525e-02 3.293948086905e-02 3.327043113443e-02
 3.360470455086e-02 3.394233442661e-02 3.428335440197e-02 3.462779845248e-02
 3.497570089225e-02 3.532709637723e-02 3.568201990860e-02 3.604050683613e-02
 3.640259286158e-02 3.676831404213e-02 3.713770679384e-02 3.751080789523e-02
 3.788765449069e-02 3.826828409417e-02 3.865273459265e-02 3.904104424990e-02
 3.943325171003e-02 3.982939600127e-02 4.022951653963e-02 4.063365313274e-02
 4.104184598359e-02 4.145413569434e-02 4.187056327027e-02 4.229117012361e-02
 4.271599807749e-02 4.314508936991e-02 4.357848665776e-02 4.401623302082e-02
 4.445837196588e-02 4.490494743081e-02 4.535600378874e-02 4.581158585222e-02
 4.627173887741e-02 4.673650856841e-02 4.720594108149e-02 4.768008302942e-02
 4.815898148587e-02 4.864268398976e-02 4.913123854974e-02 4.962469364866e-02
 5.012309824807e-02 5.062650179277e-02 5.113495421538e-02 5.164850594106e-02
 5.216720789203e-02 5.269111149238e-02 5.322026867281e-02 5.375473187531e-02
 5.429455405811e-02 5.483978870044e-02 5.539048980747e-02 5.594671191524e-02
 5.650851009561e-02 5.707593996132e-02 5.764905767099e-02 5.822791993424e-02
 5.881258401680e-02 5.940310774571e-02 5.999954951450e-02 6.060196828845e-02
 6.121042360987e-02 6.182497560344e-02 6.244568498154e-02 6.307261304969e-02
 6.370582171201e-02 6.434537347662e-02 6.499133146125e-02 6.564375939875e-02
 6.630272164270e-02 6.696828317306e-02 6.764050960182e-02 6.831946717873e-02
 6.900522279706e-02 6.969784399935e-02 7.039739898330e-02 7.110395660758e-02
 7.181758639774e-02 7.253835855217e-02 7.326634394807e-02 7.400161414744e-02
 7.474424140315e-02 7.549429866500e-02 7.625185958586e-02 7.701699852781e-02
 7.778979056833e-02 7.857031150651e-02 7.935863786929e-02 8.015484691781e-02
 8.095901665364e-02 8.177122582518e-02 8.259155393404e-02 8.342008124141e-02
 8.425688877455e-02 8.510205833322e-02 8.595567249618e-02 8.681781462772e-02
 8.768856888421e-02 8.856802022065e-02 8.945625439730e-02 9.035335798627e-02
 9.125941837816e-02 9.217452378874e-02 9.309876326564e-02 9.403222669500e-02
 9.497500480825e-02 9.592718918878e-02 9.688887227876e-02 9.786014738583e-02
 9.884110868990e-02 9.983185124993e-02 1.008324710107e-01 1.018430648097e-01
 1.028637303838e-01 1.038945663761e-01 1.049356723427e-01 1.059871487597e-01
 1.070490970296e-01 1.081216194885e-01 1.092048194128e-01 1.102988010257e-01
 1.114036695042e-01 1.125195309859e-01 1.136464925756e-01 1.147846623520e-01
 1.159341493746e-01 1.170950636898e-01 1.182675163384e-01 1.194516193613e-01
 1.206474858069e-01 1.218552297368e-01 1.230749662330e-01 1.243068114038e-01
 1.255508823905e-01 1.268072973736e-01 1.280761755791e-01 1.293576372847e-01
 1.306518038260e-01 1.319587976024e-01 1.332787420834e-01 1.346117618141e-01
 1.359579824214e-01 1.373175306196e-01 1.386905342158e-01 1.400771221160e-01
 1.414774243299e-01 1.428915719766e-01 1.443196972897e-01 1.457619336225e-01
 1.472184154524e-01 1.486892783866e-01 1.501746591660e-01 1.516746956698e-01
 1.531895269202e-01 1.547192930864e-01 1.562641354882e-01 1.578241966004e-01
 1.593996200561e-01 1.609905506502e-01 1.625971343423e-01 1.642195182602e-01
 1.658578507023e-01 1.675122811399e-01 1.691829602201e-01 1.708700397671e-01
 1.725736727845e-01 1.742940134562e-01 1.760312171479e-01 1.777854404078e-01
 1.795568409672e-01 1.813455777405e-01 1.831518108253e-01 1.849757015016e-01
 1.868174122309e-01 1.886771066553e-01 1.905549495954e-01 1.924511070482e-01
 1.943657461848e-01 1.962990353473e-01 1.982511440453e-01 2.002222429518e-01
 2.022125038992e-01 2.042220998738e-01 2.062512050106e-01 2.082999945872e-01
 2.103686450170e-01 2.124573338423e-01 2.145662397259e-01 2.166955424429e-01
 2.188454228717e-01 2.210160629836e-01 2.232076458328e-01 2.254203555445e-01
 2.276543773034e-01 2.299098973404e-01 2.321871029189e-01 2.344861823205e-01
 2.368073248296e-01 2.391507207167e-01 2.415165612217e-01 2.439050385351e-01
 2.463163457794e-01 2.487506769884e-01 2.512082270860e-01 2.536891918641e-01
 2.561937679588e-01 2.587221528256e-01 2.612745447139e-01 2.638511426396e-01
 2.664521463567e-01 2.690777563274e-01 2.717281736914e-01 2.744036002331e-01
 2.771042383476e-01 2.798302910053e-01 2.825819617148e-01 2.853594544845e-01
 2.881629737820e-01 2.909927244926e-01 2.938489118749e-01 2.967317415164e-01
 2.996414192848e-01 3.025781512800e-01 3.055421437821e-01 3.085336031985e-01
 3.115527360083e-01 3.145997487052e-01 3.176748477375e-01 3.207782394464e-01
 3.239101300014e-01 3.270707253340e-01 3.302602310681e-01 3.334788524485e-01
 3.367267942668e-01 3.400042607837e-01 3.433114556498e-01 3.466485818225e-01
 3.500158414809e-01 3.534134359366e-01 3.568415655422e-01 3.603004295967e-01
 3.637902262470e-01 3.673111523863e-01 3.708634035493e-01 3.744471738039e-01
 3.780626556384e-01 3.817100398463e-01 3.853895154058e-01 3.891012693568e-01
 3.928454866729e-01 3.966223501294e-01 4.004320401672e-01 4.042747347525e-01
 4.081506092316e-01 4.120598361814e-01 4.160025852552e-01 4.199790230233e-01
 4.239893128094e-01 4.280336145211e-01 4.321120844758e-01 4.362248752210e-01
 4.403721353491e-01 4.445540093069e-01 4.487706371994e-01 4.530221545872e-01
 4.573086922787e-01 4.616303761155e-01 4.659873267521e-01 4.703796594290e-01
 4.748074837391e-01 4.792709033875e-01 4.837700159448e-01 4.883049125929e-01
 4.928756778642e-01 4.974823893732e-01 5.021251175407e-01 5.068039253108e-01
 5.115188678597e-01 5.162699922969e-01 5.210573373584e-01 5.258809330917e-01
 5.307408005324e-01 5.356369513726e-01 5.405693876204e-01 5.455381012506e-01
 5.505430738470e-01 5.555842762348e-01 5.606616681047e-01 5.657751976273e-01
 5.709248010573e-01 5.761104023296e-01 5.813319126442e-01 5.865892300419e-01
 5.918822389702e-01 5.972108098385e-01 6.025747985630e-01 6.079740461023e-01
 6.134083779811e-01 6.188776038044e-01 6.243815167603e-01 6.299198931127e-01
 6.354924916827e-01 6.410990533195e-01 6.467393003598e-01 6.524129360768e-01
 6.581196441178e-01 6.638590879311e-01 6.696309101812e-01 6.754347321538e-01
 6.812701531491e-01 6.871367498642e-01 6.930340757652e-01 6.989616604473e-01
 7.049190089853e-01 7.109056012725e-01 7.169208913495e-01 7.229643067231e-01
 7.290352476736e-01 7.351330865539e-01 7.412571670775e-01 7.474068035978e-01
 7.535812803775e-01 7.597798508503e-01 7.660017368729e-01 7.722461279696e-01
 7.785121805692e-01 7.847990172348e-01 7.911057258865e-01 7.974313590187e-01
 8.037749329118e-01 8.101354268383e-01 8.165117822661e-01 8.229029020579e-01
 8.293076496675e-01 8.357248483358e-01 8.421532802847e-01 8.485916859129e-01
 8.550387629913e-01 8.614931658628e-01 8.679535046444e-01 8.744183444348e-01
 8.808862045290e-01 8.873555576396e-01 8.938248291286e-01 9.002923962491e-01
 9.067565874004e-01 9.132156813974e-01 9.196679067557e-01 9.261114409961e-01
 9.325444099684e-01 9.389648871982e-01 9.453708932585e-01 9.517603951689e-01
 9.581313058234e-01 9.644814834517e-01 9.708087311149e-01 9.771107962396e-01
 9.833853701919e-01 9.896300878967e-01 9.958425275031e-01 1.002020210101e+00
 1.008160599490e+00 1.014261102011e+00 1.020319066431e+00 1.026331783898e+00
 1.032296487969e+00 1.038210354700e+00 1.044070502825e+00 1.049873994011e+00
 1.055617833199e+00 1.061298969037e+00 1.066914294413e+00 1.072460647079e+00
 1.077934810389e+00 1.083333514144e+00 1.088653435553e+00 1.093891200317e+00
 1.099043383832e+00 1.104106512536e+00 1.109077065382e+00 1.113951475461e+00
 1.118726131766e+00 1.123397381120e+00 1.127961530252e+00 1.132414848049e+00
 1.136753567972e+00 1.140973890647e+00 1.145071986646e+00 1.149043999447e+00
 1.152886048590e+00 1.156594233027e+00 1.160164634684e+00 1.163593322219e+00
 1.166876354996e+00 1.170009787281e+00 1.172989672649e+00 1.175812068619e+00
 1.178473041518e+00 1.180968671573e+00 1.183295058230e+00 1.185448325719e+00
 1.187424628840e+00 1.189220158999e+00 1.190831150464e+00 1.192253886871e+00
 1.193484707954e+00 1.194520016506e+00 1.195356285570e+00 1.195990065854e+00
 1.196417993357e+00 1.196636797208e+00 1.196643307713e+00 1.196434464586e+00
 1.196007325369e+00 1.195359074017e+00 1.194487029651e+00 1.193388655438e+00
 1.192061567605e+00 1.190503544562e+00 1.188712536105e+00 1.186686672687e+00
 1.184424274725e+00 1.181923861930e+00 1.179184162614e+00 1.176204122957e+00
 1.172982916198e+00 1.169519951714e+00 1.165814883955e+00 1.161867621187e+00
 1.157678334016e+00 1.153247463637e+00 1.148575729769e+00 1.143664138230e+00
 1.138513988099e+00 1.133126878414e+00 1.127504714361e+00 1.121649712884e+00
 1.115564407679e+00 1.109251653492e+00 1.102714629690e+00 1.095956843013e+00
 1.088982129479e+00 1.081794655359e+00 1.074398917164e+00 1.066799740601e+00
 1.059002278413e+00 1.051012007068e+00 1.042834722218e+00 1.034476532901e+00
 1.025943854402e+00 1.017243399755e+00 1.008382169819e+00 9.993674419024e-01
 9.902067568925e-01 9.809079048677e-01 9.714789091668e-01 9.619280089043e-01
 9.522636399235e-01 9.424944141939e-01 9.326290976641e-01 9.226765865966e-01
 9.126458824206e-01 9.025460651508e-01 8.923862654363e-01 8.821756353143e-01
 8.719233177614e-01 8.616384151478e-01 8.513299567191e-01 8.410068652430e-01
 8.306779229783e-01 8.203517371406e-01 8.100367050524e-01 7.997409791891e-01
 7.894724323430e-01 7.792386231484e-01 7.690467622237e-01 7.589036792043e-01
 7.488157909506e-01 7.387890712306e-01 7.288290221853e-01 7.189406478946e-01
 7.091284303669e-01 6.993963082795e-01 6.897476587957e-01 6.801852827845e-01
 6.707113937575e-01 6.613276108301e-01 6.520349559963e-01 6.428338559879e-01
 6.337241489611e-01 6.247050962244e-01 6.157753991858e-01 6.069332216537e-01
 5.981762175798e-01 5.895015642778e-01 5.809060010938e-01 5.723858734382e-01
 5.639371820212e-01 5.555556370581e-01 5.472367171322e-01 5.389757323216e-01
 5.307678911110e-01 5.226083705235e-01 5.144923888200e-01 5.064152800289e-01
 4.983725694833e-01 4.903600494655e-01 4.823738539845e-01 4.744105316430e-01
 4.664671154996e-01 4.585411887831e-01 4.506309452885e-01 4.427352432690e-01
 4.348536516445e-01 4.269864873723e-01 4.191348428739e-01 4.113006024856e-01
 4.034864469977e-01 3.956958454765e-01 3.879330337128e-01 3.802029788279e-01
 3.725113297727e-01 3.648643536961e-01 3.572688584189e-01 3.497321015298e-01
 3.422616869282e-01 3.348654499465e-01 3.275513325155e-01 3.203272501580e-01
 3.132009529180e-01 3.061798826381e-01 2.992710292832e-01 2.924807892544e-01
 2.858148288483e-01 2.792779561647e-01 2.728740048568e-01 2.666057331275e-01
 2.604747413035e-01 2.544814111517e-01 2.486248698374e-01 2.429029810463e-01
 2.373123653170e-01 2.318484510363e-01 2.265055568609e-01 2.212770055383e-01
 2.161552682271e-01 2.111321374802e-01 2.061989260637e-01 2.013466877857e-01
 1.965664555103e-01 1.918494905863e-01 1.871875370540e-01 1.825730732547e-01
 1.779995528923e-01 1.734616272315e-01 1.689553400000e-01 1.644782867313e-01
 1.600297307652e-01 1.556106689488e-01 1.512238412476e-01 1.468736799973e-01
 1.425661963807e-01 1.383088038603e-01 1.341100807047e-01 1.299794763207e-01
 1.259269687772e-01 1.219626835627e-01 1.180964861374e-01 1.143375630950e-01
 1.106940085899e-01 1.071724339784e-01 1.037776192326e-01 1.005122244818e-01
 9.737657893841e-02 9.436856239201e-02 9.148359139606e-02 8.871471824854e-02
 8.605284597208e-02 8.348705687767e-02 8.100504616526e-02 7.859364565417e-02
 7.623941648085e-02 7.392928383476e-02 7.165118193680e-02 6.939467391898e-02
 6.715150944050e-02 6.491608312696e-02 6.268575951490e-02 6.046103527799e-02
 5.824551710830e-02 5.604570355619e-02 5.387057102983e-02 5.173097745147e-02
 4.963891099803e-02 4.760662497907e-02 4.564571215841e-02 4.376618157005e-02
 4.197560699087e-02 4.027841769926e-02 3.867539817258e-02 3.716345348854e-02
 3.573568135530e-02 3.438177037939e-02 3.308871843507e-02 3.184183645225e-02
 3.062597376078e-02 2.942687392050e-02 2.823254759673e-02 2.703453440570e-02
 2.582892139283e-02 2.461699397118e-02 2.340541687903e-02 2.220587793426e-02
 2.103417453795e-02 1.990877890182e-02 1.884897819443e-02 1.787274424310e-02
 1.699453722239e-02 1.622328176377e-02 1.556076553176e-02 1.500069437830e-02
 1.452859195372e-02 1.412265560412e-02 1.375557885844e-02 1.339723223697e-02
 1.301797076402e-02 1.259222370236e-02 1.210193644278e-02 1.153939250775e-02
 1.090895871470e-02 1.022737673503e-02 9.522369880820e-03 8.829535828977e-03
 8.187734946644e-03 7.633431408106e-03 7.194664999511e-03 6.885487202819e-03
 6.701750321321e-03 6.619066343235e-03 6.593537928717e-03 6.565468296966e-03
 6.465301347450e-03 6.217566142071e-03 5.729852412382e-03 4.860867092323e-03
 3.464727620885e-03 1.712811571171e-03 3.689340944886e-04
                Type                   L                   N
                   0                   1                   1

 7.150570836407e-03 7.222433595942e-03 7.295018537355e-03 7.368332917030e-03
 7.442384064411e-03 7.517179382476e-03 7.592726348572e-03 7.669032515145e-03
 7.746105510470e-03 7.823953039453e-03 7.902582884381e-03 7.982002905679e-03
 8.062221042729e-03 8.143245314614e-03 8.225083820981e-03 8.307744742809e-03
 8.391236343197e-03 8.475566968278e-03 8.560745047927e-03 8.646779096719e-03
 8.733677714676e-03 8.821449588233e-03 8.910103490965e-03 8.999648284686e-03
 9.090092919995e-03 9.181446437432e-03 9.273717968406e-03 9.366916735874e-03
 9.461052055454e-03 9.556133336246e-03 9.652170081845e-03 9.749171891250e-03
 9.847148459782e-03 9.946109580133e-03 1.004606514326e-02 1.014702513953e-02
 1.024899965936e-02 1.035199889465e-02 1.045603313951e-02 1.056111279142e-02
 1.066724835213e-02 1.077445042893e-02 1.088272973544e-02 1.099209709286e-02
 1.110256343097e-02 1.121413978925e-02 1.132683731795e-02 1.144066727922e-02
 1.155564104821e-02 1.167177011423e-02 1.178906608184e-02 1.190754067206e-02
 1.202720572348e-02 1.214807319352e-02 1.227015515947e-02 1.239346381990e-02
 1.251801149567e-02 1.264381063122e-02 1.277087379591e-02 1.289921368508e-02
 1.302884312151e-02 1.315977505643e-02 1.329202257115e-02 1.342559887806e-02
 1.356051732206e-02 1.369679138192e-02 1.383443467154e-02 1.397346094128e-02
 1.411388407948e-02 1.425571811364e-02 1.439897721195e-02 1.454367568460e-02
 1.468982798525e-02 1.483744871247e-02 1.498655261112e-02 1.513715457390e-02
 1.528926964274e-02 1.544291301033e-02 1.559810002160e-02 1.575484617530e-02
 1.591316712541e-02 1.607307868283e-02 1.623459681683e-02 1.639773765668e-02
 1.656251749325e-02 1.672895278055e-02 1.689706013747e-02 1.706685634928e-02
 1.723835836941e-02 1.741158332107e-02 1.758654849891e-02 1.776327137077e-02
 1.794176957936e-02 1.812206094407e-02 1.830416346262e-02 1.848809531292e-02
 1.867387485480e-02 1.886152063190e-02 1.905105137333e-02 1.924248599571e-02
 1.943584360489e-02 1.963114349791e-02 1.982840516476e-02 2.002764829053e-02
 2.022889275706e-02 2.043215864511e-02 2.063746623623e-02 2.084483601478e-02
 2.105428866989e-02 2.126584509752e-02 2.147952640255e-02 2.169535390075e-02
 2.191334912091e-02 2.213353380698e-02 2.235592992014e-02 2.258055964096e-02
 2.280744537158e-02 2.303660973788e-02 2.326807559170e-02 2.350186601304e-02
 2.373800431234e-02 2.397651403272e-02 2.421741895230e-02 2.446074308651e-02
 2.470651069038e-02 2.495474626092e-02 2.520547453956e-02 2.545872051445e-02
 2.571450942294e-02 2.597286675399e-02 2.623381825070e-02 2.649738991275e-02
 2.676360799891e-02 2.703249902960e-02 2.730408978944e-02 2.757840732983e-02
 2.785547897161e-02 2.813533230756e-02 2.841799520525e-02 2.870349580953e-02
 2.899186254536e-02 2.928312412048e-02 2.957730952822e-02 2.987444805018e-02
 3.017456925918e-02 3.047770302191e-02 3.078387950198e-02 3.109312916267e-02
 3.140548276982e-02 3.172097139490e-02 3.203962641785e-02 3.236147953009e-02
 3.268656273755e-02 3.301490836372e-02 3.334654905269e-02 3.368151777224e-02
 3.401984781699e-02 3.436157281152e-02 3.470672671355e-02 3.505534381715e-02
 3.540745875599e-02 3.576310650653e-02 3.612232239140e-02 3.648514208261e-02
 3.685160160502e-02 3.722173733957e-02 3.759558602678e-02 3.797318477015e-02
 3.835457103961e-02 3.873978267502e-02 3.912885788965e-02 3.952183527377e-02
 3.991875379821e-02 4.031965281793e-02 4.072457207571e-02 4.113355170575e-02
 4.154663223742e-02 4.196385459894e-02 4.238526012115e-02 4.281089054129e-02
 4.324078800679e-02 4.367499507915e-02 4.411355473778e-02 4.455651038391e-02
 4.500390584454e-02 4.545578537634e-02 4.591219366972e-02 4.637317585281e-02
 4.683877749553e-02 4.730904461364e-02 4.778402367287e-02 4.826376159309e-02
 4.874830575244e-02 4.923770399156e-02 4.973200461780e-02 5.023125640951e-02
 5.073550862030e-02 5.124481098341e-02 5.175921371599e-02 5.227876752356e-02
 5.280352360435e-02 5.333353365380e-02 5.386884986899e-02 5.440952495315e-02
 5.495561212017e-02 5.550716509920e-02 5.606423813918e-02 5.662688601349e-02
 5.719516402454e-02 5.776912800851e-02 5.834883433999e-02 5.893433993669e-02
 5.952570226424e-02 6.012297934092e-02 6.072622974246e-02 6.133551260688e-02
 6.195088763935e-02 6.257241511703e-02 6.320015589397e-02 6.383417140607e-02
 6.447452367598e-02 6.512127531809e-02 6.577448954348e-02 6.643423016501e-02
 6.710056160225e-02 6.777354888658e-02 6.845325766627e-02 6.913975421152e-02
 6.983310541960e-02 7.053337881996e-02 7.124064257936e-02 7.195496550700e-02
 7.267641705972e-02 7.340506734716e-02 7.414098713694e-02 7.488424785986e-02
 7.563492161513e-02 7.639308117553e-02 7.715879999270e-02 7.793215220232e-02
 7.871321262935e-02 7.950205679330e-02 8.029876091343e-02 8.110340191396e-02
 8.191605742941e-02 8.273680580970e-02 8.356572612547e-02 8.440289817325e-02
 8.524840248072e-02 8.610232031184e-02 8.696473367211e-02 8.783572531367e-02
 8.871537874054e-02 8.960377821369e-02 9.050100875617e-02 9.140715615821e-02
 9.232230698229e-02 9.324654856818e-02 9.417996903792e-02 9.512265730080e-02
 9.607470305832e-02 9.703619680902e-02 9.800722985343e-02 9.898789429874e-02
 9.997828306369e-02 1.009784898832e-01 1.019886093129e-01 1.030087367340e-01
 1.040389683575e-01 1.050794012289e-01 1.061301332324e-01 1.071912630952e-01
 1.082628903918e-01 1.093451155481e-01 1.104380398455e-01 1.115417654248e-01
 1.126563952899e-01 1.137820333119e-01 1.149187842324e-01 1.160667536671e-01
 1.172260481094e-01 1.183967749332e-01 1.195790423968e-01 1.207729596448e-01
 1.219786367122e-01 1.231961845261e-01 1.244257149087e-01 1.256673405795e-01
 1.269211751576e-01 1.281873331637e-01 1.294659300219e-01 1.307570820612e-01
 1.320609065171e-01 1.333775215328e-01 1.347070461598e-01 1.360496003591e-01
 1.374053050018e-01 1.387742818685e-01 1.401566536504e-01 1.415525439481e-01
 1.429620772716e-01 1.443853790390e-01 1.458225755757e-01 1.472737941127e-01
 1.487391627848e-01 1.502188106284e-01 1.517128675791e-01 1.532214644686e-01
 1.547447330215e-01 1.562828058518e-01 1.578358164586e-01 1.594038992216e-01
 1.609871893962e-01 1.625858231081e-01 1.641999373472e-01 1.658296699617e-01
 1.674751596506e-01 1.691365459566e-01 1.708139692582e-01 1.725075707610e-01
 1.742174924886e-01 1.759438772728e-01 1.776868687436e-01 1.794466113178e-01
 1.812232501875e-01 1.830169313076e-01 1.848278013831e-01 1.866560078548e-01
 1.885016988850e-01 1.903650233422e-01 1.922461307846e-01 1.941451714433e-01
 1.960622962045e-01 1.979976565902e-01 1.999514047393e-01 2.019236933860e-01
 2.039146758387e-01 2.059245059572e-01 2.079533381289e-01 2.100013272437e-01
 2.120686286685e-01 2.141553982199e-01 2.162617921355e-01 2.183879670451e-01
 2.205340799389e-01 2.227002881364e-01 2.248867492522e-01 2.270936211611e-01
 2.293210619623e-01 2.315692299411e-01 2.338382835298e-01 2.361283812668e-01
 2.384396817538e-01 2.407723436121e-01 2.431265254361e-01 2.455023857461e-01
 2.479000829385e-01 2.503197752345e-01 2.527616206267e-01 2.552257768238e-01
 2.577124011933e-01 2.602216507019e-01 2.627536818539e-01 2.653086506273e-01
 2.678867124074e-01 2.704880219185e-01 2.731127331528e-01 2.757609992969e-01
 2.784329726556e-01 2.811288045732e-01 2.838486453521e-01 2.865926441685e-01
 2.893609489851e-01 2.921537064612e-01 2.949710618596e-01 2.978131589500e-01
 3.006801399096e-01 3.035721452207e-01 3.064893135640e-01 3.094317817091e-01
 3.123996844014e-01 3.153931542450e-01 3.184123215823e-01 3.214573143692e-01
 3.245282580465e-01 3.276252754076e-01 3.307484864618e-01 3.338980082927e-01
 3.370739549135e-01 3.402764371164e-01 3.435055623184e-01 3.467614344020e-01
 3.500441535508e-01 3.533538160805e-01 3.566905142649e-01 3.600543361559e-01
 3.634453653991e-01 3.668636810434e-01 3.703093573454e-01 3.737824635672e-01
 3.772830637692e-01 3.808112165970e-01 3.843669750610e-01 3.879503863109e-01
 3.915614914035e-01 3.952003250634e-01 3.988669154377e-01 4.025612838432e-01
 4.062834445072e-01 4.100334043008e-01 4.138111624648e-01 4.176167103286e-01
 4.214500310210e-01 4.253110991735e-01 4.291998806160e-01 4.331163320637e-01
 4.370604007964e-01 4.410320243294e-01 4.450311300756e-01 4.490576349992e-01
 4.531114452604e-01 4.571924558515e-01 4.613005502233e-01 4.654355999030e-01
 4.695974641019e-01 4.737859893143e-01 4.780010089062e-01 4.822423426945e-01
 4.865097965160e-01 4.908031617868e-01 4.951222150508e-01 4.994667175183e-01
 5.038364145946e-01 5.082310353970e-01 5.126502922622e-01 5.170938802420e-01
 5.215614765896e-01 5.260527402332e-01 5.305673112399e-01 5.351048102685e-01
 5.396648380103e-01 5.442469746202e-01 5.488507791353e-01 5.534757888829e-01
 5.581215188780e-01 5.627874612085e-01 5.674730844100e-01 5.721778328296e-01
 5.769011259784e-01 5.816423578732e-01 5.864008963678e-01 5.911760824729e-01
 5.959672296666e-01 6.007736231931e-01 6.055945193533e-01 6.104291447833e-01
 6.152766957252e-01 6.201363372877e-01 6.250072026975e-01 6.298883925430e-01
 6.347789740091e-01 6.396779801043e-01 6.445844088809e-01 6.494972226482e-01
 6.544153471793e-01 6.593376709131e-01 6.642630441505e-01 6.691902782470e-01
 6.741181448018e-01 6.790453748444e-01 6.839706580189e-01 6.888926417688e-01
 6.938099305211e-01 6.987210848716e-01 7.036246207741e-01 7.085190087318e-01
 7.134026729943e-01 7.182739907620e-01 7.231312913967e-01 7.279728556428e-01
 7.327969148597e-01 7.376016502662e-01 7.423851922006e-01 7.471456193961e-01
 7.518809582763e-01 7.565891822702e-01 7.612682111510e-01 7.659159103997e-01
 7.705300905969e-01 7.751085068447e-01 7.796488582218e-01 7.841487872747e-01
 7.886058795473e-01 7.930176631528e-01 7.973816083910e-01 8.016951274131e-01
 8.059555739400e-01 8.101602430346e-01 8.143063709350e-01 8.183911349495e-01
 8.224116534203e-01 8.263649857577e-01 8.302481325507e-01 8.340580357574e-01
 8.377915789815e-01 8.414455878367e-01 8.450168304077e-01 8.485020178094e-01
 8.518978048518e-01 8.552007908144e-01 8.584075203372e-01 8.615144844322e-01
 8.645181216219e-01 8.674148192105e-01 8.702009146943e-01 8.728726973160e-01
 8.754264097703e-01 8.778582500659e-01 8.801643735513e-01 8.823408951099e-01
 8.843838915300e-01 8.862894040585e-01 8.880534411414e-01 8.896719813603e-01
 8.911409765695e-01 8.924563552396e-01 8.936140260161e-01 8.946098814957e-01
 8.954398022285e-01 8.960996609512e-01 8.965853270559e-01 8.968926713012e-01
 8.970175707687e-01 8.969559140711e-01 8.967036068151e-01 8.962565773225e-01
 8.956107826144e-01 8.947622146594e-01 8.937069068887e-01 8.924409409797e-01
 8.909604539090e-01 8.892616452744e-01 8.873407848845e-01 8.851942206165e-01
 8.828183865364e-01 8.802098112797e-01 8.773651266883e-01 8.742810766948e-01
 8.709545264500e-01 8.673824716828e-01 8.635620482827e-01 8.594905420932e-01
 8.551653989037e-01 8.505842346226e-01 8.457448456171e-01 8.406452191991e-01
 8.352835442377e-01 8.296582218749e-01 8.237678763196e-01 8.176113656935e-01
 8.111877928981e-01 8.044965164733e-01 7.975371614109e-01 7.903096298892e-01
 7.828141118875e-01 7.750510956408e-01 7.670213778886e-01 7.587260738744e-01
 7.501666270430e-01 7.413448183878e-01 7.322627753914e-01 7.229229805043e-01
 7.133282791032e-01 7.034818868675e-01 6.933873965110e-01 6.830487838052e-01
 6.724704128256e-01 6.616570403551e-01 6.506138193736e-01 6.393463015653e-01
 6.278604387713e-01 6.161625833172e-01 6.042594871455e-01 5.921582996812e-01
 5.798665643629e-01 5.673922137712e-01 5.547435632887e-01 5.419293032307e-01
 5.289584893867e-01 5.158405319178e-01 5.025851825620e-01 4.892025201022e-01
 4.757029340605e-01 4.620971065900e-01 4.483959925412e-01 4.346107976944e-01
 4.207529551539e-01 4.068340999169e-01 3.928660416377e-01 3.788607356251e-01
 3.648302521219e-01 3.507867439337e-01 3.367424124881e-01 3.227094724245e-01
 3.087001148312e-01 2.947264692664e-01 2.808005647186e-01 2.669342896822e-01
 2.531393515435e-01 2.394272354947e-01 2.258091632124e-01 2.122960515590e-01
 1.988984715835e-01 1.856266081215e-01 1.724902203080e-01 1.594986033380e-01
 1.466605518224e-01 1.339843251047e-01 1.214776149104e-01 1.091475157139e-01
 9.700049821279e-02 8.504238629956e-02 7.327833792126e-02 6.171283021092e-02
 5.034964926290e-02 3.919188490863e-02 2.824193082706e-02 1.750149029607e-02
 6.971587856461e-03 -3.347412880875e-03 -1.345578510243e-02 -2.335440820727e-02
 -3.304473070566e-02 -4.252872660660e-02 -5.180884537662e-02 -6.088795563581e-02
 -6.976928284724e-02 -7.845634135165e-02 -8.695286120019e-02 -9.526271034336e-02
 -1.033898128418e-01 -1.113380638748e-01 -1.191112424319e-01 -1.267129226813e-01
 -1.341463851119e-01 -1.414145286470e-01 -1.485197850149e-01 -1.554640367425e-01
 -1.622485402037e-01 -1.688738552032e-01 -1.753397826069e-01 -1.816453115362e-01
 -1.877885776272e-01 -1.937668338099e-01 -1.995764349857e-01 -2.052128378711e-01
 -2.106706171343e-01 -2.159434987664e-01 -2.210244114142e-01 -2.259055561442e-01
 -2.305784948157e-01 -2.350342569130e-01 -2.392634643267e-01 -2.432564731844e-01
 -2.470035314209e-01 -2.504949503451e-01 -2.537212880237e-01 -2.566735418628e-01
 -2.593433473358e-01 -2.617231794024e-01 -2.638065527864e-01 -2.655882169592e-01
 -2.670643414085e-01 -2.682326865945e-01 -2.690927558951e-01 -2.696459238644e-01
 -2.698955362569e-01 -2.698469775393e-01 -2.695077020165e-01 -2.688872252545e-01
 -2.679970731849e-01 -2.668506871295e-01 -2.654632839798e-01 -2.638516718865e-01
 -2.620340230550e-01 -2.600296065604e-01 -2.578584854743e-01 -2.555411839884e-01
 -2.530983315855e-01 -2.505502925904e-01 -2.479167905915e-01 -2.452165381770e-01
 -2.424668831438e-01 -2.396834827297e-01 -2.368800174521e-01 -2.340679557526e-01
 -2.312563798028e-01 -2.284518815105e-01 -2.256585359453e-01 -2.228779571137e-01
 -2.201094382669e-01 -2.173501757934e-01 -2.145955723102e-01 -2.118396109412e-01
 -2.090752890932e-01 -2.062950964801e-01 -2.034915188864e-01 -2.006575464057e-01
 -1.977871628407e-01 -1.948757918180e-01 -1.919206751320e-01 -1.889211600515e-01
 -1.858788749078e-01 -1.827977762928e-01 -1.796840565998e-01 -1.765459073485e-01
 -1.733931415237e-01 -1.702366867435e-01 -1.670879700369e-01 -1.639582238540e-01
 -1.608577510877e-01 -1.577951937035e-01 -1.547768544113e-01 -1.518061230282e-01
 -1.488830582106e-01 -1.460041706351e-01 -1.431624452222e-01 -1.403476276113e-01
 -1.375467840696e-01 -1.347451249639e-01 -1.319270607733e-01 -1.290774376742e-01
 -1.261828785738e-01 -1.232331369463e-01 -1.202223569029e-01 -1.171501255645e-01
 -1.140222047858e-01 -1.108508399924e-01 -1.076545651513e-01 -1.044574547144e-01
 -1.012878147981e-01 -9.817635485860e-02 -9.515393450909e-02 -9.224903367483e-02
 -8.948514285552e-02 -8.687830817881e-02 -8.443508738217e-02 -8.215117253079e-02
 -8.001090898904e-02 -7.798788559245e-02 -7.604668832872e-02 -7.414580243650e-02
 -7.224152241020e-02 -7.029259615787e-02 -6.826520178406e-02 -6.613774869624e-02
 -6.390492542553e-02 -6.158040034590e-02 -5.919763107661e-02 -5.680836129084e-02
 -5.447858013428e-02 -5.228198062783e-02 -5.029126040405e-02 -4.856793211079e-02
 -4.715161458782e-02 -4.605001684643e-02 -4.523096140962e-02 -4.461778297509e-02
 -4.408925514747e-02 -4.348483101763e-02 -4.261542183507e-02 -4.127892623373e-02
 -3.927594757426e-02 -3.640390145255e-02 -3.236584448132e-02 -2.658370135412e-02
 -1.844341975546e-02 -8.932563085818e-03 -1.898749815700e-03
                Type                   L                   N
                   0                   2                   0

 7.097426475145e-06 7.240845255133e-06 7.387145558769e-06 7.536361249521e-06
 7.688630189889e-06 7.843931303322e-06 8.002387302181e-06 8.164038870956e-06
 8.329011288594e-06 8.497205947951e-06 8.668915857226e-06 8.843992656098e-06
 9.022678788107e-06 9.204924359586e-06 9.390901382062e-06 9.580594284104e-06
 9.774156750868e-06 9.971604462275e-06 1.017300772029e-05 1.037852650938e-05
 1.058820800282e-05 1.080208882773e-05 1.102028078322e-05 1.124293515400e-05
 1.147005984800e-05 1.170177039159e-05 1.193813168922e-05 1.217931366480e-05
 1.242535173007e-05 1.267634113611e-05 1.293244481302e-05 1.319368347968e-05
 1.346021854093e-05 1.373211910435e-05 1.400955379393e-05 1.429255427374e-05
 1.458127208608e-05 1.487584107539e-05 1.517634419465e-05 1.548293729011e-05
 1.579568146493e-05 1.611478439712e-05 1.644032971113e-05 1.677244665414e-05
 1.711128211905e-05 1.745694157741e-05 1.780959155309e-05 1.816938193087e-05
 1.853640632240e-05 1.891087041846e-05 1.929290846029e-05 1.968261930969e-05
 2.008023986941e-05 2.048588304135e-05 2.089973976610e-05 2.132193458939e-05
 2.175265823847e-05 2.219208691612e-05 2.264039840052e-05 2.309775922512e-05
 2.356436082297e-05 2.404038436577e-05 2.452604414630e-05 2.502148815058e-05
 2.552696077965e-05 2.604262707979e-05 2.656872163858e-05 2.710544086702e-05
 2.765300859518e-05 2.821163210227e-05 2.878152996499e-05 2.936295886097e-05
 2.995612233025e-05 3.056127055704e-05 3.117865712108e-05 3.180848893827e-05
 3.245105955906e-05 3.310660623275e-05 3.377539481438e-05 3.445768627728e-05
 3.515379013262e-05 3.586393248006e-05 3.658842110883e-05 3.732754764719e-05
 3.808160609692e-05 3.885089768240e-05 3.963573148679e-05 4.043641510060e-05
 4.125327448512e-05 4.208662992723e-05 4.293682599717e-05 4.380420133564e-05
 4.468909171868e-05 4.559185296111e-05 4.651286609257e-05 4.745247929211e-05
 4.841106373104e-05 4.938902430964e-05 5.038673185939e-05 5.140460039420e-05
 5.244302061625e-05 5.350242203060e-05 5.458322880400e-05 5.568586761989e-05
 5.681077777545e-05 5.795841390748e-05 5.912922748443e-05 6.032370069117e-05
 6.154229596163e-05 6.278551123135e-05 6.405383450391e-05 6.534779110614e-05
 6.666787847988e-05 6.801462974182e-05 6.938859176551e-05 7.079030758958e-05
 7.222033422448e-05 7.367925177317e-05 7.516763561356e-05 7.668609239590e-05
 7.823521936703e-05 7.981564297733e-05 8.142798609383e-05 8.307290208198e-05
 8.475104253193e-05 8.646308544935e-05 8.820971361252e-05 8.999162205763e-05
 9.180952515011e-05 9.366414903664e-05 9.555623897773e-05 9.748655237196e-05
 9.945585630638e-05 1.014649378538e-04 1.035146033507e-04 1.056056770670e-04
 1.077389859160e-04 1.099153890790e-04 1.121357577763e-04 1.144009739135e-04
 1.167119524836e-04 1.190696081829e-04 1.214748903072e-04 1.239287609645e-04
 1.264321952599e-04 1.289862027682e-04 1.315917960121e-04 1.342500285649e-04
 1.369619536231e-04 1.397286556566e-04 1.425512477150e-04 1.454308533081e-04
 1.483686260743e-04 1.513657440190e-04 1.544233991443e-04 1.575428194227e-04
 1.607252490272e-04 1.639719612929e-04 1.672842587514e-04 1.706634590669e-04
 1.741109177214e-04 1.776280115453e-04 1.812161523391e-04 1.848767674536e-04
 1.886113244062e-04 1.924213148425e-04 1.963082673651e-04 2.002737292007e-04
 2.043192921090e-04 2.084465704795e-04 2.126572141978e-04 2.169529093953e-04
 2.213353718167e-04 2.258063554820e-04 2.303676455347e-04 2.350210691388e-04
 2.397684843162e-04 2.446117896909e-04 2.495529233712e-04 2.545938600106e-04
 2.597366152356e-04 2.649832464108e-04 2.703358492690e-04 2.757965658505e-04
 2.813675787593e-04 2.870511145826e-04 2.928494468127e-04 2.987648923253e-04
 3.047998189338e-04 3.109566368775e-04 3.172378088220e-04 3.236458456465e-04
 3.301833080129e-04 3.368528113996e-04 3.436570208300e-04 3.505986588774e-04
 3.576804975698e-04 3.649053696186e-04 3.722761640217e-04 3.797958241027e-04
 3.874673599399e-04 3.952938365648e-04 4.032783807517e-04 4.114241868553e-04
 4.197345105875e-04 4.282126730738e-04 4.368620625192e-04 4.456861376476e-04
 4.546884248964e-04 4.638725225304e-04 4.732421026410e-04 4.828009073285e-04
 4.925527605180e-04 5.025015564661e-04 5.126512748686e-04 5.230059688729e-04
 5.335697795142e-04 5.443469274782e-04 5.553417190763e-04 5.665585486202e-04
 5.780018998315e-04 5.896763444146e-04 6.015865481869e-04 6.137372703841e-04
 6.261333668167e-04 6.387797892738e-04 6.516815927680e-04 6.648439312779e-04
 6.782720655655e-04 6.919713592091e-04 7.059472861557e-04 7.202054298084e-04
 7.347514872874e-04 7.495912703264e-04 7.647307064001e-04 7.801758448001e-04
 7.959328543159e-04 8.120080302915e-04 8.284077932315e-04 8.451386949138e-04
 8.622074179908e-04 8.796207800092e-04 8.973857360443e-04 9.155093818297e-04
 9.339989553013e-04 9.528618413886e-04 9.721055728983e-04 9.917378341754e-04
 1.011766466369e-03 1.032199466355e-03 1.053044993804e-03 1.074311372225e-03
 1.096007092344e-03 1.118140816724e-03 1.140721382528e-03 1.163757804812e-03
 1.187259279778e-03 1.211235189155e-03 1.235695104116e-03 1.260648788636e-03
 1.286106202264e-03 1.312077506625e-03 1.338573067022e-03 1.365603457568e-03
 1.393179466020e-03 1.421312096477e-03 1.450012575402e-03 1.479292354904e-03
 1.509163117371e-03 1.539636780836e-03 1.570725503103e-03 1.602441686830e-03
 1.634797983726e-03 1.667807300996e-03 1.701482804773e-03 1.735837927000e-03
 1.770886368940e-03 1.806642107758e-03 1.843119402267e-03 1.880332798136e-03
 1.918297132718e-03 1.957027542554e-03 1.996539468653e-03 2.036848661804e-03
 2.077971190319e-03 2.119923444506e-03 2.162722145588e-03 2.206384349852e-03
 2.250927456421e-03 2.296369214447e-03 2.342727729761e-03 2.390021471538e-03
 2.438269280347e-03 2.487490375120e-03 2.537704360828e-03 2.588931236239e-03
 2.641191401436e-03 2.694505666190e-03 2.748895258274e-03 2.804381831080e-03
 2.860987473163e-03 2.918734715794e-03 2.977646542541e-03 3.037746398109e-03
 3.099058197325e-03 3.161606334818e-03 3.225415694204e-03 3.290511658044e-03
 3.356920117865e-03 3.424667483875e-03 3.493780695798e-03 3.564287232926e-03
 3.636215125070e-03 3.709592963567e-03 3.784449912159e-03 3.860815718724e-03
 3.938720726312e-03 4.018195885723e-03 4.099272766531e-03 4.181983570298e-03
 4.266361142557e-03 4.352438985788e-03 4.440251272267e-03 4.529832857279e-03
 4.621219292639e-03 4.714446840772e-03 4.809552488232e-03 4.906573960385e-03
 5.005549735747e-03 5.106519060721e-03 5.209521965278e-03 5.314599277895e-03
 5.421792641307e-03 5.531144528593e-03 5.642698259566e-03 5.756498017478e-03
 5.872588865681e-03 5.991016765174e-03 6.111828591975e-03 6.235072155303e-03
 6.360796215557e-03 6.489050503221e-03 6.619885737662e-03 6.753353646400e-03
 6.889506985029e-03 7.028399556965e-03 7.170086234127e-03 7.314622977611e-03
 7.462066858849e-03 7.612476081422e-03 7.765910002818e-03 7.922429156846e-03
 8.082095276654e-03 8.244971317793e-03 8.411121481804e-03 8.580611240557e-03
 8.753507360524e-03 8.929877927986e-03 9.109792374314e-03 9.293321501979e-03
 9.480537510739e-03 9.671514024841e-03 9.866326119892e-03 1.006505035098e-02
 1.026776478094e-02 1.047454900920e-02 1.068548420096e-02 1.090065311713e-02
 1.112014014494e-02 1.134403132833e-02 1.157241439993e-02 1.180537881283e-02
 1.204301577305e-02 1.228541827291e-02 1.253268112444e-02 1.278490099390e-02
 1.304217643650e-02 1.330460793183e-02 1.357229791999e-02 1.384535083817e-02
 1.412387315805e-02 1.440797342344e-02 1.469776228899e-02 1.499335255929e-02
 1.529485922863e-02 1.560239952138e-02 1.591609293316e-02 1.623606127248e-02
 1.656242870326e-02 1.689532178775e-02 1.723486953037e-02 1.758120342203e-02
 1.793445748535e-02 1.829476832032e-02 1.866227515084e-02 1.903711987187e-02
 1.941944709728e-02 1.980940420843e-02 2.020714140336e-02 2.061281174687e-02
 2.102657122112e-02 2.144857877698e-02 2.187899638612e-02 2.231798909383e-02
 2.276572507239e-02 2.322237567543e-02 2.368811549259e-02 2.416312240521e-02
 2.464757764258e-02 2.514166583882e-02 2.564557509051e-02 2.615949701501e-02
 2.668362680926e-02 2.721816330949e-02 2.776330905135e-02 2.831927033078e-02
 2.888625726543e-02 2.946448385665e-02 3.005416805218e-02 3.065553180922e-02
 3.126880115818e-02 3.189420626680e-02 3.253198150490e-02 3.318236550944e-02
 3.384560125018e-02 3.452193609555e-02 3.521162187895e-02 3.591491496545e-02
 3.663207631866e-02 3.736337156790e-02 3.810907107553e-02 3.886945000440e-02
 3.964478838550e-02 4.043537118552e-02 4.124148837437e-02 4.206343499275e-02
 4.290151121944e-02 4.375602243834e-02 4.462727930525e-02 4.551559781428e-02
 4.642129936364e-02 4.734471082103e-02 4.828616458816e-02 4.924599866469e-02
 5.022455671103e-02 5.122218811039e-02 5.223924802940e-02 5.327609747776e-02
 5.433310336617e-02 5.541063856297e-02 5.650908194879e-02 5.762881846960e-02
 5.877023918743e-02 5.993374132900e-02 6.111972833186e-02 6.232860988790e-02
 6.356080198396e-02 6.481672693936e-02 6.609681344013e-02 6.740149656963e-02
 6.873121783527e-02 7.008642519120e-02 7.146757305649e-02 7.287512232861e-02
 7.430954039186e-02 7.577130112037e-02 7.726088487539e-02 7.877877849638e-02
 8.032547528569e-02 8.190147498612e-02 8.350728375133e-02 8.514341410825e-02
 8.681038491128e-02 8.850872128768e-02 9.023895457364e-02 9.200162224048e-02
 9.379726781050e-02 9.562644076167e-02 9.748969642085e-02 9.938759584457e-02
 1.013207056870e-01 1.032895980540e-01 1.052948503432e-01 1.073370450684e-01
 1.094167696685e-01 1.115346162991e-01 1.136911816068e-01 1.158870664851e-01
 1.181228758102e-01 1.203992181570e-01 1.227167054929e-01 1.250759528500e-01
 1.274775779726e-01 1.299222009411e-01 1.324104437690e-01 1.349429299731e-01
 1.375202841160e-01 1.401431313180e-01 1.428120967384e-01 1.455278050248e-01
 1.482908797279e-01 1.511019426819e-01 1.539616133476e-01 1.568705081172e-01
 1.598292395801e-01 1.628384157461e-01 1.658986392260e-01 1.690105063682e-01
 1.721746063467e-01 1.753915202035e-01 1.786618198382e-01 1.819860669479e-01
 1.853648119119e-01 1.887985926212e-01 1.922879332508e-01 1.958333429720e-01
 1.994353146035e-01 2.030943231992e-01 2.068108245713e-01 2.105852537451e-01
 2.144180233462e-01 2.183095219156e-01 2.222601121526e-01 2.262701290834e-01
 2.303398781530e-01 2.344696332392e-01 2.386596345871e-01 2.429100866628e-01
 2.472211559242e-01 2.515929685080e-01 2.560256078324e-01 2.605191121130e-01
 2.650734717927e-01 2.696886268839e-01 2.743644642226e-01 2.791008146355e-01
 2.838974500182e-01 2.887540803263e-01 2.936703504806e-01 2.986458371848e-01
 3.036800456609e-01 3.087724063010e-01 3.139222712392e-01 3.191289108467e-01
 3.243915101521e-01 3.297091651925e-01 3.350808792984e-01 3.405055593181e-01
 3.459820117875e-01 3.515089390515e-01 3.570849353452e-01 3.627084828412e-01
 3.683779476745e-01 3.740915759521e-01 3.798474897612e-01 3.856436831853e-01
 3.914780183424e-01 3.973482214598e-01 4.032518789991e-01 4.091864338503e-01
 4.151491816094e-01 4.211372669623e-01 4.271476801913e-01 4.331772538295e-01
 4.392226594828e-01 4.452804048467e-01 4.513468309416e-01 4.574181095952e-01
 4.634902411997e-01 4.695590527747e-01 4.756201963663e-01 4.816691478165e-01
 4.877012059354e-01 4.937114921133e-01 4.996949504079e-01 5.056463481451e-01
 5.115602770718e-01 5.174311551000e-01 5.232532286826e-01 5.290205758619e-01
 5.347271100314e-01 5.403665844521e-01 5.459325975645e-01 5.514185991372e-01
 5.568178972910e-01 5.621236664380e-01 5.673289561730e-01 5.724267011520e-01
 5.774097319916e-01 5.822707872190e-01 5.870025263006e-01 5.915975437708e-01
 5.960483844813e-01 6.003475599848e-01 6.044875660589e-01 6.084609013759e-01
 6.122600873098e-01 6.158776888702e-01 6.193063367404e-01 6.225387503913e-01
 6.255677622292e-01 6.283863427283e-01 6.309876264860e-01 6.333649391274e-01
 6.355118249727e-01 6.374220753695e-01 6.390897575760e-01 6.405092440701e-01
 6.416752421420e-01 6.425828236162e-01 6.432274545312e-01 6.436050245942e-01
 6.437118762098e-01 6.435448328709e-01 6.431012266847e-01 6.423789247947e-01
 6.413763544490e-01 6.400925264536e-01 6.385270567418e-01 6.366801857850e-01
 6.345527955638e-01 6.321464238191e-01 6.294632753025e-01 6.265062297504e-01
 6.232788463140e-01 6.197853641902e-01 6.160306992126e-01 6.120204361860e-01
 6.077608167700e-01 6.032587227487e-01 5.985216545613e-01 5.935577050067e-01
 5.883755280826e-01 5.829843029718e-01 5.773936932441e-01 5.716138014047e-01
 5.656551189845e-01 5.595284724411e-01 5.532449652077e-01 5.468159163079e-01
 5.402527960280e-01 5.335671592191e-01 5.267705768750e-01 5.198745667101e-01
 5.128905235269e-01 5.058296502320e-01 4.987028904126e-01 4.915208634331e-01
 4.842938030461e-01 4.770315005316e-01 4.697432533832e-01 4.624378205431e-01
 4.551233851523e-01 4.478075257267e-01 4.404971965821e-01 4.331987182263e-01
 4.259177783004e-01 4.186594434888e-01 4.114281826305e-01 4.042279010465e-01
 3.970619858649e-01 3.899333618600e-01 3.828445570483e-01 3.757977769928e-01
 3.687949864668e-01 3.618379968336e-01 3.549285572032e-01 3.480684471548e-01
 3.412595685632e-01 3.345040338527e-01 3.278042478380e-01 3.211629802038e-01
 3.145834256367e-01 3.080692486672e-01 3.016246104141e-01 2.952541746572e-01
 2.889630910048e-01 2.827569533752e-01 2.766417325717e-01 2.706236824086e-01
 2.647092196178e-01 2.589047786408e-01 2.532166433510e-01 2.476507587581e-01
 2.422125267691e-01 2.369065911114e-01 2.317366175015e-01 2.267050760437e-01
 2.218130336148e-01 2.170599645829e-01 2.124435885777e-01 2.079597441259e-01
 2.036023067473e-01 1.993631595314e-01 1.952322232631e-01 1.911975518062e-01
 1.872454966977e-01 1.833609427611e-01 1.795276140414e-01 1.757284465699e-01
 1.719460214417e-01 1.681630485500e-01 1.643628881840e-01 1.605300947016e-01
 1.566509638023e-01 1.527140627079e-01 1.487107209889e-01 1.446354590157e-01
 1.404863312222e-01 1.362651626684e-01 1.319776598671e-01 1.276333805423e-01
 1.232455518839e-01 1.188307328713e-01 1.144083231920e-01 1.099999289213e-01
 1.056286031501e-01 1.013179877296e-01 9.709138980432e-02 9.297083331709e-02
 8.897613068363e-02 8.512402284331e-02 8.142743645333e-02 7.789490474278e-02
 7.453019325465e-02 7.133216331762e-02 6.829489474852e-02 6.540807535861e-02
 6.265764892833e-02 6.002669626353e-02 5.749650679681e-02 5.504778215770e-02
 5.266189950792e-02 5.032215253064e-02 4.801488298867e-02 4.573041672299e-02
 4.346372551767e-02 4.121475063376e-02 3.898834470317e-02 3.679381516956e-02
 3.464408305055e-02 3.255450338630e-02 3.054142576961e-02 2.862060194794e-02
 2.680556968060e-02 2.510615503797e-02 2.352723683232e-02 2.206790534188e-02
 2.072112245236e-02 1.947395258211e-02 1.830838544205e-02 1.720271633572e-02
 1.613339204665e-02 1.507717597590e-02 1.401344105744e-02 1.292636886044e-02
 1.180682307680e-02 1.065367863115e-02 9.474425139160e-03 8.284924002984e-03
 7.108277936740e-03 5.972863381208e-03 4.909671131893e-03 3.949188201794e-03
 3.118123765233e-03 2.436324180884e-03 1.914228956984e-03 1.551186839169e-03
 1.334878942816e-03 1.241988635557e-03 1.240124243015e-03 1.290843905253e-03
 1.353374677121e-03 1.387761603092e-03 1.353784721190e-03 1.202961533324e-03
 8.882664099738e-04 4.501755248547e-04 9.845144271705e-05