Mesh 779
zed 1
dx 0.01
xmin -6
xmax 6
                Type                   L                   N
                   0                   0                   0

 1.213877555349e-01 1.213878304849e-01 1.213879069490e-01 1.213879849579e-01
 1.213880645426e-01 1.213881457351e-01 1.213882285678e-01 1.213883130739e-01
 1.213883992871e-01 1.213884872421e-01 1.213885769738e-01 1.213886685183e-01
 1.213887619121e-01 1.213888571927e-01 1.213889543981e-01 1.213890535672e-01
 1.213891547397e-01 1.213892579561e-01 1.213893632576e-01 1.213894706864e-01
 1.213895802855e-01 1.213896920986e-01 1.213898061706e-01 1.213899225471e-01
 1.213900412746e-01 1.213901624006e-01 1.213902859735e-01 1.213904120429e-01
 1.213905406591e-01 1.213906718736e-01 1.213908057389e-01 1.213909423085e-01
 1.213910816371e-01 1.213912237804e-01 1.213913687953e-01 1.213915167398e-01
 1.213916676730e-01 1.213918216554e-01 1.213919787486e-01 1.213921390153e-01
 1.213923025198e-01 1.213924693274e-01 1.213926395048e-01 1.213928131202e-01
 1.213929902430e-01 1.213931709441e-01 1.213933552957e-01 1.213935433716e-01
 1.213937352470e-01 1.213939309987e-01 1.213941307051e-01 1.213943344459e-01
 1.213945423028e-01 1.213947543588e-01 1.213949706989e-01 1.213951914095e-01
 1.213954165790e-01 1.213956462975e-01 1.213958806568e-01 1.213961197507e-01
 1.213963636749e-01 1.213966125269e-01 1.213968664064e-01 1.213971254148e-01
 1.213973896558e-01 1.213976592352e-01 1.213979342608e-01 1.213982148426e-01
 1.213985010928e-01 1.213987931261e-01 1.213990910592e-01 1.213993950113e-01
 1.213997051040e-01 1.214000214615e-01 1.214003442103e-01 1.214006734795e-01
 1.214010094008e-01 1.214013521087e-01 1.214017017403e-01 1.214020584354e-01
 1.214024223368e-01 1.214027935901e-01 1.214031723438e-01 1.214035587494e-01
 1.214039529617e-01 1.214043551382e-01 1.214047654399e-01 1.214051840310e-01
 1.214056110790e-01 1.214060467548e-01 1.214064912326e-01 1.214069446903e-01
 1.214074073093e-01 1.214078792749e-01 1.214083607757e-01 1.214088520045e-01
 1.214093531579e-01 1.214098644363e-01 1.214103860444e-01 1.214109181909e-01
 1.214114610887e-01 1.214120149550e-01 1.214125800115e-01 1.214131564843e-01
 1.214137446041e-01 1.214143446062e-01 1.214149567308e-01 1.214155812227e-01
 1.214162183319e-01 1.214168683134e-01 1.214175314272e-01 1.214182079387e-01
 1.214188981186e-01 1.214196022432e-01 1.214203205943e-01 1.214210534592e-01
 1.214218011314e-01 1.214225639100e-01 1.214233421003e-01 1.214241360137e-01
 1.214249459681e-01 1.214257722874e-01 1.214266153025e-01 1.214274753508e-01
 1.214283527764e-01 1.214292479306e-01 1.214301611715e-01 1.214310928649e-01
 1.214320433835e-01 1.214330131078e-01 1.214340024260e-01 1.214350117340e-01
 1.214360414358e-01 1.214370919436e-01 1.214381636780e-01 1.214392570678e-01
 1.214403725509e-01 1.214415105736e-01 1.214426715916e-01 1.214438560696e-01
 1.214450644818e-01 1.214462973119e-01 1.214475550535e-01 1.214488382102e-01
 1.214501472955e-01 1.214514828336e-01 1.214528453591e-01 1.214542354177e-01
 1.214556535657e-01 1.214571003711e-01 1.214585764130e-01 1.214600822825e-01
 1.214616185825e-01 1.214631859281e-01 1.214647849470e-01 1.214664162794e-01
 1.214680805786e-01 1.214697785109e-01 1.214715107564e-01 1.214732780087e-01
 1.214750809755e-01 1.214769203790e-01 1.214787969556e-01 1.214807114570e-01
 1.214826646499e-01 1.214846573167e-01 1.214866902554e-01 1.214887642802e-01
 1.214908802219e-01 1.214930389281e-01 1.214952412634e-01 1.214974881101e-01
 1.214997803682e-01 1.215021189559e-01 1.215045048102e-01 1.215069388868e-01
 1.215094221609e-01 1.215119556275e-01 1.215145403015e-01 1.215171772186e-01
 1.215198674354e-01 1.215226120299e-01 1.215254121017e-01 1.215282687730e-01
 1.215311831885e-01 1.215341565163e-01 1.215371899479e-01 1.215402846991e-01
 1.215434420103e-01 1.215466631469e-01 1.215499494001e-01 1.215533020872e-01
 1.215567225522e-01 1.215602121663e-01 1.215637723284e-01 1.215674044659e-01
 1.215711100350e-01 1.215748905215e-01 1.215787474414e-01 1.215826823411e-01
 1.215866967986e-01 1.215907924238e-01 1.215949708593e-01 1.215992337811e-01
 1.216035828988e-01 1.216080199570e-01 1.216125467356e-01 1.216171650505e-01
 1.216218767546e-01 1.216266837381e-01 1.216315879299e-01 1.216365912978e-01
 1.216416958495e-01 1.216469036335e-01 1.216522167398e-01 1.216576373010e-01
 1.216631674927e-01 1.216688095348e-01 1.216745656924e-01 1.216804382763e-01
 1.216864296443e-01 1.216925422022e-01 1.216987784045e-01 1.217051407556e-01
 1.217116318108e-01 1.217182541772e-01 1.217250105150e-01 1.217319035382e-01
 1.217389360163e-01 1.217461107747e-01 1.217534306965e-01 1.217608987232e-01
 1.217685178562e-01 1.217762911580e-01 1.217842217531e-01 1.217923128299e-01
 1.218005676412e-01 1.218089895064e-01 1.218175818121e-01 1.218263480140e-01
 1.218352916380e-01 1.218444162818e-01 1.218537256163e-01 1.218632233873e-01
 1.218729134165e-01 1.218827996038e-01 1.218928859283e-01 1.219031764502e-01
 1.219136753125e-01 1.219243867425e-01 1.219353150536e-01 1.219464646474e-01
 1.219578400150e-01 1.219694457391e-01 1.219812864958e-01 1.219933670568e-01
 1.220056922910e-01 1.220182671666e-01 1.220310967533e-01 1.220441862243e-01
 1.220575408583e-01 1.220711660419e-01 1.220850672716e-01 1.220992501565e-01
 1.221137204200e-01 1.221284839025e-01 1.221435465640e-01 1.221589144863e-01
 1.221745938755e-01 1.221905910648e-01 1.222069125167e-01 1.222235648264e-01
 1.222405547239e-01 1.222578890769e-01 1.222755748940e-01 1.222936193273e-01
 1.223120296755e-01 1.223308133868e-01 1.223499780624e-01 1.223695314591e-01
 1.223894814931e-01 1.224098362429e-01 1.224306039529e-01 1.224517930369e-01
 1.224734120814e-01 1.224954698494e-01 1.225179752840e-01 1.225409375123e-01
 1.225643658489e-01 1.225882698003e-01 1.226126590685e-01 1.226375435552e-01
 1.226629333664e-01 1.226888388159e-01 1.227152704303e-01 1.227422389533e-01
 1.227697553500e-01 1.227978308119e-01 1.228264767617e-01 1.228557048576e-01
 1.228855269990e-01 1.229159553311e-01 1.229470022501e-01 1.229786804088e-01
 1.230110027218e-01 1.230439823711e-01 1.230776328115e-01 1.231119677770e-01
 1.231470012859e-01 1.231827476475e-01 1.232192214679e-01 1.232564376566e-01
 1.232944114326e-01 1.233331583313e-01 1.233726942108e-01 1.234130352594e-01
 1.234541980021e-01 1.234961993081e-01 1.235390563980e-01 1.235827868514e-01
 1.236274086144e-01 1.236729400078e-01 1.237193997347e-01 1.237668068892e-01
 1.238151809642e-01 1.238645418605e-01 1.239149098954e-01 1.239663058114e-01
 1.240187507858e-01 1.240722664398e-01 1.241268748483e-01 1.241825985494e-01
 1.242394605547e-01 1.242974843595e-01 1.243566939530e-01 1.244171138296e-01
 1.244787689993e-01 1.245416849992e-01 1.246058879050e-01 1.246714043424e-01
 1.247382614997e-01 1.248064871395e-01 1.248761096115e-01 1.249471578655e-01
 1.250196614640e-01 1.250936505963e-01 1.251691560919e-01 1.252462094346e-01
 1.253248427768e-01 1.254050889544e-01 1.254869815018e-01 1.255705546671e-01
 1.256558434282e-01 1.257428835088e-01 1.258317113945e-01 1.259223643505e-01
 1.260148804381e-01 1.261092985328e-01 1.262056583420e-01 1.263040004239e-01
 1.264043662064e-01 1.265067980062e-01 1.266113390485e-01 1.267180334879e-01
 1.268269264285e-01 1.269380639455e-01 1.270514931067e-01 1.271672619949e-01
 1.272854197306e-01 1.274060164951e-01 1.275291035545e-01 1.276547332840e-01
 1.277829591929e-01 1.279138359498e-01 1.280474194093e-01 1.281837666379e-01
 1.283229359419e-01 1.284649868954e-01 1.286099803684e-01 1.287579785565e-01
 1.289090450105e-01 1.290632446673e-01 1.292206438810e-01 1.293813104553e-01
 1.295453136757e-01 1.297127243435e-01 1.298836148097e-01 1.300580590106e-01
 1.302361325031e-01 1.304179125016e-01 1.306034779157e-01 1.307929093880e-01
 1.309862893340e-01 1.311837019816e-01 1.313852334124e-01 1.315909716033e-01
 1.318010064695e-01 1.320154299084e-01 1.322343358438e-01 1.324578202720e-01
 1.326859813083e-01 1.329189192344e-01 1.331567365477e-01 1.333995380103e-01
 1.336474307004e-01 1.339005240634e-01 1.341589299653e-01 1.344227627468e-01
 1.346921392777e-01 1.349671790137e-01 1.352480040534e-01 1.355347391969e-01
 1.358275120054e-01 1.361264528616e-01 1.364316950319e-01 1.367433747295e-01
 1.370616311783e-01 1.373866066786e-01 1.377184466735e-01 1.380572998167e-01
 1.384033180412e-01 1.387566566297e-01 1.391174742857e-01 1.394859332057e-01
 1.398621991529e-01 1.402464415319e-01 1.406388334643e-01 1.410395518656e-01
 1.414487775231e-01 1.418666951751e-01 1.422934935903e-01 1.427293656495e-01
 1.431745084269e-01 1.436291232730e-01 1.440934158984e-01 1.445675964581e-01
 1.450518796367e-01 1.455464847342e-01 1.460516357526e-01 1.465675614824e-01
 1.470944955905e-01 1.476326767077e-01 1.481823485169e-01 1.487437598409e-01
 1.493171647307e-01 1.499028225540e-01 1.505009980824e-01 1.511119615791e-01
 1.517359888862e-01 1.523733615105e-01 1.530243667089e-01 1.536892975732e-01
 1.543684531126e-01 1.550621383357e-01 1.557706643300e-01 1.564943483402e-01
 1.572335138440e-01 1.579884906249e-01 1.587596148432e-01 1.595472291031e-01
 1.603516825169e-01 1.611733307654e-01 1.620125361539e-01 1.628696676639e-01
 1.637451010002e-01 1.646392186323e-01 1.655524098302e-01 1.664850706941e-01
 1.674376041772e-01 1.684104201016e-01 1.694039351660e-01 1.704185729456e-01
 1.714547638832e-01 1.725129452698e-01 1.735935612167e-01 1.746970626153e-01
 1.758239070866e-01 1.769745589178e-01 1.781494889864e-01 1.793491746705e-01
 1.805740997447e-01 1.818247542610e-01 1.831016344128e-01 1.844052423833e-01
 1.857360861747e-01 1.870946794196e-01 1.884815411723e-01 1.898971956800e-01
 1.913421721316e-01 1.928170043846e-01 1.943222306686e-01 1.958583932634e-01
 1.974260381525e-01 1.990257146495e-01 2.006579749969e-01 2.023233739360e-01
 2.040224682481e-01 2.057558162636e-01 2.075239773407e-01 2.093275113104e-01
 2.111669778886e-01 2.130429360531e-01 2.149559433855e-01 2.169065553765e-01
 2.188953246942e-01 2.209228004144e-01 2.229895272130e-01 2.250960445180e-01
 2.272428856232e-01 2.294305767610e-01 2.316596361351e-01 2.339305729128e-01
 2.362438861764e-01 2.386000638344e-01 2.409995814924e-01 2.434429012841e-01
 2.459304706628e-01 2.484627211551e-01 2.510400670770e-01 2.536629042131e-01
 2.563316084622e-01 2.590465344495e-01 2.618080141075e-01 2.646163552287e-01
 2.674718399924e-01 2.703747234678e-01 2.733252320976e-01 2.763235621652e-01
 2.793698782497e-01 2.824643116722e-01 2.856069589391e-01 2.887978801871e-01
 2.920370976348e-01 2.953245940472e-01 2.986603112189e-01 3.020441484835e-01
 3.054759612545e-01 3.089555596064e-01 3.124827069028e-01 3.160571184802e-01
 3.196784603942e-01 3.233463482390e-01 3.270603460467e-01 3.308199652762e-01
 3.346246639012e-01 3.384738456058e-01 3.423668590970e-01 3.463029975429e-01
 3.502814981467e-01 3.543015418636e-01 3.583622532701e-01 3.624627005933e-01
 3.666018959075e-01 3.707787955053e-01 3.749923004476e-01 3.792412572999e-01
 3.835244590560e-01 3.878406462536e-01 3.921885082814e-01 3.965666848788e-01
 4.009737678232e-01 4.054083028038e-01 4.098687914724e-01 4.143536936635e-01
 4.188614297731e-01 4.233903832799e-01 4.279389033937e-01 4.325053078097e-01
 4.370878855462e-01 4.416848998383e-01 4.462945910581e-01 4.509151796276e-01
 4.555448688879e-01 4.601818478832e-01 4.648242940170e-01 4.694703755323e-01
 4.741182537657e-01 4.787660851232e-01 4.834120227205e-01 4.880542176302e-01
 4.926908196774e-01 4.973199777211e-01 5.019398393616e-01 5.065485500118e-01
 5.111442512735e-01 5.157250785600e-01 5.202891579117e-01 5.248346019537e-01
 5.293595049516e-01 5.338619369281e-01 5.383399368121e-01 5.427915046022e-01
 5.472145925371e-01 5.516070952812e-01 5.559668391475e-01 5.602915703959e-01
 5.645789426666e-01 5.688265036255e-01 5.730316809227e-01 5.771917675859e-01
 5.813039069974e-01 5.853650776274e-01 5.893720777214e-01 5.933215101660e-01
 5.972097677856e-01 6.010330193425e-01 6.047871965421e-01 6.084679823631e-01
 6.120708010530e-01 6.155908101460e-01 6.190228948699e-01 6.223616653176e-01
 6.256014567575e-01 6.287363334520e-01 6.317600963399e-01 6.346662949148e-01
 6.374482436020e-01 6.400990428927e-01 6.426116054443e-01 6.449786872909e-01
 6.471929242345e-01 6.492468734024e-01 6.511330598589e-01 6.528440280537e-01
 6.543723977736e-01 6.557109241394e-01 6.568525610618e-01 6.577905274339e-01
 6.585183752071e-01 6.590300583598e-01 6.593200016469e-01 6.593831678962e-01
 6.592151225201e-01 6.588120938257e-01 6.581710276477e-01 6.572896348009e-01
 6.561664298550e-01 6.548007597775e-01 6.531928210839e-01 6.513436642682e-01
 6.492551844774e-01 6.469300976345e-01 6.443719015077e-01 6.415848215702e-01
 6.385737418879e-01 6.353441217094e-01 6.319018989030e-01 6.282533818792e-01
 6.244051321438e-01 6.203638401241e-01 6.161361973871e-01 6.117287687995e-01
 6.071478685439e-01 6.023994441770e-01 5.974889730797e-01 5.924213756660e-01
 5.872009495863e-01 5.818313288440e-01 5.763154712393e-01 5.706556768537e-01
 5.648536393784e-01 5.589105309997e-01 5.528271202800e-01 5.466039210618e-01
 5.402413689028e-01 5.337400199867e-01 5.271007658979e-01 5.203250561956e-01
 5.134151194303e-01 5.063741722317e-01 4.992066054301e-01 4.919181359591e-01
 4.845159135933e-01 4.770085724790e-01 4.694062189551e-01 4.617203493537e-01
 4.539636943025e-01 4.461499894613e-01 4.382936765135e-01 4.304095424462e-01
 4.225123095052e-01 4.146161924495e-01 4.067344435913e-01 3.988789092891e-01
 3.910596237491e-01 3.832844668962e-01 3.755589124249e-01 3.678858897342e-01
 3.602657791648e-01 3.526965537842e-01 3.451740730367e-01 3.376925241582e-01
 3.302449968077e-01 3.228241654711e-01 3.154230436040e-01 3.080357640457e-01
 3.006583328784e-01 2.932892995404e-01 2.859302854664e-01 2.785863174895e-01
 2.712659211034e-01 2.639809425038e-01 2.567460867175e-01 2.495781812338e-01
 2.424951990020e-01 2.355150996168e-01 2.286545707559e-01 2.219277709769e-01
 2.153451873088e-01 2.089127243592e-01 2.026311340735e-01 1.964958757828e-01
 1.904974647833e-01 1.846223257117e-01 1.788541171363e-01 1.731754401774e-01
 1.675697919331e-01 1.620235801495e-01 1.565279853638e-01 1.510804465952e-01
 1.456855611966e-01 1.403552311510e-01 1.351079563884e-01 1.299672665561e-01
 1.249593883139e-01 1.201103543708e-01 1.154428591900e-01 1.109732393701e-01
 1.067089895945e-01 1.026472061130e-01 9.877427262756e-02 9.506696929104e-02
 9.149500422393e-02 8.802475770118e-02 8.462381934553e-02 8.126572120993e-02
 7.793415876654e-02 7.462597756887e-02 7.135230544039e-02 6.813743213663e-02
 6.501536388850e-02 6.202437057258e-02 5.920024031091e-02 5.656928873820e-02
 5.414236413435e-02 5.191108255476e-02 4.984728276283e-02 4.790621262310e-02
 4.603329824821e-02 4.417360474846e-02 4.228241160162e-02 4.033485268555e-02
 3.833245439380e-02 3.630474054768e-02 3.430487446709e-02 3.239948713673e-02
 3.065419873936e-02 2.911759527295e-02 2.780725050835e-02 2.670149616224e-02
 2.573986259221e-02 2.483344702080e-02 2.388415403337e-02 2.280925510619e-02
 2.156564718492e-02 2.016719922350e-02 1.868916184208e-02 1.725596300086e-02
 1.601255770201e-02 1.508409401272e-02 1.453285865049e-02 1.432388456848e-02
 1.430921555458e-02 1.423003766933e-02 1.370620348545e-02 1.218166598624e-02
 9.059476563186e-03 4.633088907760e-03 1.020670572918e-03
                Type                   L                   N
                   0                   0                   1

 -6.301335713741e-01 -6.301334580357e-01 -6.301333424077e-01 -6.301332244438e-01
 -6.301331040970e-01 -6.301329813189e-01 -6.301328560605e-01 -6.301327282718e-01
 -6.301325979016e-01 -6.301324648976e-01 -6.301323292069e-01 -6.301321907749e-01
 -6.301320495465e-01 -6.301319054651e-01 -6.301317584730e-01 -6.301316085114e-01
 -6.301314555204e-01 -6.301312994388e-01 -6.301311402042e-01 -6.301309777527e-01
 -6.301308120195e-01 -6.301306429383e-01 -6.301304704414e-01 -6.301302944598e-01
 -6.301301149231e-01 -6.301299317595e-01 -6.301297448958e-01 -6.301295542572e-01
 -6.301293597673e-01 -6.301291613486e-01 -6.301289589214e-01 -6.301287524050e-01
 -6.301285417166e-01 -6.301283267720e-01 -6.301281074853e-01 -6.301278837686e-01
 -6.301276555325e-01 -6.301274226858e-01 -6.301271851352e-01 -6.301269427857e-01
 -6.301266955404e-01 -6.301264433004e-01 -6.301261859648e-01 -6.301259234307e-01
 -6.301256555930e-01 -6.301253823445e-01 -6.301251035761e-01 -6.301248191761e-01
 -6.301245290308e-01 -6.301242330242e-01 -6.301239310378e-01 -6.301236229508e-01
 -6.301233086400e-01 -6.301229879797e-01 -6.301226608416e-01 -6.301223270948e-01
 -6.301219866058e-01 -6.301216392384e-01 -6.301212848537e-01 -6.301209233099e-01
 -6.301205544624e-01 -6.301201781636e-01 -6.301197942630e-01 -6.301194026070e-01
 -6.301190030390e-01 -6.301185953991e-01 -6.301181795243e-01 -6.301177552482e-01
 -6.301173224010e-01 -6.301168808097e-01 -6.301164302975e-01 -6.301159706844e-01
 -6.301155017863e-01 -6.301150234158e-01 -6.301145353814e-01 -6.301140374880e-01
 -6.301135295364e-01 -6.301130113234e-01 -6.301124826416e-01 -6.301119432797e-01
 -6.301113930218e-01 -6.301108316479e-01 -6.301102589333e-01 -6.301096746489e-01
 -6.301090785611e-01 -6.301084704314e-01 -6.301078500164e-01 -6.301072170681e-01
 -6.301065713332e-01 -6.301059125535e-01 -6.301052404653e-01 -6.301045547999e-01
 -6.301038552829e-01 -6.301031416345e-01 -6.301024135692e-01 -6.301016707958e-01
 -6.301009130172e-01 -6.301001399302e-01 -6.300993512255e-01 -6.300985465877e-01
 -6.300977256948e-01 -6.300968882186e-01 -6.300960338239e-01 -6.300951621689e-01
 -6.300942729051e-01 -6.300933656766e-01 -6.300924401205e-01 -6.300914958666e-01
 -6.300905325371e-01 -6.300895497467e-01 -6.300885471022e-01 -6.300875242025e-01
 -6.300864806384e-01 -6.300854159925e-01 -6.300843298388e-01 -6.300832217429e-01
 -6.300820912614e-01 -6.300809379422e-01 -6.300797613237e-01 -6.300785609355e-01
 -6.300773362972e-01 -6.300760869189e-01 -6.300748123008e-01 -6.300735119331e-01
 -6.300721852955e-01 -6.300708318573e-01 -6.300694510770e-01 -6.300680424024e-01
 -6.300666052698e-01 -6.300651391043e-01 -6.300636433194e-01 -6.300621173167e-01
 -6.300605604858e-01 -6.300589722037e-01 -6.300573518351e-01 -6.300556987319e-01
 -6.300540122326e-01 -6.300522916625e-01 -6.300505363334e-01 -6.300487455430e-01
 -6.300469185748e-01 -6.300450546981e-01 -6.300431531671e-01 -6.300412132211e-01
 -6.300392340840e-01 -6.300372149640e-01 -6.300351550534e-01 -6.300330535281e-01
 -6.300309095473e-01 -6.300287222533e-01 -6.300264907709e-01 -6.300242142076e-01
 -6.300218916525e-01 -6.300195221763e-01 -6.300171048312e-01 -6.300146386501e-01
 -6.300121226462e-01 -6.300095558130e-01 -6.300069371236e-01 -6.300042655303e-01
 -6.300015399642e-01 -6.299987593349e-01 -6.299959225299e-01 -6.299930284142e-01
 -6.299900758301e-01 -6.299870635961e-01 -6.299839905072e-01 -6.299808553337e-01
 -6.299776568215e-01 -6.299743936907e-01 -6.299710646359e-01 -6.299676683250e-01
 -6.299642033992e-01 -6.299606684723e-01 -6.299570621299e-01 -6.299533829290e-01
 -6.299496293977e-01 -6.299458000342e-01 -6.299418933062e-01 -6.299379076506e-01
 -6.299338414729e-01 -6.299296931459e-01 -6.299254610100e-01 -6.299211433717e-01
 -6.299167385036e-01 -6.299122446431e-01 -6.299076599921e-01 -6.299029827162e-01
 -6.298982109440e-01 -6.298933427659e-01 -6.298883762343e-01 -6.298833093617e-01
 -6.298781401207e-01 -6.298728664430e-01 -6.298674862183e-01 -6.298619972937e-01
 -6.298563974728e-01 -6.298506845150e-01 -6.298448561340e-01 -6.298389099978e-01
 -6.298328437269e-01 -6.298266548937e-01 -6.298203410218e-01 -6.298138995846e-01
 -6.298073280044e-01 -6.298006236513e-01 -6.297937838426e-01 -6.297868058410e-01
 -6.297796868541e-01 -6.297724240330e-01 -6.297650144711e-01 -6.297574552031e-01
 -6.297497432040e-01 -6.297418753873e-01 -6.297338486044e-01 -6.297256596427e-01
 -6.297173052251e-01 -6.297087820079e-01 -6.297000865801e-01 -6.296912154614e-01
 -6.296821651013e-01 -6.296729318778e-01 -6.296635120952e-01 -6.296539019834e-01
 -6.296440976960e-01 -6.296340953088e-01 -6.296238908183e-01 -6.296134801401e-01
 -6.296028591070e-01 -6.295920234680e-01 -6.295809688856e-01 -6.295696909351e-01
 -6.295581851019e-01 -6.295464467805e-01 -6.295344712719e-01 -6.295222537824e-01
 -6.295097894213e-01 -6.294970731988e-01 -6.294841000244e-01 -6.294708647047e-01
 -6.294573619411e-01 -6.294435863279e-01 -6.294295323501e-01 -6.294151943813e-01
 -6.294005666811e-01 -6.293856433931e-01 -6.293704185424e-01 -6.293548860334e-01
 -6.293390396470e-01 -6.293228730384e-01 -6.293063797346e-01 -6.292895531314e-01
 -6.292723864913e-01 -6.292548729403e-01 -6.292370054654e-01 -6.292187769117e-01
 -6.292001799797e-01 -6.291812072221e-01 -6.291618510409e-01 -6.291421036845e-01
 -6.291219572444e-01 -6.291014036520e-01 -6.290804346756e-01 -6.290590419169e-01
 -6.290372168076e-01 -6.290149506060e-01 -6.289922343936e-01 -6.289690590714e-01
 -6.289454153562e-01 -6.289212937769e-01 -6.288966846708e-01 -6.288715781796e-01
 -6.288459642456e-01 -6.288198326071e-01 -6.287931727952e-01 -6.287659741288e-01
 -6.287382257107e-01 -6.287099164228e-01 -6.286810349224e-01 -6.286515696368e-01
 -6.286215087590e-01 -6.285908402432e-01 -6.285595517995e-01 -6.285276308891e-01
 -6.284950647193e-01 -6.284618402386e-01 -6.284279441308e-01 -6.283933628103e-01
 -6.283580824162e-01 -6.283220888068e-01 -6.282853675541e-01 -6.282479039378e-01
 -6.282096829393e-01 -6.281706892359e-01 -6.281309071943e-01 -6.280903208645e-01
 -6.280489139735e-01 -6.280066699184e-01 -6.279635717597e-01 -6.279196022151e-01
 -6.278747436514e-01 -6.278289780787e-01 -6.277822871419e-01 -6.277346521142e-01
 -6.276860538891e-01 -6.276364729727e-01 -6.275858894758e-01 -6.275342831063e-01
 -6.274816331603e-01 -6.274279185142e-01 -6.273731176162e-01 -6.273172084771e-01
 -6.272601686620e-01 -6.272019752809e-01 -6.271426049795e-01 -6.270820339296e-01
 -6.270202378198e-01 -6.269571918453e-01 -6.268928706982e-01 -6.268272485568e-01
 -6.267602990757e-01 -6.266919953746e-01 -6.266223100278e-01 -6.265512150528e-01
 -6.264786818992e-01 -6.264046814370e-01 -6.263291839446e-01 -6.262521590973e-01
 -6.261735759543e-01 -6.260934029467e-01 -6.260116078643e-01 -6.259281578429e-01
 -6.258430193506e-01 -6.257561581745e-01 -6.256675394064e-01 -6.255771274291e-01
 -6.254848859016e-01 -6.253907777445e-01 -6.252947651246e-01 -6.251968094401e-01
 -6.250968713045e-01 -6.249949105305e-01 -6.248908861139e-01 -6.247847562168e-01
 -6.246764781508e-01 -6.245660083592e-01 -6.244533023995e-01 -6.243383149254e-01
 -6.242209996683e-01 -6.241013094182e-01 -6.239791960047e-01 -6.238546102776e-01
 -6.237275020862e-01 -6.235978202596e-01 -6.234655125853e-01 -6.233305257882e-01
 -6.231928055087e-01 -6.230522962809e-01 -6.229089415094e-01 -6.227626834467e-01
 -6.226134631694e-01 -6.224612205543e-01 -6.223058942536e-01 -6.221474216703e-01
 -6.219857389324e-01 -6.218207808666e-01 -6.216524809722e-01 -6.214807713936e-01
 -6.213055828929e-01 -6.211268448211e-01 -6.209444850899e-01 -6.207584301419e-01
 -6.205686049207e-01 -6.203749328402e-01 -6.201773357535e-01 -6.199757339207e-01
 -6.197700459769e-01 -6.195601888982e-01 -6.193460779688e-01 -6.191276267456e-01
 -6.189047470236e-01 -6.186773487993e-01 -6.184453402349e-01 -6.182086276198e-01
 -6.179671153335e-01 -6.177207058058e-01 -6.174692994778e-01 -6.172127947607e-01
 -6.169510879951e-01 -6.166840734086e-01 -6.164116430727e-01 -6.161336868594e-01
 -6.158500923961e-01 -6.155607450201e-01 -6.152655277324e-01 -6.149643211503e-01
 -6.146570034586e-01 -6.143434503612e-01 -6.140235350300e-01 -6.136971280547e-01
 -6.133640973897e-01 -6.130243083017e-01 -6.126776233153e-01 -6.123239021574e-01
 -6.119630017018e-01 -6.115947759109e-01 -6.112190757782e-01 -6.108357492683e-01
 -6.104446412564e-01 -6.100455934669e-01 -6.096384444101e-01 -6.092230293185e-01
 -6.087991800818e-01 -6.083667251801e-01 -6.079254896168e-01 -6.074752948499e-01
 -6.070159587217e-01 -6.065472953882e-01 -6.060691152462e-01 -6.055812248601e-01
 -6.050834268868e-01 -6.045755199998e-01 -6.040572988114e-01 -6.035285537946e-01
 -6.029890712027e-01 -6.024386329884e-01 -6.018770167211e-01 -6.013039955033e-01
 -6.007193378853e-01 -6.001228077793e-01 -5.995141643712e-01 -5.988931620323e-01
 -5.982595502287e-01 -5.976130734304e-01 -5.969534710179e-01 -5.962804771894e-01
 -5.955938208646e-01 -5.948932255894e-01 -5.941784094379e-01 -5.934490849143e-01
 -5.927049588526e-01 -5.919457323166e-01 -5.911711004978e-01 -5.903807526124e-01
 -5.895743717980e-01 -5.887516350089e-01 -5.879122129105e-01 -5.870557697730e-01
 -5.861819633648e-01 -5.852904448445e-01 -5.843808586531e-01 -5.834528424049e-01
 -5.825060267788e-01 -5.815400354088e-01 -5.805544847743e-01 -5.795489840908e-01
 -5.785231351998e-01 -5.774765324600e-01 -5.764087626373e-01 -5.753194047971e-01
 -5.742080301952e-01 -5.730742021712e-01 -5.719174760419e-01 -5.707373989961e-01
 -5.695335099904e-01 -5.683053396474e-01 -5.670524101549e-01 -5.657742351671e-01
 -5.644703197087e-01 -5.631401600813e-01 -5.617832437720e-01 -5.603990493660e-01
 -5.589870464623e-01 -5.575466955932e-01 -5.560774481473e-01 -5.545787462986e-01
 -5.530500229384e-01 -5.514907016143e-01 -5.499001964737e-01 -5.482779122142e-01
 -5.466232440400e-01 -5.449355776261e-01 -5.432142890896e-01 -5.414587449691e-01
 -5.396683022136e-01 -5.378423081795e-01 -5.359801006387e-01 -5.340810077964e-01
 -5.321443483205e-01 -5.301694313824e-01 -5.281555567116e-01 -5.261020146616e-01
 -5.240080862920e-01 -5.218730434640e-01 -5.196961489522e-01 -5.174766565728e-01
 -5.152138113290e-01 -5.129068495749e-01 -5.105549991987e-01 -5.081574798255e-01
 -5.057135030416e-01 -5.032222726409e-01 -5.006829848944e-01 -4.980948288432e-01
 -4.954569866176e-01 -4.927686337820e-01 -4.900289397070e-01 -4.872370679702e-01
 -4.843921767863e-01 -4.814934194683e-01 -4.785399449201e-01 -4.755308981624e-01
 -4.724654208922e-01 -4.693426520784e-01 -4.661617285931e-01 -4.629217858805e-01
 -4.596219586649e-01 -4.562613816981e-01 -4.528391905476e-01 -4.493545224271e-01
 -4.458065170692e-01 -4.421943176433e-01 -4.385170717166e-01 -4.347739322625e-01
 -4.309640587148e-01 -4.270866180691e-01 -4.231407860331e-01 -4.191257482247e-01
 -4.150407014199e-01 -4.108848548506e-01 -4.066574315520e-01 -4.023576697607e-01
 -3.979848243631e-01 -3.935381683945e-01 -3.890169945883e-01 -3.844206169758e-01
 -3.797483725350e-01 -3.749996228898e-01 -3.701737560562e-01 -3.652701882373e-01
 -3.602883656647e-01 -3.552277664844e-01 -3.500879026880e-01 -3.448683220855e-01
 -3.395686103187e-01 -3.341883929137e-01 -3.287273373698e-01 -3.231851552826e-01
 -3.175616044988e-01 -3.118564913006e-01 -3.060696726153e-01 -3.002010582493e-01
 -2.942506131416e-01 -2.882183596337e-01 -2.821043797536e-01 -2.759088175094e-01
 -2.696318811886e-01 -2.632738456609e-01 -2.568350546786e-01 -2.503159231732e-01
 -2.437169395428e-01 -2.370386679268e-01 -2.302817504656e-01 -2.234469095401e-01
 -2.165349499889e-01 -2.095467612990e-01 -2.024833197689e-01 -1.953456906388e-01
 -1.881350301883e-01 -1.808525877977e-01 -1.734997079721e-01 -1.660778323275e-01
 -1.585885015368e-01 -1.510333572379e-01 -1.434141439011e-01 -1.357327106602e-01
 -1.279910131052e-01 -1.201911150412e-01 -1.123351902149e-01 -1.044255240118e-01
 -9.646451512782e-02 -8.845467721929e-02 -8.039864053564e-02 -7.229915353989e-02
 -6.415908452158e-02 -5.598142320730e-02 -4.776928237423e-02 -3.952589947128e-02
 -3.125463825276e-02 -2.295899042856e-02 -1.464257733427e-02 -6.309151623656e-03
 2.037401015295e-03 1.039306012116e-02 1.875366869870e-02 2.711493144159e-02
 3.547241294486e-02 4.382153591639e-02 5.215757939989e-02 6.047567702511e-02
 6.877081530469e-02 7.703783200119e-02 8.527141459170e-02 9.346609886221e-02
 1.016162676683e-01 1.097161499035e-01 1.177598197213e-01 1.257411960621e-01
 1.336540425396e-01 1.414919677473e-01 1.492484260483e-01 1.569167189165e-01
 1.644899968983e-01 1.719612622697e-01 1.793233724595e-01 1.865690443172e-01
 1.936908592960e-01 2.006812696247e-01 2.075326055366e-01 2.142370836185e-01
 2.207868163390e-01 2.271738228031e-01 2.333900407750e-01 2.394273399965e-01
 2.452775368167e-01 2.509324101352e-01 2.563837186426e-01 2.616232193298e-01
 2.666426872139e-01 2.714339362160e-01 2.759888411036e-01 2.802993603941e-01
 2.843575600976e-01 2.881556381593e-01 2.916859494510e-01 2.949410311430e-01
 2.979136282830e-01 3.005967193973e-01 3.029835419316e-01 3.050676173436e-01
 3.068427756700e-01 3.083031793965e-01 3.094433464740e-01 3.102581723421e-01
 3.107429508402e-01 3.108933939120e-01 3.107056500335e-01 3.101763213204e-01
 3.093024792961e-01 3.080816793242e-01 3.065119737282e-01 3.045919236329e-01
 3.023206095686e-01 2.996976408720e-01 2.967231639064e-01 2.933978690944e-01
 2.897229967173e-01 2.857003413873e-01 2.813322550326e-01 2.766216481694e-01
 2.715719891549e-01 2.661873010397e-01 2.604721555626e-01 2.544316637708e-01
 2.480714626979e-01 2.413976975209e-01 2.344169986265e-01 2.271364530844e-01
 2.195635701327e-01 2.117062404540e-01 2.035726892546e-01 1.951714234581e-01
 1.865111736848e-01 1.776008321064e-01 1.684493877256e-01 1.590658611130e-01
 1.494592411213e-01 1.396384265489e-01 1.296121761143e-01 1.193890703825e-01
 1.089774894133e-01 9.838560983513e-02 8.762142474697e-02 7.669278927727e-02
 6.560749376021e-02 5.437336531824e-02 4.299839717346e-02 3.149090328383e-02
 1.985969397556e-02 8.114266207871e-03 -3.734999918964e-03 -1.567664867148e-02
 -2.769797201364e-02 -3.978486161010e-02 -5.192170270694e-02 -6.409132258998e-02
 -7.627500481521e-02 -8.845257780564e-02 -1.006025826934e-01 -1.127025205169e-01
 -1.247291732341e-01 -1.366589867611e-01 -1.484684977978e-01 -1.601347800592e-01
 -1.716358802861e-01 -1.829512107093e-01 -1.940618631191e-01 -2.049508109422e-01
 -2.156029701729e-01 -2.260050978993e-01 -2.361455184269e-01 -2.460136812358e-01
 -2.555995714043e-01 -2.648930104839e-01 -2.738829025474e-01 -2.825564944081e-01
 -2.908987288096e-01 -2.988917728040e-01 -3.065147988898e-01 -3.137440827004e-01
 -3.205534578256e-01 -3.269151364822e-01 -3.328008661897e-01 -3.381833505491e-01
 -3.430378210002e-01 -3.473436111898e-01 -3.510855618504e-01 -3.542550770674e-01
 -3.568506666805e-01 -3.588778465700e-01 -3.603483283833e-01 -3.612785092685e-01
 -3.616873634327e-01 -3.615939306057e-01 -3.610146791596e-01 -3.599610799660e-01
 -3.584377481097e-01 -3.564414832868e-01 -3.539614612442e-01 -3.509807002559e-01
 -3.474787589927e-01 -3.434354343127e-01 -3.388350456473e-01 -3.336707471456e-01
 -3.279482297247e-01 -3.216881872450e-01 -3.149270375303e-01 -3.077156071466e-01
 -3.001157869912e-01 -2.921955031565e-01 -2.840226685567e-01 -2.756590226426e-01
 -2.671548704042e-01 -2.585456559979e-01 -2.498510382281e-01 -2.410767002839e-01
 -2.322185904624e-01 -2.232687539764e-01 -2.142214965917e-01 -2.050784317707e-01
 -1.958510841431e-01 -1.865601742831e-01 -1.772314371557e-01 -1.678886949407e-01
 -1.585457194250e-01 -1.491989624068e-01 -1.398233175722e-01 -1.303726041330e-01
 -1.207854637209e-01 -1.109960180335e-01 -1.009472050875e-01 -9.060297258097e-02
 -7.994945632174e-02 -6.894822219639e-02 -5.735028774669e-02 -4.440717634013e-02
 -2.932657179537e-02 -1.367667510332e-02 -2.836387945514e-03
                Type                   L                   N
                   0                   1                   0

 3.388902674938e-03 3.422959291407e-03 3.457358108683e-03 3.492102563910e-03
 3.527196128452e-03 3.562642308398e-03 3.598444645254e-03 3.634606715892e-03
 3.671132133117e-03 3.708024545836e-03 3.745287639822e-03 3.782925137444e-03
 3.820940798659e-03 3.859338421104e-03 3.898121840297e-03 3.937294930416e-03
 3.976861604410e-03 4.016825814422e-03 4.057191552271e-03 4.097962849630e-03
 4.139143778885e-03 4.180738452972e-03 4.222751026021e-03 4.265185693979e-03
 4.308046694798e-03 4.351338308877e-03 4.395064859292e-03 4.439230712767e-03
 4.483840279549e-03 4.528898014224e-03 4.574408415804e-03 4.620376028505e-03
 4.666805441959e-03 4.713701291964e-03 4.761068260467e-03 4.808911076456e-03
 4.857234516176e-03 4.906043403843e-03 4.955342611879e-03 5.005137061356e-03
 5.055431722861e-03 5.106231616436e-03 5.157541812673e-03 5.209367432639e-03
 5.261713648786e-03 5.314585685243e-03 5.367988818462e-03 5.421928377638e-03
 5.476409745300e-03 5.531438357755e-03 5.587019705748e-03 5.643159334819e-03
 5.699862846125e-03 5.757135896614e-03 5.814984199933e-03 5.873413526770e-03
 5.932429705456e-03 5.992038622715e-03 6.052246223841e-03 6.113058513790e-03
 6.174481557240e-03 6.236521479721e-03 6.299184467654e-03 6.362476769441e-03
 6.426404695797e-03 6.490974620395e-03 6.556192980578e-03 6.622066277940e-03
 6.688601078899e-03 6.755804015468e-03 6.823681785688e-03 6.892241154537e-03
 6.961488954374e-03 7.031432085757e-03 7.102077517960e-03 7.173432289720e-03
 7.245503510014e-03 7.318298358617e-03 7.391824086787e-03 7.466088018006e-03
 7.541097548777e-03 7.616860149181e-03 7.693383363665e-03 7.770674811785e-03
 7.848742188928e-03 7.927593267027e-03 8.007235895353e-03 8.087678001211e-03
 8.168927590766e-03 8.250992749681e-03 8.333881644062e-03 8.417602521166e-03
 8.502163710159e-03 8.587573622855e-03 8.673840754693e-03 8.760973685403e-03
 8.848981079901e-03 8.937871688988e-03 9.027654350370e-03 9.118337989301e-03
 9.209931619620e-03 9.302444344328e-03 9.395885356890e-03 9.490263941561e-03
 9.585589474708e-03 9.681871425444e-03 9.779119356643e-03 9.877342925692e-03
 9.976551885619e-03 1.007675608579e-02 1.017796547292e-02 1.028019009202e-02
 1.038344008734e-02 1.048772570325e-02 1.059305728520e-02 1.069944528076e-02
 1.080690024048e-02 1.091543281900e-02 1.102505377588e-02 1.113577397667e-02
 1.124760439399e-02 1.136055610830e-02 1.147464030924e-02 1.158986829634e-02
 1.170625148030e-02 1.182380138384e-02 1.194252964293e-02 1.206244800765e-02
 1.218356834342e-02 1.230590263199e-02 1.242946297255e-02 1.255426158278e-02
 1.268031079998e-02 1.280762308225e-02 1.293621100940e-02 1.306608728429e-02
 1.319726473383e-02 1.332975631018e-02 1.346357509181e-02 1.359873428484e-02
 1.373524722396e-02 1.387312737379e-02 1.401238832993e-02 1.415304382027e-02
 1.429510770610e-02 1.443859398334e-02 1.458351678374e-02 1.472989037607e-02
 1.487772916744e-02 1.502704770446e-02 1.517786067444e-02 1.533018290677e-02
 1.548402937407e-02 1.563941519348e-02 1.579635562796e-02 1.595486608754e-02
 1.611496213059e-02 1.627665946517e-02 1.643997395030e-02 1.660492159726e-02
 1.677151857090e-02 1.693978119094e-02 1.710972593341e-02 1.728136943186e-02
 1.745472847872e-02 1.762982002669e-02 1.780666119007e-02 1.798526924613e-02
 1.816566163645e-02 1.834785596829e-02 1.853187001598e-02 1.871772172233e-02
 1.890542919992e-02 1.909501073258e-02 1.928648477674e-02 1.947986996287e-02
 1.967518509676e-02 1.987244916110e-02 2.007168131678e-02 2.027290090426e-02
 2.047612744512e-02 2.068138064333e-02 2.088868038677e-02 2.109804674864e-02
 2.130949998878e-02 2.152306055525e-02 2.173874908561e-02 2.195658640841e-02
 2.217659354461e-02 2.239879170901e-02 2.262320231160e-02 2.284984695911e-02
 2.307874745627e-02 2.330992580736e-02 2.354340421752e-02 2.377920509422e-02
 2.401735104864e-02 2.425786489707e-02 2.450076966229e-02 2.474608857497e-02
 2.499384507506e-02 2.524406281312e-02 2.549676565172e-02 2.575197766680e-02
 2.600972314901e-02 2.627002660497e-02 2.653291275873e-02 2.679840655296e-02
 2.706653315030e-02 2.733731793467e-02 2.761078651247e-02 2.788696471389e-02
 2.816587859412e-02 2.844755443458e-02 2.873201874409e-02 2.901929826012e-02
 2.930941994983e-02 2.960241101134e-02 2.989829887473e-02 3.019711120321e-02
 3.049887589411e-02 3.080362107996e-02 3.111137512949e-02 3.142216664857e-02
 3.173602448118e-02 3.205297771031e-02 3.237305565885e-02 3.269628789037e-02
 3.302270420998e-02 3.335233466505e-02 3.368520954595e-02 3.402135938668e-02
 3.436081496555e-02 3.470360730569e-02 3.504976767565e-02 3.539932758979e-02
 3.575231880879e-02 3.610877333995e-02 3.646872343751e-02 3.683220160291e-02
 3.719924058495e-02 3.756987337989e-02 3.794413323154e-02 3.832205363121e-02
 3.870366831756e-02 3.908901127650e-02 3.947811674087e-02 3.987101919014e-02
 4.026775334993e-02 4.066835419152e-02 4.107285693126e-02 4.148129702979e-02
 4.189371019129e-02 4.231013236254e-02 4.273059973191e-02 4.315514872820e-02
 4.358381601942e-02 4.401663851139e-02 4.445365334629e-02 4.489489790096e-02
 4.534040978525e-02 4.579022684001e-02 4.624438713517e-02 4.670292896745e-02
 4.716589085811e-02 4.763331155042e-02 4.810523000699e-02 4.858168540696e-02
 4.906271714303e-02 4.954836481826e-02 5.003866824267e-02 5.053366742976e-02
 5.103340259268e-02 5.153791414036e-02 5.204724267324e-02 5.256142897897e-02
 5.308051402775e-02 5.360453896751e-02 5.413354511881e-02 5.466757396951e-02
 5.520666716921e-02 5.575086652336e-02 5.630021398718e-02 5.685475165923e-02
 5.741452177475e-02 5.797956669863e-02 5.854992891820e-02 5.912565103551e-02
 5.970677575952e-02 6.029334589773e-02 6.088540434764e-02 6.148299408773e-02
 6.208615816816e-02 6.269493970106e-02 6.330938185041e-02 6.392952782157e-02
 6.455542085033e-02 6.518710419164e-02 6.582462110779e-02 6.646801485621e-02
 6.711732867683e-02 6.777260577889e-02 6.843388932732e-02 6.910122242862e-02
 6.977464811620e-02 7.045420933521e-02 7.113994892679e-02 7.183190961187e-02
 7.253013397421e-02 7.323466444305e-02 7.394554327505e-02 7.466281253557e-02
 7.538651407943e-02 7.611668953093e-02 7.685338026322e-02 7.759662737700e-02
 7.834647167846e-02 7.910295365658e-02 7.986611345963e-02 8.063599087088e-02
 8.141262528360e-02 8.219605567525e-02 8.298632058076e-02 8.378345806512e-02
 8.458750569495e-02 8.539850050932e-02 8.621647898961e-02 8.704147702840e-02
 8.787352989755e-02 8.871267221517e-02 8.955893791169e-02 9.041236019487e-02
 9.127297151385e-02 9.214080352204e-02 9.301588703902e-02 9.389825201131e-02
 9.478792747200e-02 9.568494149924e-02 9.658932117360e-02 9.750109253414e-02
 9.842028053339e-02 9.934690899099e-02 1.002810005461e-01 1.012225766084e-01
 1.021716573083e-01 1.031282614449e-01 1.040924064333e-01 1.050641082505e-01
 1.060433813795e-01 1.070302387524e-01 1.080246916916e-01 1.090267498501e-01
 1.100364211498e-01 1.110537117183e-01 1.120786258249e-01 1.131111658138e-01
 1.141513320371e-01 1.151991227850e-01 1.162545342154e-01 1.173175602810e-01
 1.183881926555e-01 1.194664206575e-01 1.205522311737e-01 1.216456085789e-01
 1.227465346561e-01 1.238549885135e-01 1.249709465007e-01 1.260943821224e-01
 1.272252659513e-01 1.283635655388e-01 1.295092453238e-01 1.306622665404e-01
 1.318225871234e-01 1.329901616125e-01 1.341649410544e-01 1.353468729043e-01
 1.365359009240e-01 1.377319650805e-01 1.389350014413e-01 1.401449420693e-01
 1.413617149159e-01 1.425852437123e-01 1.438154478599e-01 1.450522423194e-01
 1.462955374980e-01 1.475452391363e-01 1.488012481935e-01 1.500634607315e-01
 1.513317677984e-01 1.526060553113e-01 1.538862039372e-01 1.551720889751e-01
 1.564635802359e-01 1.577605419229e-01 1.590628325117e-01 1.603703046299e-01
 1.616828049375e-01 1.630001740068e-01 1.643222462028e-01 1.656488495650e-01
 1.669798056892e-01 1.683149296106e-01 1.696540296885e-01 1.709969074923e-01
 1.723433576892e-01 1.736931679347e-01 1.750461187645e-01 1.764019834899e-01
 1.777605280961e-01 1.791215111439e-01 1.804846836754e-01 1.818497891235e-01
 1.832165632265e-01 1.845847339472e-01 1.859540213987e-01 1.873241377748e-01
 1.886947872878e-01 1.900656661136e-01 1.914364623432e-01 1.928068559445e-01
 1.941765187305e-01 1.955451143394e-01 1.969122982228e-01 1.982777176467e-01
 1.996410117021e-01 2.010018113299e-01 2.023597393577e-01 2.037144105513e-01
 2.050654316805e-01 2.064124016011e-01 2.077549113538e-01 2.090925442799e-01
 2.104248761566e-01 2.117514753517e-01 2.130719029988e-01 2.143857131944e-01
 2.156924532187e-01 2.169916637794e-01 2.182828792822e-01 2.195656281270e-01
 2.208394330322e-01 2.221038113886e-01 2.233582756434e-01 2.246023337165e-01
 2.258354894499e-01 2.270572430919e-01 2.282670918178e-01 2.294645302875e-01
 2.306490512438e-01 2.318201461494e-01 2.329773058680e-01 2.341200213882e-01
 2.352477845925e-01 2.363600890745e-01 2.374564310027e-01 2.385363100361e-01
 2.395992302897e-01 2.406447013546e-01 2.416722393713e-01 2.426813681594e-01
 2.436716204055e-01 2.446425389082e-01 2.455936778850e-01 2.465246043389e-01
 2.474348994883e-01 2.483241602604e-01 2.491920008487e-01 2.500380543356e-01
 2.508619743819e-01 2.516634369816e-01 2.524421422846e-01 2.531978164859e-01
 2.539302137823e-01 2.546391183954e-01 2.553243466621e-01 2.559857491894e-01
 2.566232130751e-01 2.572366641912e-01 2.578260695291e-01 2.583914396051e-01
 2.589328309220e-01 2.594503484867e-01 2.599441483775e-01 2.604144403604e-01
 2.608614905475e-01 2.612856240946e-01 2.616872279318e-01 2.620667535210e-01
 2.624247196344e-01 2.627617151466e-01 2.630784018314e-01 2.633755171560e-01
 2.636538770624e-01 2.639143787252e-01 2.641580032758e-01 2.643858184807e-01
 2.645989813596e-01 2.647987407318e-01 2.649864396744e-01 2.651635178765e-01
 2.653315138735e-01 2.654920671431e-01 2.656469200438e-01 2.657979195761e-01
 2.659470189461e-01 2.660962789072e-01 2.662478688598e-01 2.664040676812e-01
 2.665672642637e-01 2.667399577315e-01 2.669247573114e-01 2.671243818276e-01
 2.673416587918e-01 2.675795230590e-01 2.678410150181e-01 2.681292782848e-01
 2.684475568673e-01 2.687991917709e-01 2.691876170092e-01 2.696163549898e-01
 2.700890112426e-01 2.706092684580e-01 2.711808798034e-01 2.718076614888e-01
 2.724934845508e-01 2.732422658272e-01 2.740579580974e-01 2.749445393625e-01
 2.759060012455e-01 2.769463364920e-01 2.780695255569e-01 2.792795222657e-01
 2.805802385440e-01 2.819755282125e-01 2.834691698527e-01 2.850648487515e-01
 2.867661379426e-01 2.885764783674e-01 2.904991581879e-01 2.925372912919e-01
 2.946937950403e-01 2.969713673153e-01 2.993724629420e-01 3.018992695619e-01
 3.045536830550e-01 3.073372826142e-01 3.102513055920e-01 3.132966222535e-01
 3.164737105792e-01 3.197826312835e-01 3.232230032203e-01 3.267939793710e-01
 3.304942236174e-01 3.343218885229e-01 3.382745943571e-01 3.423494096128e-01
 3.465428332819e-01 3.508507791630e-01 3.552685624936e-01 3.597908892027e-01
 3.644118480928e-01 3.691249062672e-01 3.739229081208e-01 3.787980782166e-01
 3.837420283698e-01 3.887457692542e-01 3.937997268420e-01 3.988937639716e-01
 4.040172073247e-01 4.091588800708e-01 4.143071404103e-01 4.194499262146e-01
 4.245748059246e-01 4.296690358200e-01 4.347196237235e-01 4.397133991426e-01
 4.446370897864e-01 4.494774043221e-01 4.542211211520e-01 4.588551829090e-01
 4.633667962682e-01 4.677435365748e-01 4.719734566794e-01 4.760451992582e-01
 4.799481117788e-01 4.836723631521e-01 4.872090609866e-01 4.905503682380e-01
 4.936896179246e-01 4.966214244608e-01 4.993417900456e-01 5.018482044390e-01
 5.041397363623e-01 5.062171146813e-01 5.080827974634e-01 5.097410269586e-01
 5.111978685378e-01 5.124612316263e-01 5.135408707161e-01 5.144483646142e-01
 5.151970722012e-01 5.158020631330e-01 5.162800221225e-01 5.166491256919e-01
 5.169288905888e-01 5.171399934180e-01 5.173040614489e-01 5.174434350212e-01
 5.175809024839e-01 5.177394091687e-01 5.179417424984e-01 5.182101959809e-01
 5.185662155086e-01 5.190300320808e-01 5.196202857644e-01 5.203536464092e-01
 5.212444373046e-01 5.223042686015e-01 5.235416878948e-01 5.249618558544e-01
 5.265662551795e-01 5.283524414028e-01 5.303138441744e-01 5.324396275720e-01
 5.347146176982e-01 5.371193053086e-01 5.396299304532e-01 5.422186550803e-01
 5.448538282426e-01 5.475003469543e-01 5.501201138633e-01 5.526725907536e-01
 5.551154444791e-01 5.574052792914e-01 5.594984467036e-01 5.613519210746e-01
 5.629242260837e-01 5.641763942598e-01 5.650729388438e-01 5.655828145859e-01
 5.656803417390e-01 5.653460656263e-01 5.645675228611e-01 5.633398847199e-01
 5.616664484335e-01 5.595589483892e-01 5.570376615361e-01 5.541312847281e-01
 5.508765663868e-01 5.473176807278e-01 5.435053398406e-01 5.394956470631e-01
 5.353487042087e-01 5.311269950777e-01 5.268935780546e-01 5.227101311174e-01
 5.186349028627e-01 5.147206327319e-01 5.110125119901e-01 5.075462636338e-01
 5.043464237212e-01 5.014249081013e-01 4.987799466452e-01 4.963954614403e-01
 4.942409556627e-01 4.922719658155e-01 4.904311117292e-01 4.886497563650e-01
 4.868502615367e-01 4.849487968873e-01 4.828586288608e-01 4.804937852785e-01
 4.777729610220e-01 4.746235030033e-01 4.709852899822e-01 4.668143068562e-01
 4.620857057281e-01 4.567961491236e-01 4.509652456212e-01 4.446359158369e-01
 4.378735675256e-01 4.307640120624e-01 4.234101194239e-01 4.159272826685e-01
 4.084378424787e-01 4.010647032468e-01 3.939244492889e-01 3.871203372113e-01
 3.807355920605e-01 3.748274645332e-01 3.694225086248e-01 3.645135091462e-01
 3.600584236996e-01 3.559816033382e-01 3.521774223332e-01 3.485162853803e-01
 3.448527986162e-01 3.410357005595e-01 3.369189649094e-01 3.323733254552e-01
 3.272973515728e-01 3.216271378573e-01 3.153436781951e-01 3.084770838426e-01
 3.011069818469e-01 2.933586918871e-01 2.853951150159e-01 2.774046561306e-01
 2.695859134400e-01 2.621302650610e-01 2.552038221755e-01 2.489304552368e-01
 2.433776928676e-01 2.385472090085e-01 2.343713331749e-01 2.307165410224e-01
 2.273942304973e-01 2.241783102728e-01 2.208282937215e-01 2.171157951088e-01
 2.128516690782e-01 2.079106250433e-01 2.022500773722e-01 1.959203249132e-01
 1.890639115776e-01 1.819031708894e-01 1.747164079861e-01 1.678047685527e-01
 1.614533817334e-01 1.558916098232e-01 1.512579584396e-01 1.475752008118e-01
 1.447404287260e-01 1.425330520251e-01 1.406413563315e-01 1.387053664804e-01
 1.363708501219e-01 1.333468158021e-01 1.294573128605e-01 1.246781562838e-01
 1.191506428127e-01 1.131674095759e-01 1.071300213109e-01 1.014830493246e-01
 9.663445435286e-02 9.287599217043e-02 9.031914469554e-02 8.886100648796e-02
 8.819034997696e-02 8.783709264400e-02 8.725961331016e-02 8.595542770725e-02
 8.357360996199e-02 8.000398888055e-02 7.542001757566e-02 7.025981948118e-02
 6.514246724663e-02 6.073187940300e-02 5.757550087283e-02 5.595529759014e-02
 5.579102112817e-02 5.662803737627e-02 5.772438932191e-02 5.822706732182e-02
 5.740116969879e-02 5.485485239417e-02 5.069472290306e-02 4.555550677120e-02
 4.047515873673e-02 3.662754864243e-02 3.496971285216e-02 3.589616688025e-02
 3.900316202632e-02 4.302353980489e-02 4.584441978157e-02 4.440880888503e-02
 3.531468489972e-02 1.894121729497e-02 4.296639863366e-03
                Type                   L                   N
                   0                   1                   1

 1.307784363154e-03 1.320928236068e-03 1.334204220117e-03 1.347613643130e-03
 1.361157846728e-03 1.374838185927e-03 1.388656029218e-03 1.402612759142e-03
 1.416709771814e-03 1.430948477724e-03 1.445330301297e-03 1.459856681438e-03
 1.474529071569e-03 1.489348939386e-03 1.504317767762e-03 1.519437054375e-03
 1.534708311906e-03 1.550133068253e-03 1.565712866673e-03 1.581449266141e-03
 1.597343840988e-03 1.613398181732e-03 1.629613894676e-03 1.645992602332e-03
 1.662535943599e-03 1.679245573721e-03 1.696123164936e-03 1.713170405837e-03
 1.730389002375e-03 1.747780677590e-03 1.765347171845e-03 1.783090242869e-03
 1.801011666272e-03 1.819113235574e-03 1.837396762139e-03 1.855864075812e-03
 1.874517024707e-03 1.893357475431e-03 1.912387313692e-03 1.931608444023e-03
 1.951022789972e-03 1.970632294799e-03 1.990438921022e-03 2.010444651102e-03
 2.030651487276e-03 2.051061452225e-03 2.071676588794e-03 2.092498960482e-03
 2.113530651448e-03 2.134773767050e-03 2.156230433697e-03 2.177902799270e-03
 2.199793033280e-03 2.221903327102e-03 2.244235894090e-03 2.266792970143e-03
 2.289576813423e-03 2.312589704979e-03 2.335833948824e-03 2.359311872162e-03
 2.383025825704e-03 2.406978183800e-03 2.431171344800e-03 2.455607731083e-03
 2.480289789593e-03 2.505219991950e-03 2.530400834533e-03 2.555834839022e-03
 2.581524552489e-03 2.607472547630e-03 2.633681423261e-03 2.660153804131e-03
 2.686892341757e-03 2.713899714074e-03 2.741178626353e-03 2.768731810972e-03
 2.796562027846e-03 2.824672064880e-03 2.853064737942e-03 2.881742891450e-03
 2.910709398398e-03 2.939967160990e-03 2.969519110381e-03 2.999368207628e-03
 3.029517443528e-03 3.059969839120e-03 3.090728445874e-03 3.121796346158e-03
 3.153176653369e-03 3.184872512512e-03 3.216887100163e-03 3.249223625140e-03
 3.281885328509e-03 3.314875484289e-03 3.348197399405e-03 3.381854414325e-03
 3.415849903101e-03 3.450187274161e-03 3.484869970128e-03 3.519901468583e-03
 3.555285282181e-03 3.591024959205e-03 3.627124083681e-03 3.663586275986e-03
 3.700415193158e-03 3.737614529077e-03 3.775188015135e-03 3.813139420481e-03
 3.851472552378e-03 3.890191256571e-03 3.929299417917e-03 3.968800960401e-03
 4.008699847850e-03 4.049000084291e-03 4.089705714216e-03 4.130820823170e-03
 4.172349538043e-03 4.214296027630e-03 4.256664502860e-03 4.299459217511e-03
 4.342684468386e-03 4.386344595941e-03 4.430443984538e-03 4.474987063203e-03
 4.519978305784e-03 4.565422231576e-03 4.611323405777e-03 4.657686439873e-03
 4.704515992301e-03 4.751816768691e-03 4.799593522571e-03 4.847851055769e-03
 4.896594218892e-03 4.945827911864e-03 4.995557084536e-03 5.045786736956e-03
 5.096521920157e-03 5.147767736539e-03 5.199529340480e-03 5.251811938760e-03
 5.304620791292e-03 5.357961211476e-03 5.411838566944e-03 5.466258279982e-03
 5.521225828229e-03 5.576746745045e-03 5.632826620425e-03 5.689471101337e-03
 5.746685892298e-03 5.804476756224e-03 5.862849514813e-03 5.921810049281e-03
 5.981364300900e-03 6.041518271773e-03 6.102278025341e-03 6.163649687055e-03
 6.225639445151e-03 6.288253551128e-03 6.351498320566e-03 6.415380133728e-03
 6.479905436359e-03 6.545080740170e-03 6.610912623775e-03 6.677407733234e-03
 6.744572782914e-03 6.812414556066e-03 6.880939905677e-03 6.950155755198e-03
 7.020069099240e-03 7.090687004437e-03 7.162016610118e-03 7.234065129136e-03
 7.306839848705e-03 7.380348131119e-03 7.454597414630e-03 7.529595214202e-03
 7.605349122450e-03 7.681866810367e-03 7.759156028230e-03 7.837224606459e-03
 7.916080456542e-03 7.995731571793e-03 8.076186028373e-03 8.157451986120e-03
 8.239537689516e-03 8.322451468583e-03 8.406201739824e-03 8.490797007203e-03
 8.576245863106e-03 8.662556989283e-03 8.749739157863e-03 8.837801232381e-03
 8.926752168757e-03 9.016601016327e-03 9.107356918904e-03 9.199029115843e-03
 9.291626943069e-03 9.385159834183e-03 9.479637321582e-03 9.575069037530e-03
 9.671464715359e-03 9.768834190469e-03 9.867187401655e-03 9.966534392186e-03
 1.006688531096e-02 1.016825041381e-02 1.027064006468e-02 1.037406473682e-02
 1.047853501410e-02 1.058406159225e-02 1.069065528018e-02 1.079832700125e-02
 1.090708779464e-02 1.101694881664e-02 1.112792134207e-02 1.124001676563e-02
 1.135324660333e-02 1.146762249383e-02 1.158315620003e-02 1.169985961042e-02
 1.181774474056e-02 1.193682373469e-02 1.205710886712e-02 1.217861254393e-02
 1.230134730440e-02 1.242532582271e-02 1.255056090953e-02 1.267706551363e-02
 1.280485272361e-02 1.293393576957e-02 1.306432802479e-02 1.319604300754e-02
 1.332909438282e-02 1.346349596419e-02 1.359926171553e-02 1.373640575298e-02
 1.387494234679e-02 1.401488592319e-02 1.415625106642e-02 1.429905252066e-02
 1.444330519203e-02 1.458902415064e-02 1.473622463267e-02 1.488492204247e-02
 1.503513195469e-02 1.518687011647e-02 1.534015244962e-02 1.549499505289e-02
 1.565141420428e-02 1.580942636329e-02 1.596904817334e-02 1.613029646413e-02
 1.629318825408e-02 1.645774075286e-02 1.662397136385e-02 1.679189768673e-02
 1.696153752008e-02 1.713290886404e-02 1.730602992301e-02 1.748091910838e-02
 1.765759504135e-02 1.783607655573e-02 1.801638270089e-02 1.819853274461e-02
 1.838254617620e-02 1.856844270942e-02 1.875624228567e-02 1.894596507710e-02
 1.913763148985e-02 1.933126216732e-02 1.952687799345e-02 1.972450009620e-02
 1.992414985094e-02 2.012584888399e-02 2.032961907617e-02 2.053548256650e-02
 2.074346175589e-02 2.095357931090e-02 2.116585816764e-02 2.138032153568e-02
 2.159699290203e-02 2.181589603525e-02 2.203705498958e-02 2.226049410921e-02
 2.248623803254e-02 2.271431169664e-02 2.294474034167e-02 2.317754951549e-02
 2.341276507830e-02 2.365041320741e-02 2.389052040205e-02 2.413311348832e-02
 2.437821962419e-02 2.462586630470e-02 2.487608136713e-02 2.512889299634e-02
 2.538432973023e-02 2.564242046526e-02 2.590319446215e-02 2.616668135161e-02
 2.643291114024e-02 2.670191421652e-02 2.697372135698e-02 2.724836373237e-02
 2.752587291410e-02 2.780628088071e-02 2.808962002451e-02 2.837592315833e-02
 2.866522352246e-02 2.895755479163e-02 2.925295108228e-02 2.955144695981e-02
 2.985307744614e-02 3.015787802727e-02 3.046588466110e-02 3.077713378541e-02
 3.109166232594e-02 3.140950770463e-02 3.173070784815e-02 3.205530119644e-02
 3.238332671156e-02 3.271482388663e-02 3.304983275500e-02 3.338839389959e-02
 3.373054846241e-02 3.407633815433e-02 3.442580526495e-02 3.477899267280e-02
 3.513594385561e-02 3.549670290087e-02 3.586131451662e-02 3.622982404239e-02
 3.660227746040e-02 3.697872140703e-02 3.735920318440e-02 3.774377077231e-02
 3.813247284033e-02 3.852535876019e-02 3.892247861839e-02 3.932388322905e-02
 3.972962414702e-02 4.013975368125e-02 4.055432490847e-02 4.097339168700e-02
 4.139700867100e-02 4.182523132490e-02 4.225811593807e-02 4.269571963986e-02
 4.313810041487e-02 4.358531711855e-02 4.403742949301e-02 4.449449818322e-02
 4.495658475344e-02 4.542375170400e-02 4.589606248835e-02 4.637358153038e-02
 4.685637424219e-02 4.734450704196e-02 4.783804737236e-02 4.833706371906e-02
 4.884162562975e-02 4.935180373330e-02 4.986766975939e-02 5.038929655838e-02
 5.091675812147e-02 5.145012960130e-02 5.198948733271e-02 5.253490885394e-02
 5.308647292811e-02 5.364425956499e-02 5.420835004310e-02 5.477882693213e-02
 5.535577411565e-02 5.593927681411e-02 5.652942160815e-02 5.712629646221e-02
 5.772999074840e-02 5.834059527063e-02 5.895820228908e-02 5.958290554483e-02
 6.021480028480e-02 6.085398328692e-02 6.150055288547e-02 6.215460899673e-02
 6.281625314469e-02 6.348558848709e-02 6.416271984146e-02 6.484775371145e-02
 6.554079831317e-02 6.624196360164e-02 6.695136129743e-02 6.766910491317e-02
 6.839530978022e-02 6.913009307523e-02 6.987357384679e-02 7.062587304181e-02
 7.138711353200e-02 7.215742014003e-02 7.293691966561e-02 7.372574091125e-02
 7.452401470783e-02 7.533187393975e-02 7.614945356974e-02 7.697689066324e-02
 7.781432441228e-02 7.866189615875e-02 7.951974941712e-02 8.038802989641e-02
 8.126688552145e-02 8.215646645320e-02 8.305692510826e-02 8.396841617728e-02
 8.489109664233e-02 8.582512579303e-02 8.677066524142e-02 8.772787893538e-02
 8.869693317067e-02 8.967799660114e-02 9.067124024744e-02 9.167683750365e-02
 9.269496414206e-02 9.372579831575e-02 9.476952055888e-02 9.582631378462e-02
 9.689636328043e-02 9.797985670060e-02 9.907698405594e-02 1.001879377003e-01
 1.013129123139e-01 1.024521048830e-01 1.036057146762e-01 1.047739432169e-01
 1.059569942509e-01 1.071550737111e-01 1.083683896763e-01 1.095971523259e-01
 1.108415738899e-01 1.121018685928e-01 1.133782525927e-01 1.146709439141e-01
 1.159801623754e-01 1.173061295089e-01 1.186490684754e-01 1.200092039709e-01
 1.213867621268e-01 1.227819704019e-01 1.241950574671e-01 1.256262530816e-01
 1.270757879607e-01 1.285438936347e-01 1.300308022986e-01 1.315367466521e-01
 1.330619597305e-01 1.346066747239e-01 1.361711247874e-01 1.377555428393e-01
 1.393601613483e-01 1.409852121089e-01 1.426309260052e-01 1.442975327622e-01
 1.459852606835e-01 1.476943363775e-01 1.494249844690e-01 1.511774272974e-01
 1.529518846012e-01 1.547485731876e-01 1.565677065880e-01 1.584094946987e-01
 1.602741434055e-01 1.621618541941e-01 1.640728237446e-01 1.660072435099e-01
 1.679652992785e-01 1.699471707216e-01 1.719530309240e-01 1.739830458984e-01
 1.760373740848e-01 1.781161658331e-01 1.802195628704e-01 1.823476977519e-01
 1.845006932978e-01 1.866786620140e-01 1.888817054986e-01 1.911099138344e-01
 1.933633649680e-01 1.956421240750e-01 1.979462429147e-01 2.002757591721e-01
 2.026306957902e-01 2.050110602931e-01 2.074168441011e-01 2.098480218390e-01
 2.123045506392e-01 2.147863694411e-01 2.172933982893e-01 2.198255376310e-01
 2.223826676164e-01 2.249646474023e-01 2.275713144640e-01 2.302024839153e-01
 2.328579478414e-01 2.355374746460e-01 2.382408084175e-01 2.409676683159e-01
 2.437177479851e-01 2.464907149934e-01 2.492862103071e-01 2.521038477997e-01
 2.549432138026e-01 2.578038667012e-01 2.606853365796e-01 2.635871249209e-01
 2.665087043665e-01 2.694495185398e-01 2.724089819393e-01 2.753864799068e-01
 2.783813686760e-01 2.813929755057e-01 2.844205989053e-01 2.874635089559e-01
 2.905209477331e-01 2.935921298379e-01 2.966762430392e-01 2.997724490337e-01
 3.028798843290e-01 3.059976612526e-01 3.091248690923e-01 3.122605753724e-01
 3.154038272668e-01 3.185536531550e-01 3.217090643202e-01 3.248690567935e-01
 3.280326133432e-01 3.311987056100e-01 3.343662963869e-01 3.375343420408e-01
 3.407017950736e-01 3.438676068170e-01 3.470307302552e-01 3.501901229681e-01
 3.533447501855e-01 3.564935879405e-01 3.596356263099e-01 3.627698727271e-01
 3.658953553482e-01 3.690111264547e-01 3.721162658694e-01 3.752098843616e-01
 3.782911270161e-01 3.813591765363e-01 3.844132564495e-01 3.874526341809e-01
 3.904766239598e-01 3.934845895171e-01 3.964759465345e-01 3.994501647990e-01
 4.024067700183e-01 4.053453452465e-01 4.082655318702e-01 4.111670301037e-01
 4.140495989381e-01 4.169130554911e-01 4.197572737009e-01 4.225821823111e-01
 4.253877620893e-01 4.281740422284e-01 4.309410958764e-01 4.336890347475e-01
 4.364180027675e-01 4.391281687124e-01 4.418197178039e-01 4.444928422325e-01
 4.471477305849e-01 4.497845561634e-01 4.524034641914e-01 4.550045579148e-01
 4.575878836166e-01 4.601534145798e-01 4.627010340457e-01 4.652305172325e-01
 4.677415124965e-01 4.702335217356e-01 4.727058801567e-01 4.751577355451e-01
 4.775880272008e-01 4.799954647227e-01 4.823785068475e-01 4.847353405709e-01
 4.870638607996e-01 4.893616508052e-01 4.916259637684e-01 4.938537057231e-01
 4.960414202231e-01 4.981852750687e-01 5.002810514415e-01 5.023241357990e-01
 5.043095148853e-01 5.062317742085e-01 5.080851003263e-01 5.098632872658e-01
 5.115597473793e-01 5.131675269086e-01 5.146793264882e-01 5.160875267735e-01
 5.173842193198e-01 5.185612427736e-01 5.196102243619e-01 5.205226265795e-01
 5.212897988828e-01 5.219030340952e-01 5.223536291224e-01 5.226329494604e-01
 5.227324968596e-01 5.226439793890e-01 5.223593830212e-01 5.218710437400e-01
 5.211717190605e-01 5.202546577449e-01 5.191136664067e-01 5.177431716198e-01
 5.161382760932e-01 5.142948074458e-01 5.122093581111e-01 5.098793149391e-01
 5.073028771321e-01 5.044790612662e-01 5.014076923075e-01 4.980893797388e-01
 4.945254781668e-01 4.907180320839e-01 4.866697048131e-01 4.823836920575e-01
 4.778636209215e-01 4.731134357372e-01 4.681372725337e-01 4.629393244969e-01
 4.575237012824e-01 4.518942855462e-01 4.460545905189e-01 4.400076228710e-01
 4.337557554489e-01 4.273006147102e-01 4.206429878056e-01 4.137827542370e-01
 4.067188468333e-01 3.994492464200e-01 3.919710139860e-01 3.842803633735e-01
 3.763727765216e-01 3.682431620839e-01 3.598860568367e-01 3.512958677013e-01
 3.424671504769e-01 3.333949195454e-01 3.240749809338e-01 3.145042792749e-01
 3.046812474640e-01 2.946061462681e-01 2.842813798986e-01 2.737117727078e-01
 2.629047918228e-01 2.518707007727e-01 2.406226300966e-01 2.291765525947e-01
 2.175511533556e-01 2.057675879723e-01 1.938491264138e-01 1.818206847893e-01
 1.697082525993e-01 1.575382288427e-01 1.453366863167e-01 1.331285893307e-01
 1.209369955241e-01 1.087822771879e-01 9.668140104749e-02 8.464730749200e-02
 7.268843037315e-02 6.080839642221e-02 4.900593881247e-02 3.727505228978e-02
 2.560540760994e-02 1.398303092487e-02 2.391239601780e-03 -9.188189709049e-03
 -2.077366137244e-02 -3.238226630192e-02 -4.402822458526e-02 -5.572134957415e-02
 -6.746562661223e-02 -7.925800346083e-02 -9.108748739551e-02 -1.029346350838e-01
 -1.147715052826e-01 -1.265621211559e-01 -1.382634592209e-01 -1.498269468293e-01
 -1.612004115792e-01 -1.723303866498e-01 -1.831646388055e-01 -1.936547541335e-01
 -2.037585939923e-01 -2.134424235194e-01 -2.226825202086e-01 -2.314660924585e-01
 -2.397913782907e-01 -2.476668517191e-01 -2.551095358029e-01 -2.621425026027e-01
 -2.687917246594e-01 -2.750825223274e-01 -2.810359174701e-01 -2.866652476941e-01
 -2.919734082943e-01 -2.969510651772e-01 -3.015761180141e-01 -3.058145895921e-01
 -3.096229803265e-01 -3.129519668032e-01 -3.157511553550e-01 -3.179744451402e-01
 -3.195854311499e-01 -3.205622068573e-01 -3.209009265344e-01 -3.206175700414e-01
 -3.197475204898e-01 -3.183428085725e-01 -3.164671751580e-01 -3.141894227038e-01
 -3.115758235940e-01 -3.086825822336e-01 -3.055494618202e-01 -3.021956493967e-01
 -2.986187243279e-01 -2.947972197653e-01 -2.906967562469e-01 -2.862791423411e-01
 -2.815132646141e-01 -2.763861281454e-01 -2.709121590907e-01 -2.651389236483e-01
 -2.591477967967e-01 -2.530488188149e-01 -2.469699333888e-01 -2.410418702062e-01
 -2.353809297463e-01 -2.300726382807e-01 -2.251594726908e-01 -2.206354738202e-01
 -2.164495426990e-01 -2.125176476208e-01 -2.087423030290e-01 -2.050358714623e-01
 -2.013429059516e-01 -1.976562868620e-01 -1.940225850153e-01 -1.905339546495e-01
 -1.873066963668e-01 -1.844499133863e-01 -1.820306720450e-01 -1.800439449026e-01
 -1.783956544568e-01 -1.769049760187e-01 -1.753278471291e-01 -1.733981177886e-01
 -1.708772458239e-01 -1.675994750180e-01 -1.634985147499e-01 -1.586047932432e-01
 -1.530093293816e-01 -1.467999008027e-01 -1.399850338716e-01 -1.324274631238e-01
 -1.238008968800e-01 -1.135273359204e-01 -1.005110633368e-01 -8.262432567882e-02
 -5.754731498041e-02 -2.800719880972e-02 -5.977220648302e-03
                Type                   L                   N
                   0                   2                   0

 -1.329133730069e-05 -1.355988025793e-05 -1.383381061380e-05 -1.411327929774e-05
 -1.439841313969e-05 -1.468927809370e-05 -1.498595262288e-05 -1.528869197895e-05
 -1.559762112435e-05 -1.591269076845e-05 -1.623415535714e-05 -1.656203750724e-05
 -1.689663723086e-05 -1.723795987485e-05 -1.758621405045e-05 -1.794145077838e-05
 -1.830387803356e-05 -1.867366070506e-05 -1.905086449616e-05 -1.943571832101e-05
 -1.982837563965e-05 -2.022890667850e-05 -2.063753721990e-05 -2.105445535521e-05
 -2.147977186415e-05 -2.191370107895e-05 -2.235633380663e-05 -2.280794885459e-05
 -2.326872809880e-05 -2.373871493696e-05 -2.421832121729e-05 -2.470753445916e-05
 -2.520667948628e-05 -2.571587578884e-05 -2.623534017871e-05 -2.676535205051e-05
 -2.730600700400e-05 -2.785763662973e-05 -2.842038959293e-05 -2.899448862432e-05
 -2.958018142318e-05 -3.017775023838e-05 -3.078735177530e-05 -3.140930567112e-05
 -3.204378398768e-05 -3.269111656293e-05 -3.335149954519e-05 -3.402522976144e-05
 -3.471255820223e-05 -3.541377782918e-05 -3.612917781519e-05 -3.685899666972e-05
 -3.760356688232e-05 -3.836318944926e-05 -3.913817800963e-05 -3.992878857203e-05
 -4.073538044038e-05 -4.155826601463e-05 -4.239775941077e-05 -4.325422358875e-05
 -4.412800431891e-05 -4.501942314027e-05 -4.592884743324e-05 -4.685661463682e-05
 -4.780315889376e-05 -4.876880775839e-05 -4.975395624952e-05 -5.075903882031e-05
 -5.178439567748e-05 -5.283046470721e-05 -5.389767221585e-05 -5.498642045577e-05
 -5.609717817552e-05 -5.723037138530e-05 -5.838645829774e-05 -5.956588589137e-05
 -6.076914277820e-05 -6.199669751986e-05 -6.324907552074e-05 -6.452671324289e-05
 -6.583018453219e-05 -6.715997744925e-05 -6.851662392212e-05 -6.990068037584e-05
 -7.131268026061e-05 -7.275322517868e-05 -7.422284900801e-05 -7.572217795391e-05
 -7.725176994005e-05 -7.881227421391e-05 -8.040428523518e-05 -8.202846664075e-05
 -8.368544061483e-05 -8.537588955287e-05 -8.710049434506e-05 -8.885991625408e-05
 -9.065488801057e-05 -9.248610804131e-05 -9.435432735977e-05 -9.626027161592e-05
 -9.820470584605e-05 -1.001884315209e-04 -1.022122190788e-04 -1.042768868863e-04
 -1.063832479796e-04 -1.085321557574e-04 -1.107244715347e-04 -1.129610624026e-04
 -1.152428365839e-04 -1.175706927554e-04 -1.199455565061e-04 -1.223683947285e-04
 -1.248401783053e-04 -1.273618776128e-04 -1.299345065966e-04 -1.325591039877e-04
 -1.352366899037e-04 -1.379683765919e-04 -1.407552247573e-04 -1.435983696308e-04
 -1.464989332815e-04 -1.494580752201e-04 -1.524769817433e-04 -1.555568631275e-04
 -1.586989453761e-04 -1.619044871856e-04 -1.651747715911e-04 -1.685111067284e-04
 -1.719148184554e-04 -1.753872669792e-04 -1.789298536921e-04 -1.825439875864e-04
 -1.862311033807e-04 -1.899926876492e-04 -1.938302346862e-04 -1.977452868418e-04
 -2.017394028206e-04 -2.058141862157e-04 -2.099712523391e-04 -2.142122746433e-04
 -2.185389409294e-04 -2.229529780188e-04 -2.274561630907e-04 -2.320502873505e-04
 -2.367371772201e-04 -2.415187259094e-04 -2.463968252987e-04 -2.513734366630e-04
 -2.564505455026e-04 -2.616301740109e-04 -2.669143957379e-04 -2.723053253627e-04
 -2.778051119206e-04 -2.834159591698e-04 -2.891401047840e-04 -2.949798325763e-04
 -3.009374789293e-04 -3.070154218688e-04 -3.132160900606e-04 -3.195419600539e-04
 -3.259955619940e-04 -3.325794696363e-04 -3.392963126760e-04 -3.461487788958e-04
 -3.531395991756e-04 -3.602715684126e-04 -3.675475355697e-04 -3.749704035297e-04
 -3.825431392016e-04 -3.902687665666e-04 -3.981503681023e-04 -4.061910945820e-04
 -4.143941510410e-04 -4.227628221251e-04 -4.313004387887e-04 -4.400104159365e-04
 -4.488962287421e-04 -4.579614271409e-04 -4.672096254071e-04 -4.766445172752e-04
 -4.862698706715e-04 -4.960895252911e-04 -5.061074023223e-04 -5.163274974261e-04
 -5.267538927247e-04 -5.373907462336e-04 -5.482423039179e-04 -5.593128963825e-04
 -5.706069396996e-04 -5.821289415498e-04 -5.938834977125e-04 -6.058752983326e-04
 -6.181091282446e-04 -6.305898656192e-04 -6.433224910724e-04 -6.563120829363e-04
 -6.695638199556e-04 -6.830829894190e-04 -6.968749822663e-04 -7.109452965892e-04
 -7.252995467167e-04 -7.399434530434e-04 -7.548828533767e-04 -7.701237070011e-04
 -7.856720865646e-04 -8.015341907530e-04 -8.177163435503e-04 -8.342249907996e-04
 -8.510667160284e-04 -8.682482272185e-04 -8.857763735751e-04 -9.036581353975e-04
 -9.219006411946e-04 -9.405111536342e-04 -9.594970908613e-04 -9.788660118182e-04
 -9.986256319859e-04 -1.018783818244e-03 -1.039348599998e-03 -1.060328165971e-03
 -1.081730865898e-03 -1.103565222058e-03 -1.125839924609e-03 -1.148563839401e-03
 -1.171746010313e-03 -1.195395661890e-03 -1.219522204529e-03 -1.244135235287e-03
 -1.269244546566e-03 -1.294860126025e-03 -1.320992159409e-03 -1.347651040403e-03
 -1.374847368241e-03 -1.402591954805e-03 -1.430895830354e-03 -1.459770243882e-03
 -1.489226670615e-03 -1.519276815737e-03 -1.549932617182e-03 -1.581206255506e-03
 -1.613110150922e-03 -1.645656974228e-03 -1.678859649103e-03 -1.712731358568e-03
 -1.747285548114e-03 -1.782535933074e-03 -1.818496501167e-03 -1.855181521024e-03
 -1.892605547269e-03 -1.930783422057e-03 -1.969730288071e-03 -2.009461586248e-03
 -2.049993068405e-03 -2.091340800193e-03 -2.133521166681e-03 -2.176550881035e-03
 -2.220446988482e-03 -2.265226875608e-03 -2.310908273485e-03 -2.357509268537e-03
 -2.405048305224e-03 -2.453544197181e-03 -2.503016131742e-03 -2.553483677043e-03
 -2.604966792933e-03 -2.657485833203e-03 -2.711061559124e-03 -2.765715142762e-03
 -2.821468177642e-03 -2.878342685639e-03 -2.936361125924e-03 -2.995546404023e-03
 -3.055921878880e-03 -3.117511373419e-03 -3.180339182730e-03 -3.244430083152e-03
 -3.309809341968e-03 -3.376502727212e-03 -3.444536515923e-03 -3.513937505660e-03
 -3.584733023837e-03 -3.656950938435e-03 -3.730619666906e-03 -3.805768189637e-03
 -3.882426057680e-03 -3.960623405903e-03 -4.040390963185e-03 -4.121760063845e-03
 -4.204762660377e-03 -4.289431333708e-03 -4.375799306059e-03 -4.463900453705e-03
 -4.553769318270e-03 -4.645441120449e-03 -4.738951772127e-03 -4.834337890761e-03
 -4.931636811270e-03 -5.030886600852e-03 -5.132126072212e-03 -5.235394797992e-03
 -5.340733125121e-03 -5.448182189010e-03 -5.557783929030e-03 -5.669581103959e-03
 -5.783617305730e-03 -5.899936976706e-03 -6.018585425437e-03 -6.139608841806e-03
 -6.263054314737e-03 -6.388969848255e-03 -6.517404378695e-03 -6.648407791981e-03
 -6.782030941206e-03 -6.918325664756e-03 -7.057344804149e-03 -7.199142223136e-03
 -7.343772825677e-03 -7.491292576061e-03 -7.641758517082e-03 -7.795228790985e-03
 -7.951762658657e-03 -8.111420520652e-03 -8.274263937468e-03 -8.440355650290e-03
 -8.609759603349e-03 -8.782540964256e-03 -8.958766147251e-03 -9.138502834872e-03
 -9.321820000812e-03 -9.508787932548e-03 -9.699478255631e-03 -9.893963956537e-03
 -1.009231940717e-02 -1.029462038898e-02 -1.050094411810e-02 -1.071136927029e-02
 -1.092597600620e-02 -1.114484599765e-02 -1.136806245344e-02 -1.159571014585e-02
 -1.182787543809e-02 -1.206464631086e-02 -1.230611239062e-02 -1.255236497704e-02
 -1.280349707156e-02 -1.305960340614e-02 -1.332078047221e-02 -1.358712655026e-02
 -1.385874173928e-02 -1.413572798713e-02 -1.441818912094e-02 -1.470623087786e-02
 -1.499996093620e-02 -1.529948894718e-02 -1.560492656623e-02 -1.591638748553e-02
 -1.623398746664e-02 -1.655784437270e-02 -1.688807820194e-02 -1.722481112119e-02
 -1.756816749939e-02 -1.791827394142e-02 -1.827525932279e-02 -1.863925482376e-02
 -1.901039396456e-02 -1.938881264003e-02 -1.977464915523e-02 -2.016804426077e-02
 -2.056914118868e-02 -2.097808568821e-02 -2.139502606194e-02 -2.182011320206e-02
 -2.225350062695e-02 -2.269534451735e-02 -2.314580375338e-02 -2.360503995113e-02
 -2.407321749929e-02 -2.455050359630e-02 -2.503706828696e-02 -2.553308449942e-02
 -2.603872808188e-02 -2.655417783944e-02 -2.707961557064e-02 -2.761522610402e-02
 -2.816119733456e-02 -2.871772025968e-02 -2.928498901521e-02 -2.986320091117e-02
 -3.045255646687e-02 -3.105325944607e-02 -3.166551689150e-02 -3.228953915889e-02
 -3.292553995069e-02 -3.357373634916e-02 -3.423434884874e-02 -3.490760138794e-02
 -3.559372138034e-02 -3.629293974497e-02 -3.700549093577e-02 -3.773161297013e-02
 -3.847154745641e-02 -3.922553962055e-02 -3.999383833146e-02 -4.077669612510e-02
 -4.157436922763e-02 -4.238711757657e-02 -4.321520484136e-02 -4.405889844143e-02
 -4.491846956345e-02 -4.579419317628e-02 -4.668634804439e-02 -4.759521673912e-02
 -4.852108564808e-02 -4.946424498226e-02 -5.042498878090e-02 -5.140361491387e-02
 -5.240042508167e-02 -5.341572481262e-02 -5.444982345734e-02 -5.550303418030e-02
 -5.657567394818e-02 -5.766806351518e-02 -5.878052740485e-02 -5.991339388829e-02
 -6.106699495896e-02 -6.224166630325e-02 -6.343774726733e-02 -6.465558081964e-02
 -6.589551350894e-02 -6.715789541799e-02 -6.844308011227e-02 -6.975142458379e-02
 -7.108328918980e-02 -7.243903758609e-02 -7.381903665469e-02 -7.522365642576e-02
 -7.665326999357e-02 -7.810825342612e-02 -7.958898566830e-02 -8.109584843841e-02
 -8.262922611771e-02 -8.418950563268e-02 -8.577707632997e-02 -8.739232984351e-02
 -8.903565995382e-02 -9.070746243898e-02 -9.240813491710e-02 -9.413807668015e-02
 -9.589768851865e-02 -9.768737253710e-02 -9.950753195977e-02 -1.013585709267e-01
 -1.032408942797e-01 -1.051549073371e-01 -1.071010156592e-01 -1.090796248015e-01
 -1.110911400568e-01 -1.131359661864e-01 -1.152145071386e-01 -1.173271657558e-01
 -1.194743434683e-01 -1.216564399759e-01 -1.238738529167e-01 -1.261269775221e-01
 -1.284162062586e-01 -1.307419284555e-01 -1.331045299186e-01 -1.355043925303e-01
 -1.379418938335e-01 -1.404174066028e-01 -1.429312983988e-01 -1.454839311083e-01
 -1.480756604689e-01 -1.507068355776e-01 -1.533777983842e-01 -1.560888831686e-01
 -1.588404160016e-01 -1.616327141905e-01 -1.644660857076e-01 -1.673408286028e-01
 -1.702572304002e-01 -1.732155674777e-01 -1.762161044306e-01 -1.792590934192e-01
 -1.823447735000e-01 -1.854733699405e-01 -1.886450935186e-01 -1.918601398061e-01
 -1.951186884366e-01 -1.984209023581e-01 -2.017669270710e-01 -2.051568898511e-01
 -2.085908989590e-01 -2.120690428350e-01 -2.155913892815e-01 -2.191579846323e-01
 -2.227688529103e-01 -2.264239949732e-01 -2.301233876491e-01 -2.338669828620e-01
 -2.376547067484e-01 -2.414864587655e-01 -2.453621107925e-01 -2.492815062257e-01
 -2.532444590690e-01 -2.572507530199e-01 -2.613001405532e-01 -2.653923420038e-01
 -2.695270446489e-01 -2.737039017924e-01 -2.779225318520e-01 -2.821825174511e-01
 -2.864834045168e-01 -2.908247013864e-01 -2.952058779228e-01 -2.996263646430e-01
 -3.040855518586e-01 -3.085827888329e-01 -3.131173829557e-01 -3.176885989369e-01
 -3.222956580225e-01 -3.269377372353e-01 -3.316139686406e-01 -3.363234386416e-01
 -3.410651873051e-01 -3.458382077209e-01 -3.506414453969e-01 -3.554737976922e-01
 -3.603341132912e-01 -3.652211917200e-01 -3.701337829098e-01 -3.750705868071e-01
 -3.800302530351e-01 -3.850113806089e-01 -3.900125177050e-01 -3.950321614903e-01
 -4.000687580111e-01 -4.051207021454e-01 -4.101863376214e-01 -4.152639571029e-01
 -4.203518023468e-01 -4.254480644324e-01 -4.305508840668e-01 -4.356583519673e-01
 -4.407685093253e-01 -4.458793483511e-01 -4.509888129046e-01 -4.560947992134e-01
 -4.611951566797e-01 -4.662876887801e-01 -4.713701540589e-01 -4.764402672196e-01
 -4.814957003146e-01 -4.865340840377e-01 -4.915530091211e-01 -4.965500278399e-01
 -5.015226556271e-01 -5.064683728019e-01 -5.113846264149e-01 -5.162688322129e-01
 -5.211183767275e-01 -5.259306194909e-01 -5.307028953827e-01 -5.354325171121e-01
 -5.401167778397e-01 -5.447529539436e-01 -5.493383079342e-01 -5.538700915229e-01
 -5.583455488497e-01 -5.627619198749e-01 -5.671164439400e-01 -5.714063635030e-01
 -5.756289280531e-01 -5.797813982104e-01 -5.838610500141e-01 -5.878651794040e-01
 -5.917911068990e-01 -5.956361824744e-01 -5.993977906412e-01 -6.030733557261e-01
 -6.066603473525e-01 -6.101562861191e-01 -6.135587494708e-01 -6.168653777551e-01
 -6.200738804535e-01 -6.231820425741e-01 -6.261877311885e-01 -6.290889020915e-01
 -6.318836065593e-01 -6.345699981733e-01 -6.371463396758e-01 -6.396110098148e-01
 -6.419625101305e-01 -6.441994716286e-01 -6.463206612813e-01 -6.483249882849e-01
 -6.502115100022e-01 -6.519794375049e-01 -6.536281406275e-01 -6.551571524376e-01
 -6.565661730174e-01 -6.578550724508e-01 -6.590238929011e-01 -6.600728496618e-01
 -6.610023310614e-01 -6.618128971006e-01 -6.625052767019e-01 -6.630803634541e-01
 -6.635392097408e-01 -6.638830191484e-01 -6.641131370633e-01 -6.642310393799e-01
 -6.642383192618e-01 -6.641366719203e-01 -6.639278773996e-01 -6.636137813917e-01
 -6.631962741359e-01 -6.626772674979e-01 -6.620586703676e-01 -6.613423625602e-01
 -6.605301674540e-01 -6.596238236534e-01 -6.586249560175e-01 -6.575350464492e-01
 -6.563554048953e-01 -6.550871410606e-01 -6.537311373852e-01 -6.522880238812e-01
 -6.507581554580e-01 -6.491415923953e-01 -6.474380846344e-01 -6.456470605619e-01
 -6.437676209449e-01 -6.417985386408e-01 -6.397382646526e-01 -6.375849410220e-01
 -6.353364209546e-01 -6.329902964424e-01 -6.305439335001e-01 -6.279945149579e-01
 -6.253390905496e-01 -6.225746338211e-01 -6.196981051404e-01 -6.167065198442e-01
 -6.135970202964e-01 -6.103669503755e-01 -6.070139306600e-01 -6.035359323522e-01
 -5.999313477767e-01 -5.961990551346e-01 -5.923384750862e-01 -5.883496166961e-01
 -5.842331103154e-01 -5.799902251015e-01 -5.756228691056e-01 -5.711335701930e-01
 -5.665254365056e-01 -5.618020957352e-01 -5.569676131403e-01 -5.520263890021e-01
 -5.469830370610e-01 -5.418422463819e-01 -5.366086300306e-01 -5.312865648824e-01
 -5.258800277681e-01 -5.203924339609e-01 -5.148264846588e-01 -5.091840305748e-01
 -5.034659589517e-01 -4.976721112232e-01 -4.918012381038e-01 -4.858509980742e-01
 -4.798180040073e-01 -4.736979210627e-01 -4.674856169730e-01 -4.611753634980e-01
 -4.547610852082e-01 -4.482366489655e-01 -4.415961846316e-01 -4.348344247951e-01
 -4.279470488473e-01 -4.209310147349e-01 -4.137848603682e-01 -4.065089561557e-01
 -3.991056906281e-01 -3.915795727488e-01 -3.839372373505e-01 -3.761873442136e-01
 -3.683403665408e-01 -3.604082708150e-01 -3.524040970116e-01 -3.443414555004e-01
 -3.362339642712e-01 -3.280946568250e-01 -3.199353966162e-01 -3.117663377096e-01
 -3.035954727864e-01 -2.954283083011e-01 -2.872677021283e-01 -2.791138912960e-01
 -2.709647264815e-01 -2.628161162294e-01 -2.546626680402e-01 -2.464984965555e-01
 -2.383181523209e-01 -2.301176095013e-01 -2.218952390595e-01 -2.136526868394e-01
 -2.053955751123e-01 -1.971339524646e-01 -1.888824309292e-01 -1.806599707927e-01
 -1.724893015544e-01 -1.643960002281e-01 -1.564072828964e-01 -1.485505988190e-01
 -1.408521446816e-01 -1.333354359076e-01 -1.260200788331e-01 -1.189208793427e-01
 -1.120473989490e-01 -1.054040287539e-01 -9.899059776040e-02 -9.280346927405e-02
 -8.683701425037e-02 -8.108529147700e-02 -7.554372012527e-02 -7.021050873533e-02
 -6.508761266677e-02 -6.018103301776e-02 -5.550034342412e-02 -5.105743154367e-02
 -4.686455890231e-02 -4.293196115468e-02 -3.926531269854e-02 -3.586344622453e-02
 -3.271673258022e-02 -2.980647803565e-02 -2.710558180008e-02 -2.458052424102e-02
 -2.219454500670e-02 -1.991164999399e-02 -1.770089404557e-02 -1.554026170437e-02
 -1.341944578469e-02 -1.134092500422e-02 -9.318970162566e-03 -7.376541966413e-03
 -5.540436174809e-03 -3.835415817872e-03 -2.278366705301e-03 -8.736445947708e-04
 3.893070579752e-04 1.535321987689e-03 2.599658820793e-03 3.621411924489e-03
 4.635350293428e-03 5.663881491887e-03 6.711063202377e-03 7.760390009411e-03
 8.777431318656e-03 9.717356182472e-03 1.053613308913e-02 1.120301147488e-02
 1.171109566028e-02 1.208270218910e-02 1.236692772356e-02 1.262843951709e-02
 1.292869648466e-02 1.330315664587e-02 1.373991102864e-02 1.416587653109e-02
 1.444475860938e-02 1.438128848665e-02 1.370042003026e-02 1.197776607107e-02
 8.757905793782e-03 4.415313676149e-03 9.632941512427e-04