0.000000000000 0.089352268893 -0.322738373971 0.000000000000 0.000000000000 0.000000000000
0.010000000000 0.089396723646 -0.322681517184 0.009344594386 0.006699459554 -0.000164269265
0.020000000000 0.089530156344 -0.322510923848 0.018657271018 0.013391916454 -0.000656758055
0.030000000000 0.089752771508 -0.322226525394 0.027906348075 0.020070416374 -0.001476510424
0.040000000000 0.090064907336 -0.321828208707 0.037060613673 0.026728101234 -0.002621936914
0.050000000000 0.090467031738 -0.321315817860 0.046089556008 0.033358256325 -0.004090820151
0.060000000000 0.090959736817 -0.320689156530 0.054963587767 0.039954356237 -0.005880322673
0.070000000000 0.091543731856 -0.319947991072 0.063654262954 0.046510109219 -0.007986996917
0.080000000000 0.092219834878 -0.319092054221 0.072134484382 0.053019499582 -0.010406797310
0.090000000000 0.092988962828 -0.318121049410 0.080378700124 0.059476827829 -0.013135094405
0.100000000000 0.093852120482 -0.317034655651 0.088363087329 0.065876748145 -0.016166690985
0.110000000000 0.094810388165 -0.315832532958 0.096065721934 0.072214302958 -0.019495840048
0.120000000000 0.095864908386 -0.314514328258 0.103466732884 0.078484954288 -0.023116264572
0.130000000000 0.097016871499 -0.313079681761 0.110548439640 0.084684611613 -0.027021178963
0.140000000000 0.098267500519 -0.311528233716 0.117295471897 0.090809656052 -0.031203312075
0.150000000000 0.099618035205 -0.309859631531 0.123694870549 0.096856960638 -0.035654931666
0.160000000000 0.101069715570 -0.308073537174 0.129736169156 0.102823906555 -0.040367870179
0.170000000000 0.102623764932 -0.306169634817 0.135411455283 0.108708395181 -0.045333551713
0.180000000000 0.104281372663 -0.304147638664 0.140715411286 0.114508855877 -0.050543020032
0.190000000000 0.106043676781 -0.302007300895 0.145645334281 0.120224249438 -0.055986967495
0.200000000000 0.107911746522 -0.299748419667 0.150201135204 0.125854067222 -0.061655764736
0.210000000000 0.109886565056 -0.297370847122 0.154385317066 0.131398325943 -0.067539490969
0.220000000000 0.111969012478 -0.294874497330 0.158202932670 0.136857558218 -0.073627964757
0.230000000000 0.114159849220 -0.292259354108 0.161661522219 0.142232798932 -0.079910775104
0.240000000000 0.116459700035 -0.289525478666 0.164771031442 0.147525567572 -0.086377312722
0.250000000000 0.118869038673 -0.286673017013 0.167543711003 0.152737846680 -0.093016801330
0.260000000000 0.121388173388 -0.283702207067 0.169993998119 0.157872056620 -0.099818328832
0.270000000000 0.124017233401 -0.280613385425 0.172138381474 0.162931026891 -0.106770878259
0.280000000000 0.126756156417 -0.277406993734 0.173995250629 0.167917964234 -0.113863358314
0.290000000000 0.129604677324 -0.274083584616 0.175584731281 0.172836417821 -0.121084633411
0.300000000000 0.132562318159 -0.270643827114 0.176928507812 0.177690241816 -0.128423553075
0.310000000000 0.135628379416 -0.267088511599 0.178049634691 0.182483555653 -0.135868980595
0.320000000000 0.138801932791 -0.263418554129 0.178972338371 0.187220702362 -0.143409820812
0.330000000000 0.142081815415 -0.259635000194 0.179721811388 0.191906205301 -0.151035046951
0.340000000000 0.145466625620 -0.255739027857 0.180324000439 0.196544723674 -0.158733726397
0.350000000000 0.148954720287 -0.251731950242 0.180805390252 0.201141007207 -0.166495045335
0.360000000000 0.152544213794 -0.247615217355 0.181192785080 0.205699850375 -0.174308332178
0.370000000000 0.156232978574 -0.243390417243 0.181513089675 0.210226046555 -0.182163079725
0.380000000000 0.160018647283 -0.239059276457 0.181793091572 0.214724342503 -0.190048965976
0.390000000000 0.163898616570 -0.234623659842 0.182059246518 0.219199393531 -0.197955873586
0.400000000000 0.167870052406 -0.230085569630 0.182337468799 0.223655719756 -0.205873907885
0.410000000000 0.171929896944 -0.225447143874 0.182652928216 0.228097663788 -0.213793413481
0.420000000000 0.176074876853 -0.220710654202 0.183029855348 0.232529350197 -0.221704989387
0.430000000000 0.180301513062 -0.215878502937 0.183491356691 0.236954647095 -0.229599502699
0.440000000000 0.184606131839 -0.210953219581 0.184059241129 0.241377130148 -0.237468100800
0.450000000000 0.188984877117 -0.205937456709 0.184753859128 0.245800049291 -0.245302222122
0.460000000000 0.193433723969 -0.200833985286 0.185593955889 0.250226298421 -0.253093605471
0.470000000000 0.197948493135 -0.195645689447 0.186596539578 0.254658388307 -0.260834297946
0.480000000000 0.202524866485 -0.190375560780 0.187776765619 0.259098422903 -0.268516661492
0.490000000000 0.207158403292 -0.185026692149 0.189147837878 0.263548079266 -0.276133378112
0.500000000000 0.211844557195 -0.179602271097 0.190720927414 0.268008591204 -0.283677453813
0.510000000000 0.216578693731 -0.174105572880 0.192505109328 0.272480736769 -0.291142221307
0.520000000000 0.221356108277 -0.168539953175 0.194507318059 0.276964829672 -0.298521341559
0.530000000000 0.226172044293 -0.162908840517 0.196732321326 0.281460714668 -0.305808804209
0.540000000000 0.231021711713 -0.157215728501 0.199182712751 0.285967766907 -0.312998926972
0.550000000000 0.235900305348 -0.151464167826 0.201858923024 0.290484895232 -0.320086354056
0.560000000000 0.240803023160 -0.145657758202 0.204759249320 0.295010549362 -0.327066053684
0.570000000000 0.245725084286 -0.139800140192 0.207879902519 0.299542730859 -0.333933314793
0.580000000000 0.250661746664 -0.133894987040 0.211215071622 0.304079007770 -0.340683742985
0.590000000000 0.255608324142 -0.127945996522 0.214757004621 0.308616532764 -0.347313255791
0.600000000000 0.260560202944 -0.121956882882 0.218496104926 0.313152064599 -0.353818077352
0.610000000000 0.265512857383 -0.115931368895 0.222421042351 0.317681992687 -0.360194732556
0.620000000000 0.270461864706 -0.109873178105 0.226518877504 0.322202364538 -0.366440040728
0.630000000000 0.275402918972 -0.103786027277 0.230775198360 0.326708915799 -0.372551108930
0.640000000000 0.280331843876 -0.097673619111 0.235174267672 0.331197102629 -0.378525324945
0.650000000000 0.285244604430 -0.091539635255 0.239699179789 0.335662136092 -0.384360349999
0.660000000000 0.290137317439 -0.085387729640 0.244332025416 0.340099018260 -0.390054111295
0.670000000000 0.295006260698 -0.079221522189 0.249054062748 0.344502579700 -0.395604794395
0.680000000000 0.299847880880 -0.073044592914 0.253845893406 0.348867518011 -0.401010835528
0.690000000000 0.304658800051 -0.066860476424 0.258687641559 0.353188437057 -0.406270913843
0.700000000000 0.309435820811 -0.060672656875 0.263559134601 0.357459886570 -0.411383943673
0.710000000000 0.314175930037 -0.054484563376 0.268440083774 0.361676401757 -0.416349066825
0.720000000000 0.318876301215 -0.048299565851 0.273310263127 0.365832542587 -0.421165644957
0.730000000000 0.323534295390 -0.042120971387 0.278149685229 0.369922932411 -0.425833252033
0.740000000000 0.328147460743 -0.035952021053 0.282938772132 0.373942295597 -0.430351666909
0.750000000000 0.332713530829 -0.029795887204 0.287658520096 0.377885493858 -0.434720866055
0.760000000000 0.337230421523 -0.023655671260 0.292290656694 0.381747560978 -0.438941016419
0.770000000000 0.341696226721 -0.017534401954 0.296817788980 0.385523735656 -0.443012468448
0.780000000000 0.346109212875 -0.011435034041 0.301223541508 0.389209492200 -0.446935749275
0.790000000000 0.350467812414 -0.005360447453 0.305492683086 0.392800568831 -0.450711556054
0.800000000000 0.354770616151 0.000686553121 0.309611241278 0.396292993394 -0.454340749451
0.810000000000 0.359016364755 0.006703238249 0.313566603772 0.399683106255 -0.457824347279
0.820000000000 0.363203939393 0.012686953380 0.317347605875 0.402967580258 -0.461163518270
0.830000000000 0.367332351628 0.018635118118 0.320944603518 0.406143437571 -0.464359575952
0.840000000000 0.371400732706 0.024545225158 0.324349531317 0.409208063342 -0.467413972639
0.850000000000 0.375408322319 0.030414838933 0.327555945341 0.412159216068 -0.470328293497
0.860000000000 0.379354456971 0.036241593980 0.330559050416 0.414995034644 -0.473104250671
0.870000000000 0.383238558060 0.042023193087 0.333355711926 0.417714042075 -0.475743677460
0.880000000000 0.387060119796 0.047757405224 0.335944452194 0.420315145856 -0.478248522501
0.890000000000 0.390818697069 0.053442063323 0.338325431720 0.422797635077 -0.480620843955
0.900000000000 0.394513893383 0.059075061916 0.340500415617 0.425161174315 -0.482862803676
0.910000000000 0.398145348968 0.064654354689 0.342472725783 0.427405794432 -0.484976661323
0.920000000000 0.401712729191 0.070177951967 0.344247179443 0.429531880387 -0.486964768417
0.930000000000 0.405215713354 0.075643918182 0.345830014804 0.431540156231 -0.488829562320
0.940000000000 0.408653983998 0.081050369341 0.347228804705 0.433431667462 -0.490573560108
0.950000000000 0.412027216797 0.086395470542 0.348452359221 0.435207760937 -0.492199352342
0.960000000000 0.415335071134 0.091677433557 0.349510618283 0.436870062563 -0.493709596720
0.970000000000 0.418577181444 0.096894514519 0.350414535456 0.438420453003 -0.495107011593
0.980000000000 0.421753149389 0.102045011732 0.351175954079 0.439861041663 -0.496394369359
0.990000000000 0.424862536937 0.107127263636 0.351807477037 0.441194139205 -0.497574489719
1.000000000000 0.427904860392 0.112139646949 0.352322331470 0.442422228884 -0.498650232798
1.010000000000 0.430879585429 0.117080574999 0.352734229770 0.443547936981 -0.499624492150
1.020000000000 0.433786123167 0.121948496277 0.353057228212 0.444574002626 -0.500500187636
1.030000000000 0.436623827300 0.126741893202 0.353305584608 0.445503247304 -0.501280258207
1.040000000000 0.439391992308 0.131459281141 0.353493616315 0.446338544327 -0.501967654594
1.050000000000 0.442089852745 0.136099207668 0.353635559965 0.447082788573 -0.502565331931
1.060000000000 0.444716583614 0.140660252069 0.353745434204 0.447738866764 -0.503076242336
1.070000000000 0.447271301793 0.145141025118 0.353836906717 0.448309628553 -0.503503327470
1.080000000000 0.449753068501 0.149540169094 0.353923166737 0.448797858700 -0.503849511101
1.090000000000 0.452160892762 0.153856358060 0.354016804188 0.449206250567 -0.504117691718
1.100000000000 0.454493735830 0.158088298380 0.354129696520 0.449537381171 -0.504310735211
1.110000000000 0.456750516515 0.162234729479 0.354272904220 0.449793688026 -0.504431467658
1.120000000000 0.458930117347 0.166294424829 0.354456575877 0.449977447944 -0.504482668268
1.130000000000 0.461031391526 0.170266193145 0.354689863593 0.450090757994 -0.504467062495
1.140000000000 0.463053170557 0.174148879780 0.354980849408 0.450135518765 -0.504387315381
1.150000000000 0.464994272516 0.177941368304 0.355336483303 0.450113420056 -0.504246025163
1.160000000000 0.466853510839 0.181642582228 0.355762533223 0.450025929111 -0.504045717171
1.170000000000 0.468629703557 0.185251486887 0.356263547446 0.449874281465 -0.503788838071
1.180000000000 0.470321682876 0.188767091421 0.356842829500 0.449659474472 -0.503477750485
1.190000000000 0.471928305008 0.192188450857 0.357502425699 0.449382263521 -0.503114728021
1.200000000000 0.473448460154 0.195514668257 0.358243125266 0.449043160965 -0.502701950744
1.210000000000 0.474881082537 0.198744896910 0.359064472863 0.448642437722 -0.502241501137
1.220000000000 0.476225160392 0.201878342535 0.359964793262 0.448180127508 -0.501735360560
1.230000000000 0.477479745812 0.204914265481 0.360941227743 0.447656033624 -0.501185406249
1.240000000000 0.478643964351 0.207851982891 0.361989781725 0.447069738198 -0.500593408868
1.250000000000 0.479717024292 0.210690870807 0.363105383024 0.446420613773 -0.499961030645
1.260000000000 0.480698225499 0.213430366188 0.364281950019 0.445707837079 -0.499289824092
1.270000000000 0.481586967756 0.216069968830 0.365512468947 0.444930404852 -0.498581231337
1.280000000000 0.482382758517 0.218609243145 0.366789079453 0.444087151506 -0.497836584065
1.290000000000 0.483085220003 0.221047819796 0.368103167448 0.443176768464 -0.497057104069
1.300000000000 0.483694095560 0.223385397166 0.369445464273 0.442197824950 -0.496243904424
1.310000000000 0.484209255236 0.225621742631 0.370806151124 0.441148790014 -0.495397991252
1.320000000000 0.484630700516 0.227756693633 0.372174967636 0.440028055554 -0.494520266094
1.330000000000 0.484958568170 0.229790158541 0.373541323513 0.438833960114 -0.493611528856
1.340000000000 0.485193133180 0.231722117272 0.374894412060 0.437564813204 -0.492672481309
1.350000000000 0.485334810718 0.233552621685 0.376223324482 0.436218919900 -0.491703731126
1.360000000000 0.485384157164 0.235281795720 0.377517163810 0.434794605477 -0.490705796419
1.370000000000 0.485341870134 0.236909835289 0.378765157319 0.433290239842 -0.489679110751
1.380000000000 0.485208787543 0.238437007913 0.379956766370 0.431704261512 -0.488624028569
1.390000000000 0.484985885697 0.239863652104 0.381081792592 0.430035200921 -0.487540831035
1.400000000000 0.484674276428 0.241190176500 0.382130479414 0.428281702826 -0.486429732205
1.410000000000 0.484275203307 0.242417058738 0.383093607985 0.426442547596 -0.485290885497
1.420000000000 0.483790036970 0.243544844101 0.383962586597 0.424516671195 -0.484124390415
1.430000000000 0.483220269583 0.244574143924 0.384729532798 0.422503183667 -0.482930299467
1.440000000000 0.482567508515 0.245505633772 0.385387347468 0.420401385951 -0.481708625224
1.450000000000 0.481833469261 0.246340051418 0.385929780201 0.418210784888 -0.480459347467
1.460000000000 0.481019967686 0.247078194618 0.386351485454 0.415931106274 -0.479182420365
1.470000000000 0.480128911650 0.247720918704 0.386648068999 0.413562305858 -0.477877779627
1.480000000000 0.479162292090 0.248269134017 0.386816124332 0.411104578185 -0.476545349577
1.490000000000 0.478122173647 0.248723803190 0.386853258771 0.408558363219 -0.475185050090
1.500000000000 0.477010684897 0.249085938311 0.386758109125 0.405924350704 -0.473796803332
1.510000000000 0.475830008291 0.249356597969 0.386530346863 0.403203482225 -0.472380540271
1.520000000000 0.474582369873 0.249536884224 0.386170672867 0.400396950976 -0.470936206882
1.530000000000 0.473270028875 0.249627939507 0.385680801929 0.397506199251 -0.469463770021
1.540000000000 0.471895267271 0.249630943480 0.385063437247 0.394532913702 -0.467963222904
1.550000000000 0.470460379373 0.249547109867 0.384322235308 0.391479018414 -0.466434590169
1.560000000000 0.468967661561 0.249377683292 0.383461761584 0.388346665898 -0.464877932471
1.570000000000 0.467419402229 0.249123936134 0.382487437609 0.385138226084 -0.463293350572
1.580000000000 0.465817872021 0.248787165416 0.381405480034 0.381856273454 -0.461680988918
1.590000000000 0.464165314441 0.248368689756 0.380222832379 0.378503572426 -0.460041038654
1.600000000000 0.462463936912 0.247869846401 0.378947090226 0.375083061165 -0.458373740072
1.610000000000 0.460715902343 0.247291988344 0.377586420683 0.371597833968 -0.456679384478
1.620000000000 0.458923321271 0.246636481557 0.376149476973 0.368051122417 -0.454958315461
1.630000000000 0.457088244640 0.245904702347 0.374645309081 0.364446275461 -0.453210929562
1.640000000000 0.455212657262 0.245098034846 0.373083271369 0.360786738659 -0.451437676354
1.650000000000 0.453298471996 0.244217868655 0.371472928139 0.357076032747 -0.449639057925
1.660000000000 0.451347524704 0.243265596640 0.369823958102 0.353317731767 -0.447815627787
1.670000000000 0.449361569985 0.242242612893 0.368146058737 0.349515440940 -0.445967989219
1.680000000000 0.447342277730 0.241150310867 0.366448851490 0.345672774509 -0.444096793078
1.690000000000 0.445291230502 0.239990081688 0.364741788772 0.341793333754 -0.442202735086
1.700000000000 0.443209921743 0.238763312633 0.363034063661 0.337880685372 -0.440286552648
1.710000000000 0.441099754826 0.237471385803 0.361334523201 0.333938340429 -0.438349021212
1.720000000000 0.438962042908 0.236115676953 0.359651586136 0.329969734070 -0.436390950228
1.730000000000 0.436798009604 0.234697554512 0.357993165855 0.325978206163 -0.434413178736
1.740000000000 0.434608790433 0.233218378760 0.356366599276 0.321966983049 -0.432416570640
1.750000000000 0.432395435013 0.231679501167 0.354778582345 0.317939160551 -0.430402009704
1.760000000000 0.430158909971 0.230082263893 0.353235112703 0.313897688390 -0.428370394333
1.770000000000 0.427900102513 0.228427999425 0.351741440057 0.309845356122 -0.426322632181
1.780000000000 0.425619824616 0.226718030349 0.350302024677 0.305784780726 -0.424259634642
1.790000000000 0.423318817785 0.224953669246 0.348920504338 0.301718395913 -0.422182311282
1.800000000000 0.420997758309 0.223136218695 0.347599669992 0.297648443250 -0.420091564264
1.810000000000 0.418657262955 0.221266971375 0.346341450295 0.293576965155 -0.417988282816
1.820000000000 0.416297895045 0.219347210243 0.345146905093 0.289505799783 -0.415873337805
1.830000000000 0.413920170830 0.217378208788 0.344016227820 0.285436577849 -0.413747576459
1.840000000000 0.411524566097 0.215361231327 0.342948756715 0.281370721368 -0.411611817292
1.850000000000 0.409111522944 0.213297533350 0.341942994646 0.277309444305 -0.409466845284
1.860000000000 0.406681456637 0.211188361878 0.340996637270 0.273253755093 -0.407313407353
1.870000000000 0.404234762487 0.209034955835 0.340106609148 0.269204460970 -0.405152208170
1.880000000000 0.401771822666 0.206838546416 0.339269107390 0.265162174059 -0.402983906352
1.890000000000 0.399293012905 0.204600357428 0.338479652299 0.261127319109 -0.400809111068
1.900000000000 0.396798708990 0.202321605610 0.337733144436 0.257100142790 -0.398628379091
1.910000000000 0.394289293004 0.200003500895 0.337023927477 0.253080724432 -0.396442212325
1.920000000000 0.391765159246 0.197647246632 0.336345856146 0.249068988070 -0.394251055823
1.930000000000 0.389226719772 0.195254039734 0.335692368503 0.245064715670 -0.392055296321
1.940000000000 0.386674409506 0.192825070753 0.335056561800 0.241067561369 -0.389855261297
1.950000000000 0.384108690869 0.190361523878 0.334431271097 0.237077066587 -0.387651218563
1.960000000000 0.381530057887 0.187864576845 0.333809149817 0.233092675843 -0.385443376391
1.970000000000 0.378939039746 0.185335400753 0.333182751388 0.229113753097 -0.383231884177
1.980000000000 0.376336203744 0.182775159792 0.332544611146 0.225139598461 -0.381016833626
1.990000000000 0.373722157643 0.180185010870 0.331887327632 0.221169465103 -0.378798260455
2.000000000000 0.371097551384 0.177566103150 0.331203642486 0.217202576159 -0.376576146591
2.010000000000 0.368463078156 0.174919577484 0.330486518108 0.213238141508 -0.374350422842
2.020000000000 0.365819474821 0.172246565773 0.329729212329 0.209275374215 -0.372120972019
2.030000000000 0.363167521695 0.169548190221 0.328925349338 0.205313506510 -0.369887632473
2.040000000000 0.360508041690 0.166825562525 0.328068986181 0.201351805129 -0.367650202022
2.050000000000 0.357841898835 0.164079782985 0.327154674182 0.197389585884 -0.365408442218
2.060000000000 0.355169996196 0.161311939551 0.326177514712 0.193426227317 -0.363162082921
2.070000000000 0.352493273227 0.158523106816 0.325133208755 0.189461183332 -0.360910827141
2.080000000000 0.349812702576 0.155714344963 0.324018099850 0.185493994671 -0.358654356086
2.090000000000 0.347129286396 0.152886698682 0.322829209994 0.181524299155 -0.356392334386
2.100000000000 0.344444052188 0.150041196068 0.321564268216 0.177551840593 -0.354124415435
2.110000000000 0.341758048242 0.147178847506 0.320221731574 0.173576476297 -0.351850246805
2.120000000000 0.339072338714 0.144300644568 0.318800798436 0.169598183147 -0.349569475670
2.130000000000 0.336387998396 0.141407558925 0.317301413963 0.165617062169 -0.347281754212
2.140000000000 0.333706107241 0.138500541294 0.315724267798 0.161633341593 -0.344986744935
2.150000000000 0.331027744697 0.135580520432 0.314070784065 0.157647378403 -0.342684125851
2.160000000000 0.328353983912 0.132648402189 0.312343103814 0.153659658370 -0.340373595497
2.170000000000 0.325685885879 0.129705068637 0.310544060187 0.149670794604 -0.338054877714
2.180000000000 0.323024493569 0.126751377277 0.308677146588 0.145681524662 -0.335727726172
2.190000000000 0.320370826124 0.123788160355 0.306746478257 0.141692706257 -0.333391928580
2.200000000000 0.317725873175 0.120816224276 0.304756747694 0.137705311651 -0.331047310554
2.210000000000 0.315090589330 0.117836349139 0.302713174436 0.133720420803 -0.328693739105
2.220000000000 0.312465888900 0.114849288409 0.300621449741 0.129739213364 -0.326331125718
2.230000000000 0.309852640917 0.111855768708 0.298487676809 0.125762959629 -0.323959428993
2.240000000000 0.307251664485 0.108856489759 0.296318307164 0.121793010552 -0.321578656826
2.250000000000 0.304663724530 0.105852124477 0.294120073906 0.117830786946 -0.319188868121
2.260000000000 0.302089527975 0.102843319201 0.291899922521 0.113877768009 -0.316790174002
2.270000000000 0.299529720384 0.099830694089 0.289664940001 0.109935479286 -0.314382738533
2.280000000000 0.296984883113 0.096814843659 0.287422283005 0.106005480230 -0.311966778930
2.290000000000 0.294455530994 0.093796337482 0.285179105813 0.102089351488 -0.309542565280
2.300000000000 0.291942110573 0.090775721030 0.282942488812 0.098188682055 -0.307110419754
2.310000000000 0.289444998922 0.087753516659 0.280719368256 0.094305056448 -0.304670715339
2.320000000000 0.286964503034 0.084730224740 0.278516468009 0.090440042023 -0.302223874095
2.330000000000 0.284500859813 0.081706324912 0.276340233961 0.086595176587 -0.299770364964
2.340000000000 0.282054236646 0.078682277466 0.274196771774 0.082771956433 -0.297310701146
2.350000000000 0.279624732565 0.075658524835 0.272091788574 0.078971824917 -0.294845437073
2.360000000000 0.277212379980 0.072635493187 0.270030539171 0.075196161701 -0.292375165009
2.370000000000 0.274817146962 0.069613594101 0.268017777317 0.071446272777 -0.289900511318
2.380000000000 0.272438940061 0.066593226327 0.266057712472 0.067723381364 -0.287422132425
2.390000000000 0.270077607621 0.063574777592 0.264153972496 0.064028619774 -0.284940710519
2.400000000000 0.267732943571 0.060558626454 0.262309572588 0.060363022322 -0.282456949035
2.410000000000 0.265404691642 0.057545144190 0.260526890773 0.056727519357 -0.279971567966
2.420000000000 0.263092549974 0.054534696680 0.258807650125 0.053122932451 -0.277485299031
2.430000000000 0.260796176067 0.051527646298 0.257152907870 0.049549970803 -0.274998880776
2.440000000000 0.258515192030 0.048524353763 0.255563051430 0.046009228883 -0.272513053624
2.450000000000 0.256249190064 0.045525179967 0.254037801408 0.042501185320 -0.270028554939
2.460000000000 0.253997738147 0.042530487725 0.252576221420 0.039026203048 -0.267546114149
2.470000000000 0.251760385843 0.039540643462 0.251176734642 0.035584530691 -0.265066447958
2.480000000000 0.249536670191 0.036556018807 0.249837146838 0.032176305159 -0.262590255721
2.490000000000 0.247326121620 0.033576992071 0.248554675600 0.028801555421 -0.260118214988
2.500000000000 0.245128269817 0.030603949614 0.247325985442 0.025460207397 -0.257650977292
2.510000000000 0.242942649513 0.027637287069 0.246147228358 0.022152089916 -0.255189164199
2.520000000000 0.240768806111 0.024677410423 0.245014089372 0.018876941655 -0.252733363653
2.530000000000 0.238606301123 0.021724736934 0.243921836589 0.015634418983 -0.250284126672
2.540000000000 0.236454717342 0.018779695885 0.242865375191 0.012424104611 -0.247841964391
2.550000000000 0.234313663725 0.015842729155 0.241839304785 0.009245516955 -0.245407345512
2.560000000000 0.232182779920 0.012914291612 0.240837979505 0.006098120090 -0.242980694148
2.570000000000 0.230061740408 0.009994851315 0.239855570208 0.002981334195 -0.240562388113
2.580000000000 0.227950258222 0.007084889527 0.238886128114 -0.000105453632 -0.238152757641
2.590000000000 0.225848088202 0.004184900529 0.237923649224 -0.003162878323 -0.235752084566
2.600000000000 0.223755029764 0.001295391254 0.236962138833 -0.006191585657 -0.233360601956
2.610000000000 0.221670929161 -0.001583119281 0.235995675476 -0.009192221085 -0.230978494202
2.620000000000 0.219595681209 -0.004450100718 0.235018473646 -0.012165418680 -0.228605897563
2.630000000000 0.217529230473 -0.007305012289 0.234024944639 -0.015111790326 -0.226242901160
2.640000000000 0.215471571906 -0.010147303906 0.233009754907 -0.018031915286 -0.223889548396
2.650000000000 0.213422750928 -0.012976417425 0.231967881329 -0.020926330228 -0.221545838796
2.660000000000 0.211382862964 -0.015791788052 0.230894662854 -0.023795519852 -0.219211730250
2.670000000000 0.209352052436 -0.018592845891 0.229785847979 -0.026639908196 -0.216887141618
2.680000000000 0.207330511235 -0.021379017609 0.228637637632 -0.029459850717 -0.214571955692
2.690000000000 0.205318476676 -0.024149728216 0.227446723010 -0.032255627238 -0.212266022468
2.700000000000 0.203316228984 -0.026904402930 0.226210318025 -0.035027435832 -0.209969162700
2.710000000000 0.201324088316 -0.029642469121 0.224926186056 -0.037775387701 -0.207681171704
2.720000000000 0.199342411366 -0.032363358304 0.223592660764 -0.040499503113 -0.205401823374
2.730000000000 0.197371587589 -0.035066508173 0.222208660779 -0.043199708428 -0.203130874364
2.740000000000 0.195412035079 -0.037751364650 0.220773698164 -0.045875834251 -0.200868068400
2.750000000000 0.193464196154 -0.040417383927 0.219287880587 -0.048527614721 -0.198613140683
2.760000000000 0.191528532686 -0.043064034490 0.217751907231 -0.051154687952 -0.196365822334
2.770000000000 0.189605521228 -0.045690799096 0.216167058513 -0.053756597602 -0.194125844849
2.780000000000 0.187695647998 -0.048297176692 0.214535179761 -0.056332795571 -0.191892944506
2.790000000000 0.185799403756 -0.050882684244 0.212858659062 -0.058882645776 -0.189666866696
2.800000000000 0.183917278635 -0.053446858472 0.211140399529 -0.061405428974 -0.187447370140
2.810000000000 0.182049756991 -0.055989257470 0.209383786332 -0.063900348578 -0.185234230929
2.820000000000 0.180197312299 -0.058509462180 0.207592648850 -0.066366537391 -0.183027246390
2.830000000000 0.178360402168 -0.061007077732 0.205771218373 -0.068803065200 -0.180826238696
2.840000000000 0.176539463522 -0.063481734609 0.203924081828 -0.071208947130 -0.178631058231
2.850000000000 0.174734907988 -0.065933089637 0.202056132026 -0.073583152684 -0.176441586644
2.860000000000 0.172947117541 -0.068360826798 0.200172514973 -0.075924615362 -0.174257739596
2.870000000000 0.171176440456 -0.070764657833 0.198278574813 -0.078232242749 -0.172079469148
2.880000000000 0.169423187600 -0.073144322654 0.196379796991 -0.080504926985 -0.169906765792
2.890000000000 0.167687629101 -0.075499589538 0.194481750238 -0.082741555482 -0.167739660096
2.900000000000 0.165969991430 -0.077830255118 0.192590027995 -0.084941021785 -0.165578223951
2.910000000000 0.164270454927 -0.080136144153 0.190710189884 -0.087102236469 -0.163422571424
2.920000000000 0.162589151781 -0.082417109089 0.188847703845 -0.089224137934 -0.161272859184
2.930000000000 0.160926164509 -0.084673029411 0.187007889542 -0.091305703008 -0.159129286533
2.940000000000 0.159281524917 -0.086903810789 0.185195863607 -0.093345957235 -0.156992095023
2.950000000000 0.157655213580 -0.089109384022 0.183416487308 -0.095343984734 -0.154861567664
2.960000000000 0.156047159824 -0.091289703802 0.181674317156 -0.097298937540 -0.152738027755
2.970000000000 0.154457242226 -0.093444747286 0.179973558963 -0.099210044318 -0.150621837323
2.980000000000 0.152885289609 -0.095574512514 0.178318025809 -0.101076618363 -0.148513395211
2.990000000000 0.151331082537 -0.097679016663 0.176711100341 -0.102898064802 -0.146413134824
3.000000000000 0.149794355281 -0.099758294175 0.175155701769 -0.104673886927 -0.144321521554
3.010000000000 0.148274798241 -0.101812394756 0.173654257892 -0.106403691584 -0.142239049924
3.020000000000 0.146772060797 -0.103841381280 0.172208682407 -0.108087193579 -0.140166240468
3.030000000000 0.145285754565 -0.105845327603 0.170820357725 -0.109724219037 -0.138103636376
3.040000000000 0.143815457005 -0.107824316321 0.169490123438 -0.111314707693 -0.136051799954
3.050000000000 0.142360715376 -0.109778436489 0.168218270531 -0.112858714096 -0.134011308913
3.060000000000 0.140921050962 -0.111707781307 0.167004541376 -0.114356407691 -0.131982752538
3.070000000000 0.139495963553 -0.113612445825 0.165848135467 -0.115808071817 -0.129966727770
3.080000000000 0.138084936120 -0.115492524657 0.164747720832 -0.117214101593 -0.127963835229
3.090000000000 0.136687439643 -0.117348109752 0.163701450944 -0.118575000750 -0.125974675233
3.100000000000 0.135302938043 -0.119179288222 0.162706986950 -0.119891377414 -0.123999843834
3.110000000000 0.133930893160 -0.120986140266 0.161761524960 -0.121163938912 -0.122039928918
3.120000000000 0.132570769741 -0.122768737194 0.160861828066 -0.122393485630 -0.120095506401
3.130000000000 0.131222040373 -0.124527139586 0.160004262754 -0.123580904011 -0.118167136551
3.140000000000 0.129884190323 -0.126261395591 0.159184839302 -0.124727158751 -0.116255360484
3.150000000000 0.128556722231 -0.127971539388 0.158399255714 -0.125833284277 -0.114360696842
3.160000000000 0.127239160604 -0.129657589832 0.157642944719 -0.126900375610 -0.112483638702
3.170000000000 0.125931056084 -0.131319549277 0.156911123338 -0.127929578684 -0.110624650736
3.180000000000 0.124631989420 -0.132957402619 0.156198844465 -0.128922080242 -0.108784166642
3.190000000000 0.123341575135 -0.134571116538 0.155501049934 -0.129879097403 -0.106962586866
3.200000000000 0.122059464827 -0.136160638974 0.154812624502 -0.130801867014 -0.105160276645
3.210000000000 0.120785350084 -0.137725898820 0.154128450169 -0.131691634889 -0.103377564365
3.220000000000 0.119518964985 -0.139266805853 0.153443460279 -0.132549645054 -0.101614740271
3.230000000000 0.118260088156 -0.140783250901 0.152752692826 -0.133377129103 -0.099872055510
3.240000000000 0.117008544365 -0.142275106232 0.152051342412 -0.134175295770 -0.098149721532
3.250000000000 0.115764205645 -0.143742226189 0.151334810318 -0.134945320838 -0.096447909837
3.260000000000 0.114526991924 -0.145184448036 0.150598752169 -0.135688337467 -0.094766752075
3.270000000000 0.113296871166 -0.146601593032 0.149839122713 -0.136405427058 -0.093106340484
3.280000000000 0.112073859023 -0.147993467713 0.149052217238 -0.137097610729 -0.091466728665
3.290000000000 0.110858017995 -0.149359865365 0.148234709224 -0.137765841502 -0.089847932676
3.300000000000 0.109649456110 -0.150700567695 0.147383683846 -0.138410997267 -0.088249932426
3.310000000000 0.108448325147 -0.152015346661 0.146496666987 -0.139033874603 -0.086672673368
3.320000000000 0.107254818403 -0.153303966458 0.145571649482 -0.139635183506 -0.085116068445
3.330000000000 0.106069168050 -0.154566185647 0.144607106359 -0.140215543088 -0.083580000285
3.340000000000 0.104891642088 -0.155801759387 0.143602010888 -0.140775478272 -0.082064323612
3.350000000000 0.103722540939 -0.157010441773 0.142555843319 -0.141315417531 -0.080568867845
3.360000000000 0.102562193710 -0.158191988240 0.141468594234 -0.141835691670 -0.079093439857
3.370000000000 0.101410954171 -0.159346158024 0.140340762506 -0.142336533682 -0.077637826865
3.380000000000 0.100269196479 -0.160472716642 0.139173347892 -0.142818079660 -0.076201799416
3.390000000000 0.099137310700 -0.161571438384 0.137967838381 -0.143280370755 -0.074785114443
3.400000000000 0.098015698171 -0.162642108783 0.136726192431 -0.143723356157 -0.073387518349
3.410000000000 0.096904766745 -0.163684527034 0.135450816313 -0.144146897070 -0.072008750101
3.420000000000 0.095804925980 -0.164698508357 0.134144536814 -0.144550771628 -0.070648544282
3.430000000000 0.094716582302 -0.165683886262 0.132810569602 -0.144934680694 -0.069306634092
3.440000000000 0.093640134210 -0.166640514707 0.131452483604 -0.145298254502 -0.067982754250
3.450000000000 0.092575967560 -0.167568270116 0.130074161795 -0.145641060034 -0.066676643775
3.460000000000 0.091524450970 -0.168467053251 0.128679758798 -0.145962609089 -0.065388048617
3.470000000000 0.090485931415 -0.169336790903 0.127273655787 -0.146262366934 -0.064116724118
3.480000000000 0.089460730028 -0.170177437406 0.125860413144 -0.146539761451 -0.062862437262
3.490000000000 0.088449138173 -0.170988975927 0.124444721402 -0.146794192694 -0.061624968718
3.500000000000 0.087451413809 -0.171771419555 0.123031350978 -0.147025042736 -0.060404114633
3.510000000000 0.086467778199 -0.172524812150 0.121625101240 -0.147231685722 -0.059199688170
3.520000000000 0.085498412991 -0.173249228948 0.120230749435 -0.147413498010 -0.058011520782
3.530000000000 0.084543457689 -0.173944776927 0.118853000036 -0.147569868298 -0.056839463197
3.540000000000 0.083603007558 -0.174611594913 0.117496435009 -0.147700207639 -0.055683386120
3.550000000000 0.082677111969 -0.175249853430 0.116165465553 -0.147803959224 -0.054543180636
3.560000000000 0.081765773211 -0.175859754296 0.114864285786 -0.147880607848 -0.053418758331
3.570000000000 0.080868945771 -0.176441529956 0.113596828886 -0.147929688955 -0.052310051103
3.580000000000 0.079986536100 -0.176995442579 0.112366726116 -0.147950797166 -0.051217010699
3.590000000000 0.079118402854 -0.177521782889 0.111177269168 -0.147943594208 -0.050139607960
3.600000000000 0.078264357625 -0.178020868782 0.110031376215 -0.147907816162 -0.049077831810
3.610000000000 0.077424166135 -0.178493043702 0.108931562002 -0.147843279952 -0.048031687970
3.620000000000 0.076597549897 -0.178938674811 0.107879912294 -0.147749889014 -0.047001197451
3.630000000000 0.075784188313 -0.179358150966 0.106878062927 -0.147627638092 -0.045986394808
3.640000000000 0.074983721198 -0.179751880511 0.105927183670 -0.147476617100 -0.044987326207
3.650000000000 0.074195751699 -0.180120288911 0.105027967057 -0.147297014024 -0.044004047301
3.660000000000 0.073419849579 -0.180463816243 0.104180622289 -0.147089116835 -0.043036620960
3.670000000000 0.072655554836 -0.180782914574 0.103384874251 -0.146853314384 -0.042085114872
3.680000000000 0.071902381619 -0.181078045235 0.102639967652 -0.146590096291 -0.041149599042
3.690000000000 0.071159822399 -0.181349676029 0.101944676212 -0.146300051808 -0.040230143219
3.700000000000 0.070427352355 -0.181598278394 0.101297316802 -0.145983867693 -0.039326814283
3.710000000000 0.069704433937 -0.181824324532 0.100695768365 -0.145642325102 -0.038439673612
3.720000000000 0.068990521544 -0.182028284555 0.100137495401 -0.145276295535 -0.037568774475
3.730000000000 0.068285066290 -0.182210623654 0.099619575768 -0.144886735894 -0.036714159459
3.740000000000 0.067587520791 -0.182371799318 0.099138732488 -0.144474682680 -0.035875857982
3.750000000000 0.066897343942 -0.182512258638 0.098691369208 -0.144041245418 -0.035053883897
3.760000000000 0.066214005619 -0.182632435717 0.098273608942 -0.143587599357 -0.034248233231
3.770000000000 0.065536991274 -0.182732749194 0.097881335669 -0.143114977532 -0.033458882082
3.780000000000 0.064865806371 -0.182813599934 0.097510238346 -0.142624662269 -0.032685784686
3.790000000000 0.064199980608 -0.182875368876 0.097155856865 -0.142117976221 -0.031928871689
3.800000000000 0.063539071904 -0.182918415077 0.096813629461 -0.141596273018 -0.031188048645
3.810000000000 0.062882670093 -0.182943073964 0.096478941080 -0.141060927650 -0.030463194739
3.820000000000 0.062230400291 -0.182949655805 0.096147172176 -0.140513326655 -0.029754161777
3.830000000000 0.061581925915 -0.182938444426 0.095813747436 -0.139954858227 -0.029060773437
3.840000000000 0.060936951301 -0.182909696176 0.095474183920 -0.139386902350 -0.028382824792
3.850000000000 0.060295223918 -0.182863639147 0.095124138095 -0.138810821032 -0.027720082122
3.860000000000 0.059656536140 -0.182800472667 0.094759451291 -0.138227948779 -0.027072283012
3.870000000000 0.059020726562 -0.182720367067 0.094376193088 -0.137639583361 -0.026439136737
3.880000000000 0.058387680855 -0.182623463720 0.093970702181 -0.137046976995 -0.025820324935
3.890000000000 0.057757332137 -0.182509875354 0.093539624312 -0.136451328015 -0.025215502560
3.900000000000 0.057129660865 -0.182379686643 0.093079946856 -0.135853773122 -0.024624299117
3.910000000000 0.056504694256 -0.182232955063 0.092589029724 -0.135255380283 -0.024046320150
3.920000000000 0.055882505219 -0.182069712011 0.092064632244 -0.134657142349 -0.023481148991
3.930000000000 0.055263210842 -0.181889964172 0.091504935761 -0.134059971459 -0.022928348741
3.940000000000 0.054646970420 -0.181693695127 0.090908561721 -0.133464694280 -0.022387464470
3.950000000000 0.054033983059 -0.181480867187 0.090274585056 -0.132872048122 -0.021858025613
3.960000000000 0.053424484875 -0.181251423437 0.089602542732 -0.132282677974 -0.021339548540
3.970000000000 0.052818745822 -0.181005289965 0.088892437402 -0.131697134475 -0.020831539287
3.980000000000 0.052217066174 -0.180742378271 0.088144736104 -0.131115872848 -0.020333496396
3.990000000000 0.051619772699 -0.180462587814 0.087360364048 -0.130539252794 -0.019844913874
4.000000000000 0.051027214562 -0.180165808697 0.086540693561 -0.129967539334 -0.019365284202
4.010000000000 0.050439759009 -0.179851924444 0.085687528315 -0.129400904612 -0.018894101405
4.020000000000 0.049857786854 -0.179520814865 0.084803083014 -0.128839430602 -0.018430864121
4.030000000000 0.049281687839 -0.179172358963 0.083889958754 -0.128283112710 -0.017975078665
4.040000000000 0.048711855896 -0.178806437875 0.082951114339 -0.127731864216 -0.017526262037
4.050000000000 0.048148684368 -0.178422937803 0.081989833850 -0.127185521506 -0.017083944859
4.060000000000 0.047592561234 -0.178021752925 0.081009690820 -0.126643850043 -0.016647674218
4.070000000000 0.047043864387 -0.177602788254 0.080014509395 -0.126106550998 -0.016217016365
4.080000000000 0.046502957016 -0.177165962403 0.079008322904 -0.125573268479 -0.015791559265
4.090000000000 0.045970183134 -0.176711210267 0.077995330266 -0.125043597267 -0.015370914970
4.100000000000 0.045445863300 -0.176238485556 0.076979850717 -0.124517090987 -0.014954721780
4.110000000000 0.044930290582 -0.175747763188 0.075966277312 -0.123993270617 -0.014542646189
4.120000000000 0.044423726793 -0.175239041507 0.074959029718 -0.123471633245 -0.014134384578
4.130000000000 0.043926399053 -0.174712344302 0.073962506789 -0.122951660978 -0.013729664658
4.140000000000 0.043438496696 -0.174167722617 0.072981039416 -0.122432829916 -0.013328246635
4.150000000000 0.042960168569 -0.173605256333 0.072018844164 -0.121914619080 -0.012929924090
4.160000000000 0.042491520740 -0.173025055510 0.071079978173 -0.121396519213 -0.012534524567
4.170000000000 0.042032614646 -0.172427261461 0.070168295813 -0.120878041356 -0.012141909863
4.180000000000 0.041583465700 -0.171812047578 0.069287407524 -0.120358725101 -0.011751976015
4.190000000000 0.041144042362 -0.171179619869 0.068440641304 -0.119838146448 -0.011364652989
4.200000000000 0.040714265705 -0.170530217229 0.067631007224 -0.119315925167 -0.010979904061
4.210000000000 0.040294009458 -0.169864111422 0.066861165358 -0.118791731598 -0.010597724921
4.220000000000 0.039883100548 -0.169181606787 0.066133397459 -0.118265292821 -0.010218142475
4.230000000000 0.039481320117 -0.168483039664 0.065449582666 -0.117736398117 -0.009841213393
4.240000000000 0.039088405025 -0.167768777542 0.064811177524 -0.117204903677 -0.009467022383
4.250000000000 0.038704049804 -0.167039217953 0.064219200486 -0.116670736504 -0.009095680233
4.260000000000 0.038327909063 -0.166294787094 0.063674221095 -0.116133897466 -0.008727321627
4.270000000000 0.037959600313 -0.165535938215 0.063176353932 -0.115594463477 -0.008362102758
4.280000000000 0.037598707175 -0.164763149777 0.062725257396 -0.115052588773 -0.008000198768
4.290000000000 0.037244782965 -0.163976923386 0.062320137341 -0.114508505279 -0.007641801024
4.300000000000 0.036897354589 -0.163177781546 0.061959755502 -0.113962522057 -0.007287114278
4.310000000000 0.036555926736 -0.162366265224 0.061642442649 -0.113415023857 -0.006936353716
4.320000000000 0.036219986312 -0.161542931266 0.061366116297 -0.112866468762 -0.006589741945
4.330000000000 0.035889007081 -0.160708349680 0.061128302814 -0.112317384976 -0.006247505926
4.340000000000 0.035562454453 -0.159863100816 0.060926163662 -0.111768366782 -0.005909873908
4.350000000000 0.035239790391 -0.159007772450 0.060756525514 -0.111220069704 -0.005577072362
4.360000000000 0.034920478364 -0.158142956831 0.060615913921 -0.110673204946 -0.005249322975
4.370000000000 0.034603988319 -0.157269247675 0.060500590168 -0.110128533144 -0.004926839709
4.380000000000 0.034289801607 -0.156387237170 0.060406590929 -0.109586857510 -0.004609825966
4.390000000000 0.033977415818 -0.155497512995 0.060329770314 -0.109049016449 -0.004298471888
4.400000000000 0.033666349472 -0.154600655385 0.060265843843 -0.108515875701 -0.003992951803
4.410000000000 0.033356146527 -0.153697234273 0.060210433903 -0.107988320125 -0.003693421861
4.420000000000 0.033046380651 -0.152787806523 0.060159116185 -0.107467245182 -0.003400017865
4.430000000000 0.032736659210 -0.151872913287 0.060107466633 -0.106953548225 -0.003112853334
4.440000000000 0.032426626940 -0.150953077506 0.060051108395 -0.106448119686 -0.002832017803
4.450000000000 0.032115969264 -0.150028801572 0.059985758274 -0.105951834245 -0.002557575379
4.460000000000 0.031804415203 -0.149100565176 0.059907272211 -0.105465542079 -0.002289563577
4.470000000000 0.031491739880 -0.148168823355 0.059811689285 -0.104990060292 -0.002027992429
4.480000000000 0.031177766555 -0.147234004759 0.059695273799 -0.104526164597 -0.001772843894
4.490000000000 0.030862368198 -0.146296510148 0.059554554980 -0.104074581355 -0.001524071556
4.500000000000 0.030545468566 -0.145356711130 0.059386363883 -0.103635980050 -0.001281600626
4.510000000000 0.030227042770 -0.144414949155 0.059187867107 -0.103210966276 -0.001045328239
4.520000000000 0.029907117341 -0.143471534760 0.058956596960 -0.102800075312 -0.000815124047
4.530000000000 0.029585769768 -0.142526747090 0.058690477761 -0.102403766354 -0.000590831102
4.540000000000 0.029263127526 -0.141580833674 0.058387847981 -0.102022417465 -0.000372267015
4.550000000000 0.028939366599 -0.140634010466 0.058047478006 -0.101656321295 -0.000159225387
4.560000000000 0.028614709511 -0.139686462161 0.057668583312 -0.101305681615 0.000048522510
4.570000000000 0.028289422871 -0.138738342750 0.057250832923 -0.100970610712 0.000251225820
4.580000000000 0.027963814474 -0.137789776341 0.056794353048 -0.100651127653 0.000449151959
4.590000000000 0.027638229969 -0.136840858209 0.056299725855 -0.100347157457 0.000642584298
4.600000000000 0.027313049130 -0.135891656077 0.055767983393 -0.100058531178 0.000831819650
4.610000000000 0.026988681769 -0.134942211610 0.055200596722 -0.099784986890 0.001017165631
4.620000000000 0.026665563322 -0.133992542110 0.054599460352 -0.099526171577 0.001198937885
4.630000000000 0.026344150164 -0.133042642381 0.053966872153 -0.099281643902 0.001377457231
4.640000000000 0.026024914683 -0.132092486764 0.053305508945 -0.099050877827 0.001553046729
4.650000000000 0.025708340167 -0.131142031304 0.052618398020 -0.098833267053 0.001726028734
4.660000000000 0.025394915566 -0.130191216035 0.051908884883 -0.098628130224 0.001896721922
4.670000000000 0.025085130156 -0.129239967361 0.051180597555 -0.098434716850 0.002065438360
4.680000000000 0.024779468186 -0.128288200504 0.050437407806 -0.098252213889 0.002232480622
4.690000000000 0.024478403536 -0.127335821998 0.049683389724 -0.098079752907 0.002398138992
4.700000000000 0.024182394459 -0.126382732205 0.048922776050 -0.097916417757 0.002562688779
4.710000000000 0.023891878452 -0.125428827818 0.048159912741 -0.097761252695 0.002726387772
4.720000000000 0.023607267302 -0.124474004349 0.047399212229 -0.097613270833 0.002889473863
4.730000000000 0.023328942374 -0.123518158550 0.046645105883 -0.097471462867 0.003052162862
4.740000000000 0.023057250175 -0.122561190764 0.045901996152 -0.097334805966 0.003214646518
4.750000000000 0.022792498242 -0.121603007173 0.045174208916 -0.097202272744 0.003377090785
4.760000000000 0.022534951408 -0.120643521922 0.044465946533 -0.097072840212 0.003539634332
4.770000000000 0.022284828474 -0.119682659106 0.043781242091 -0.096945498631 0.003702387326
4.780000000000 0.022042299324 -0.118720354586 0.043123915339 -0.096819260151 0.003865430496
4.790000000000 0.021807482530 -0.117756557638 0.042497530780 -0.096693167166 0.004028814488
4.800000000000 0.021580443447 -0.116791232394 0.041905358363 -0.096566300291 0.004192559523
4.810000000000 0.021361192847 -0.115824359081 0.041350337200 -0.096437785872 0.004356655358
4.820000000000 0.021149686098 -0.114855935042 0.040835042705 -0.096306802959 0.004521061557
4.830000000000 0.020945822893 -0.113885975522 0.040361657501 -0.096172589655 0.004685708063
4.840000000000 0.020749447554 -0.112914514219 0.039931946424 -0.096034448797 0.004850496079
4.850000000000 0.020560349893 -0.111941603593 0.039547235889 -0.095891752878 0.005015299233
4.860000000000 0.020378266641 -0.110967314933 0.039208397867 -0.095743948182 0.005179965042
4.870000000000 0.020202883425 -0.109991738178 0.038915838634 -0.095590558084 0.005344316634
4.880000000000 0.020033837283 -0.109014981496 0.038669492449 -0.095431185458 0.005508154733
4.890000000000 0.019870719694 -0.108037170628 0.038468820232 -0.095265514198 0.005671259879
4.900000000000 0.019713080100 -0.107058447999 0.038312813276 -0.095093309808 0.005833394867
4.910000000000 0.019560429885 -0.106078971614 0.038200001978 -0.094914419069 0.005994307376
4.920000000000 0.019412246778 -0.105098913743 0.038128469510 -0.094728768768 0.006153732772
4.930000000000 0.019267979639 -0.104118459406 0.038095870309 -0.094536363525 0.006311397045
4.940000000000 0.019127053586 -0.103137804692 0.038099453216 -0.094337282711 0.006467019866
4.950000000000 0.018988875411 -0.102157154898 0.038136089025 -0.094131676501 0.006620317723
4.960000000000 0.018852839241 -0.101176722543 0.038202302189 -0.093919761106 0.006771007111
4.970000000000 0.018718332380 -0.100196725248 0.038294306364 -0.093701813212 0.006918807746
4.980000000000 0.018584741283 -0.099217383522 0.038408043419 -0.093478163706 0.007063445757
4.990000000000 0.018451457612 -0.098238918466 0.038539225548 -0.093249190726 0.007204656850
5.000000000000 0.018317884292 -0.097261549429 0.038683380032 -0.093015312132 0.007342189380
5.010000000000 0.018183441531 -0.096285491623 0.038835896201 -0.092776977449 0.007475807332
5.020000000000 0.018047572732 -0.095310953749 0.038992074131 -0.092534659381 0.007605293147
5.030000000000 0.017909750244 -0.094338135628 0.039147174551 -0.092288844980 0.007730450394
5.040000000000 0.017769480881 -0.093367225886 0.039296469462 -0.092040026547 0.007851106237
5.050000000000 0.017626311175 -0.092398399702 0.039435292932 -0.091788692384 0.007967113684
5.060000000000 0.017479832287 -0.091431816647 0.039559091553 -0.091535317463 0.008078353582
5.070000000000 0.017329684533 -0.090467618650 0.039663474008 -0.091280354129 0.008184736342
5.080000000000 0.017175561485 -0.089505928083 0.039744259247 -0.091024222929 0.008286203382
5.090000000000 0.017017213578 -0.088546846017 0.039797522758 -0.090767303659 0.008382728239
5.100000000000 0.016854451219 -0.087590450654 0.039819640427 -0.090509926722 0.008474317382
5.110000000000 0.016687147322 -0.086636795947 0.039807329537 -0.090252364895 0.008561010662
5.120000000000 0.016515239269 -0.085685910434 0.039757686442 -0.089994825585 0.008642881438
5.130000000000 0.016338730254 -0.084737796301 0.039668220521 -0.089737443661 0.008720036334
5.140000000000 0.016157689998 -0.083792428673 0.039536884028 -0.089480274941 0.008792614649
5.150000000000 0.015972254814 -0.082849755155 0.039362097496 -0.089223290399 0.008860787410
5.160000000000 0.015782627023 -0.081909695628 0.039142770424 -0.088966371158 0.008924756075
5.170000000000 0.015589073700 -0.080972142301 0.038878316970 -0.088709304334 0.008984750887
5.180000000000 0.015391924786 -0.080036960020 0.038568666483 -0.088451779770 0.009041028901
5.190000000000 0.015191570533 -0.079103986846 0.038214268711 -0.088193387701 0.009093871692
5.200000000000 0.014988458342 -0.078173034884 0.037816093600 -0.087933617388 0.009143582748
5.210000000000 0.014783088978 -0.077243891366 0.037375625644 -0.087671856734 0.009190484597
5.220000000000 0.014576012219 -0.076316319988 0.036894852809 -0.087407392903 0.009234915656
5.230000000000 0.014367821955 -0.075390062470 0.036376250090 -0.087139413935 0.009277226862
5.240000000000 0.014159150781 -0.074464840356 0.035822757847 -0.086867011356 0.009317778078
5.250000000000 0.013950664133 -0.073540357011 0.035237755088 -0.086589183766 0.009356934335
5.260000000000 0.013743054004 -0.072616299821 0.034625027927 -0.086304841378 0.009395061920
5.270000000000 0.013537032308 -0.071692342566 0.033988733518 -0.086012811467 0.009432524356
5.280000000000 0.013333323934 -0.070768147951 0.033333359772 -0.085711844692 0.009469678306
5.290000000000 0.013132659565 -0.069843370273 0.032663681244 -0.085400622236 0.009506869432
5.300000000000 0.012935768309 -0.068917658196 0.031984711606 -0.085077763699 0.009544428252
5.310000000000 0.012743370224 -0.067990657623 0.031301653143 -0.084741835679 0.009582666039
5.320000000000 0.012556168788 -0.067062014625 0.030619843767 -0.084391360965 0.009621870778
5.330000000000 0.012374843397 -0.066131378411 0.029944702060 -0.084024828264 0.009662303245
5.340000000000 0.012200041948 -0.065198404310 0.029281670866 -0.083640702368 0.009704193230
5.350000000000 0.012032373581 -0.064262756740 0.028636160001 -0.083237434679 0.009747735934
5.360000000000 0.011872401648 -0.063324112133 0.028013488629 -0.082813473988 0.009793088602
5.370000000000 0.011720636972 -0.062382161799 0.027418827880 -0.082367277422 0.009840367393
5.380000000000 0.011577531464 -0.061436614686 0.026857144283 -0.081897321451 0.009889644540
5.390000000000 0.011443472158 -0.060487200032 0.026333144575 -0.081402112855 0.009940945830
5.400000000000 0.011318775722 -0.059533669862 0.025851222436 -0.080880199554 0.009994248411
5.410000000000 0.011203683498 -0.058575801314 0.025415407706 -0.080330181195 0.010049478979
5.420000000000 0.011098357121 -0.057613398772 0.025029318586 -0.079750719393 0.010106512348
5.430000000000 0.011002874771 -0.056646295764 0.024696117308 -0.079140547521 0.010165170416
5.440000000000 0.010917228075 -0.055674356608 0.024418469751 -0.078498479945 0.010225221562
5.450000000000 0.010841319715 -0.054697477760 0.024198509400 -0.077823420591 0.010286380458
5.460000000000 0.010774961740 -0.053715588838 0.024037806017 -0.077114370711 0.010348308312
5.470000000000 0.010717874619 -0.052728653248 0.023937339356 -0.076370435742 0.010410613532
5.480000000000 0.010669687018 -0.051736668371 0.023897478157 -0.075590831062 0.010472852801
5.490000000000 0.010629936293 -0.050739665206 0.023917964623 -0.074774886496 0.010534532526
5.500000000000 0.010598069684 -0.049737707371 0.023997904458 -0.073922049316 0.010595110632
5.510000000000 0.010573446134 -0.048730889306 0.024135762487 -0.073031885470 0.010653998641
5.520000000000 0.010555338686 -0.047719333501 0.024329363740 -0.072104078672 0.010710563948
5.530000000000 0.010542937336 -0.046703186500 0.024575899742 -0.071138426928 0.010764132193
5.540000000000 0.010535352204 -0.045682613407 0.024871939604 -0.070134835950 0.010813989589
5.550000000000 0.010531616852 -0.044657790523 0.025213445311 -0.069093308816 0.010859385020
5.560000000000 0.010530691513 -0.043628895722 0.025595790375 -0.068013931123 0.010899531687
5.570000000000 0.010531465946 -0.042596096122 0.026013780779 -0.066896850800 0.010933608049
5.580000000000 0.010532761607 -0.041559532573 0.026461676882 -0.065742251688 0.010960757733
5.590000000000 0.010533332761 -0.040519300556 0.026933214675 -0.064550320031 0.010980088080
5.600000000000 0.010531866139 -0.039475427119 0.027421624565 -0.063321203153 0.010990666981
5.610000000000 0.010526978757 -0.038427843721 0.027919645712 -0.062054959889 0.010991517656
5.620000000000 0.010517213575 -0.037376355099 0.028419533942 -0.060751502825 0.010981611115
5.630000000000 0.010501032750 -0.036320604723 0.028913061508 -0.059410533179 0.010959856177
5.640000000000 0.010476808496 -0.035260037992 0.029391507502 -0.058031470136 0.010925087116
5.650000000000 0.010442811827 -0.034193865027 0.029845638760 -0.056613377839 0.010876049355
5.660000000000 0.010397199899 -0.033121025812 0.030265682571 -0.055154894800 0.010811384049
5.670000000000 0.010338003235 -0.032040161373 0.030641294674 -0.053654172344 0.010729612925
5.680000000000 0.010263114744 -0.030949595684 0.030961528686 -0.052108830590 0.010629125422
5.690000000000 0.010170283217 -0.029847333865 0.031214816387 -0.050515942285 0.010508170838
5.700000000000 0.010057114728 -0.028731082920 0.031388971800 -0.048872056218 0.010364858898
5.710000000000 0.009921086038 -0.027598301533 0.031471235551 -0.047173272733 0.010197172740
5.720000000000 0.009759574609 -0.026446285154 0.031448378976 -0.045415383544 0.010002998688
5.730000000000 0.009569909954 -0.025272291541 0.031306889239 -0.043594086419 0.009780177214
5.740000000000 0.009349450682 -0.024073710022 0.031033256623 -0.041705281963 0.009526578986
5.750000000000 0.009095690618 -0.022848274798 0.030614382321 -0.039745454524 0.009240208822
5.760000000000 0.008806395538 -0.021594318788 0.030038118861 -0.037712132131 0.008919338526
5.770000000000 0.008479769501 -0.020311059783 0.029293945288 -0.035604411659 0.008562667021
5.780000000000 0.008114646362 -0.018998905484 0.028373765385 -0.033423525421 0.008169502943
5.790000000000 0.007710698079 -0.017659758645 0.027272799987 -0.031173415102 0.007739961121
5.800000000000 0.007268647153 -0.016297298613 0.025990525135 -0.028861269218 0.007275160424
5.810000000000 0.006790466398 -0.014917211767 0.024531588081 -0.026497972546 0.006777406753
5.820000000000 0.006279545864 -0.013527341319 0.022906615684 -0.024098411409 0.006250342026
5.830000000000 0.005740804566 -0.012137727298 0.021132817170 -0.021681578679 0.005699038317
5.840000000000 0.005180724571 -0.010760510857 0.019234278748 -0.019270427895 0.005130016554
5.850000000000 0.004607287160 -0.009409683481 0.017241853573 -0.016891437487 0.004551171579
5.860000000000 0.004029795786 -0.008100671289 0.015192568996 -0.014573863822 0.003971590361
5.870000000000 0.003458578168 -0.006849756825 0.013128504244 -0.012348684806 0.003401257461
5.880000000000 0.002904569861 -0.005673354921 0.011095134628 -0.010247262637 0.002850651312
5.890000000000 0.002378793268 -0.004587173973 0.009139189885 -0.008299782712 0.002330245588
5.900000000000 0.001891758142 -0.003605308040 0.007306129735 -0.006533552964 0.001849941054
5.910000000000 0.001452820942 -0.002739316931 0.005637392920 -0.004971270950 0.001418463423
5.920000000000 0.001069549432 -0.001997359351 0.004167620136 -0.003629381903 0.001042770746
5.930000000000 0.000747144253 -0.001383447006 0.002922079682 -0.002516657164 0.000727518360
5.940000000000 0.000487969883 -0.000896884459 0.001914531918 -0.001633117222 0.000474629638
5.950000000000 0.000291242663 -0.000531950227 0.001145751288 -0.000969406439 0.000283016014
5.960000000000 0.000152913495 -0.000277859459 0.000602882268 -0.000506698041 0.000148480253
5.970000000000 0.000065768076 -0.000119028718 0.000259740822 -0.000217170257 0.000063823151
5.980000000000 0.000019749326 -0.000035640385 0.000078091530 -0.000065050583 0.000019157087
5.990000000000 0.000002486970 -0.000004480351 0.000009840968 -0.000008179315 0.000002411771
6.000000000000 0.000000000000 0.000000000000 0.000000000000 0.000000000000 0.000000000000
