---------------------------------------------------------------------------
Element                    Si
Energy Cutoff(Ry)          100
Radius Cutoff(a.u.)         6
Lmax                        2
Number of Sorbital-->       2
Number of Porbital-->       2
Number of Dorbital-->       1
---------------------------------------------------------------------------
SUMMARY  END

Mesh                        601
dr                          0.01
                Type                   L                   N
                   0                   0                   0
 8.935226889309e-02 8.939672364591e-02 8.953015634448e-02 8.975277150769e-02
 9.006490733598e-02 9.046703173822e-02 9.095973681669e-02 9.154373185642e-02
 9.221983487843e-02 9.298896282809e-02 9.385212048166e-02 9.481038816459e-02
 9.586490838564e-02 9.701687149939e-02 9.826750051860e-02 9.961803520453e-02
 1.010697155695e-01 1.026237649316e-01 1.042813726630e-01 1.060436767806e-01
 1.079117465217e-01 1.098865650562e-01 1.119690124779e-01 1.141598492200e-01
 1.164597000349e-01 1.188690386726e-01 1.213881733883e-01 1.240172334009e-01
 1.267561564165e-01 1.296046773244e-01 1.325623181592e-01 1.356283794158e-01
 1.388019327911e-01 1.420818154150e-01 1.454666256200e-01 1.489547202873e-01
 1.525442137943e-01 1.562329785736e-01 1.600186472831e-01 1.638986165704e-01
 1.678700524064e-01 1.719298969439e-01 1.760748768526e-01 1.803015130618e-01
 1.846061318395e-01 1.889848771172e-01 1.934337239686e-01 1.979484931349e-01
 2.025248664851e-01 2.071584032916e-01 2.118445571954e-01 2.165786937310e-01
 2.213561082765e-01 2.261720442928e-01 2.310217117134e-01 2.359003053479e-01
 2.408030231597e-01 2.457250842858e-01 2.506617466639e-01 2.556083241415e-01
 2.605602029435e-01 2.655128573829e-01 2.704618647060e-01 2.754029189722e-01
 2.803318438759e-01 2.852446044301e-01 2.901373174387e-01 2.950062606985e-01
 2.998478808801e-01 3.046588000506e-01 3.094358208113e-01 3.141759300370e-01
 3.188763012148e-01 3.235342953899e-01 3.281474607431e-01 3.327135308294e-01
 3.372304215227e-01 3.416962267209e-01 3.461092128748e-01 3.504678124137e-01
 3.547706161506e-01 3.590163647554e-01 3.632039393927e-01 3.673323516279e-01
 3.714007327064e-01 3.754083223195e-01 3.793544569710e-01 3.832385580596e-01
 3.870601197958e-01 3.908186970691e-01 3.945138933827e-01 3.981453489683e-01
 4.017127291913e-01 4.052157133544e-01 4.086539839983e-01 4.120272167966e-01
 4.153350711336e-01 4.185771814438e-01 4.217531493894e-01 4.248625369371e-01
 4.279048603916e-01 4.308795854287e-01 4.337861231671e-01 4.366238273004e-01
 4.393919923076e-01 4.420898527447e-01 4.447165836140e-01 4.472713017931e-01
 4.497530685006e-01 4.521608927616e-01 4.544937358302e-01 4.567505165148e-01
 4.589301173475e-01 4.610313915261e-01 4.630531705572e-01 4.649942725159e-01
 4.668535108388e-01 4.686297035568e-01 4.703216828760e-01 4.719283050084e-01
 4.734484601540e-01 4.748810825365e-01 4.762251603918e-01 4.774797458122e-01
 4.786439643506e-01 4.797170242916e-01 4.806982254989e-01 4.815869677555e-01
 4.823827585171e-01 4.830852200029e-01 4.836940955597e-01 4.842092552358e-01
 4.846307005161e-01 4.849585681700e-01 4.851931331796e-01 4.853348107184e-01
 4.853841571641e-01 4.853418701339e-01 4.852087875434e-01 4.849858856972e-01
 4.846742764275e-01 4.842752033069e-01 4.837900369697e-01 4.832202695826e-01
 4.825675085146e-01 4.818334692612e-01 4.810199676865e-01 4.801289116495e-01
 4.791622920897e-01 4.781221736467e-01 4.770106848974e-01 4.758300082914e-01
 4.745823698732e-01 4.732700288752e-01 4.718952672709e-01 4.704603793726e-01
 4.689676615610e-01 4.674194022291e-01 4.658178720206e-01 4.641653144407e-01
 4.624639369121e-01 4.607159023426e-01 4.589233212705e-01 4.570882446401e-01
 4.552126572616e-01 4.532984719961e-01 4.513475247042e-01 4.493615699853e-01
 4.473422777305e-01 4.452912305016e-01 4.432099217434e-01 4.410997548259e-01
 4.389620429076e-01 4.367980096036e-01 4.346087904326e-01 4.323954350133e-01
 4.301589099713e-01 4.279001025128e-01 4.256198246161e-01 4.233188177855e-01
 4.209977583087e-01 4.186572629548e-01 4.162978950451e-01 4.139201708297e-01
 4.115245660968e-01 4.091115229440e-01 4.066814566373e-01 4.042347624868e-01
 4.017718226659e-01 3.992930129048e-01 3.967987089898e-01 3.942892930040e-01
 3.917651592460e-01 3.892267197722e-01 3.866744095061e-01 3.841086908687e-01
 3.815300578875e-01 3.789390397460e-01 3.763362037438e-01 3.737221576433e-01
 3.710975513842e-01 3.684630781557e-01 3.658194748206e-01 3.631675216948e-01
 3.605080416899e-01 3.578418988346e-01 3.551699961956e-01 3.524932732265e-01
 3.498127025762e-01 3.471292863959e-01 3.444440521877e-01 3.417580482419e-01
 3.390723387139e-01 3.363879983960e-01 3.337061072410e-01 3.310277446966e-01
 3.283539839123e-01 3.256858858794e-01 3.230244935687e-01 3.203708261237e-01
 3.177258731749e-01 3.150905893301e-01 3.124658889004e-01 3.098526409166e-01
 3.072516644845e-01 3.046637245302e-01 3.020895279755e-01 2.995297203843e-01
 2.969848831133e-01 2.944555309942e-01 2.919421105731e-01 2.894449989218e-01
 2.869645030343e-01 2.845008598131e-01 2.820542366458e-01 2.796247325651e-01
 2.772123799802e-01 2.748171469624e-01 2.724389400607e-01 2.700776076205e-01
 2.677329435707e-01 2.654046916417e-01 2.630925499737e-01 2.607961760673e-01
 2.585151920297e-01 2.562491900639e-01 2.539977381470e-01 2.517603858426e-01
 2.495366701912e-01 2.473261216201e-01 2.451282698173e-01 2.429426495129e-01
 2.407688061113e-01 2.386063011228e-01 2.364547173420e-01 2.343136637249e-01
 2.321827799196e-01 2.300617404078e-01 2.279502582220e-01 2.258480882019e-01
 2.237550297644e-01 2.216709291614e-01 2.195956812091e-01 2.175292304733e-01
 2.154715719059e-01 2.134227509278e-01 2.113828629637e-01 2.093520524363e-01
 2.073305112348e-01 2.053184766761e-01 2.033162289844e-01 2.013240883163e-01
 1.993424113664e-01 1.973715875891e-01 1.954120350793e-01 1.934641961545e-01
 1.915285326859e-01 1.896055212283e-01 1.876956479985e-01 1.857994037556e-01
 1.839172786351e-01 1.820497569912e-01 1.801973122986e-01 1.783604021679e-01
 1.765394635223e-01 1.747349079879e-01 1.729471175406e-01 1.711764404558e-01
 1.694231876000e-01 1.676876291009e-01 1.659699914305e-01 1.642704549267e-01
 1.625891517811e-01 1.609261645089e-01 1.592815249172e-01 1.576552135801e-01
 1.560471598245e-01 1.544572422262e-01 1.528852896093e-01 1.513310825373e-01
 1.497943552810e-01 1.482747982405e-01 1.467720607972e-01 1.452857545646e-01
 1.438154570053e-01 1.423607153763e-01 1.409210509622e-01 1.394959635529e-01
 1.380849361196e-01 1.366874396430e-01 1.353029380429e-01 1.339308931600e-01
 1.325707697406e-01 1.312220403726e-01 1.298841903230e-01 1.285567222306e-01
 1.272391606044e-01 1.259310560840e-01 1.246319894203e-01 1.233415751354e-01
 1.220594648269e-01 1.207853500838e-01 1.195189649848e-01 1.182600881557e-01
 1.170085443652e-01 1.157642056453e-01 1.145269919237e-01 1.132968711657e-01
 1.120738590231e-01 1.108580179950e-01 1.096494561103e-01 1.084483251467e-01
 1.072548184029e-01 1.060691680502e-01 1.048916420884e-01 1.037225409389e-01
 1.025621937098e-01 1.014109541705e-01 1.002691964787e-01 9.913731070023e-02
 9.801569817105e-02 9.690476674540e-02 9.580492597992e-02 9.471658230186e-02
 9.364013421045e-02 9.257596755958e-02 9.152445096967e-02 9.048593141461e-02
 8.946073002834e-02 8.844913817306e-02 8.745141380862e-02 8.646777819936e-02
 8.549841299131e-02 8.454345768912e-02 8.360300755755e-02 8.267711196865e-02
 8.176577321082e-02 8.086894577144e-02 7.998653610007e-02 7.911840285424e-02
 7.826435762512e-02 7.742416613540e-02 7.659754989720e-02 7.578418831293e-02
 7.498372119787e-02 7.419575169874e-02 7.341984957881e-02 7.265555483630e-02
 7.190238161945e-02 7.115982239889e-02 7.042735235506e-02 6.970443393664e-02
 6.899052154385e-02 6.828506628974e-02 6.758752079120e-02 6.689734394189e-02
 6.621400561862e-02 6.553699127428e-02 6.486580637080e-02 6.419998060777e-02
 6.353907190408e-02 6.288267009274e-02 6.223040029145e-02 6.158192591533e-02
 6.093695130141e-02 6.029522391841e-02 5.965653613980e-02 5.902072656209e-02
 5.838768085529e-02 5.775733213687e-02 5.712966086549e-02 5.650469425560e-02
 5.588250521871e-02 5.526321084212e-02 5.464697042028e-02 5.403398305870e-02
 5.342448487451e-02 5.281874582183e-02 5.221706617409e-02 5.161977269862e-02
 5.102721456222e-02 5.043975900897e-02 4.985778685410e-02 4.928168783926e-02
 4.871185589648e-02 4.814868436846e-02 4.759256123402e-02 4.704386438686e-02
 4.650295701587e-02 4.597018313383e-02 4.544586330027e-02 4.493029058212e-02
 4.442372679347e-02 4.392639905324e-02 4.343849669612e-02 4.296016856881e-02
 4.249152073976e-02 4.203261464648e-02 4.158346570009e-02 4.114404236222e-02
 4.071426570477e-02 4.029400945801e-02 3.988310054773e-02 3.948132011724e-02
 3.908840502492e-02 3.870404980364e-02 3.832790906315e-02 3.795960031256e-02
 3.759870717528e-02 3.724478296526e-02 3.689735458908e-02 3.655592673570e-02
 3.621998631210e-02 3.588900708089e-02 3.556245445347e-02 3.523979039099e-02
 3.492047836373e-02 3.460398831899e-02 3.428980160748e-02 3.397741581805e-02
 3.366634947176e-02 3.335614652721e-02 3.304638065108e-02 3.273665920967e-02
 3.242662694025e-02 3.211596926363e-02 3.180441520337e-02 3.149173988027e-02
 3.117776655529e-02 3.086236819842e-02 3.054546856551e-02 3.022704276994e-02
 2.990711734132e-02 2.958576976798e-02 2.926312752559e-02 2.893936659912e-02
 2.861470951074e-02 2.828942287076e-02 2.796381447416e-02 2.763822996934e-02
 2.731304913045e-02 2.698868176875e-02 2.666556332194e-02 2.634415016425e-02
 2.602491468257e-02 2.570834016698e-02 2.539491556566e-02 2.508513015619e-02
 2.477946818604e-02 2.447840353587e-02 2.418239445920e-02 2.389187845158e-02
 2.360726730160e-02 2.332894237417e-02 2.305725017494e-02 2.279249824205e-02
 2.253495140829e-02 2.228482847369e-02 2.204229932447e-02 2.180748253027e-02
 2.158044344691e-02 2.136119284727e-02 2.114968609786e-02 2.094582289301e-02
 2.074944755383e-02 2.056034989298e-02 2.037826664110e-02 2.020288342508e-02
 2.003383728283e-02 1.987071969392e-02 1.971308010018e-02 1.956042988535e-02
 1.941224677821e-02 1.926797963912e-02 1.912705358593e-02 1.898887541143e-02
 1.885283924141e-02 1.871833237956e-02 1.858474128324e-02 1.845145761232e-02
 1.831788429213e-02 1.818344153096e-02 1.804757273248e-02 1.790975024373e-02
 1.776948088068e-02 1.762631117488e-02 1.747983228665e-02 1.732968453343e-02
 1.717556148463e-02 1.701721357835e-02 1.685445121938e-02 1.668714732237e-02
 1.651523926911e-02 1.633873025406e-02 1.615768999789e-02 1.597225481442e-02
 1.578262702251e-02 1.558907370035e-02 1.539192478591e-02 1.519157053345e-02
 1.498845834197e-02 1.478308897772e-02 1.457601221869e-02 1.436782195455e-02
 1.415915078106e-02 1.395066413296e-02 1.374305400408e-02 1.353703230767e-02
 1.333332393389e-02 1.313265956465e-02 1.293576830890e-02 1.274337022366e-02
 1.255616878787e-02 1.237484339719e-02 1.220004194832e-02 1.203237358140e-02
 1.187240164807e-02 1.172063697168e-02 1.157753146371e-02 1.144347215822e-02
 1.131877572237e-02 1.120368349759e-02 1.109835712090e-02 1.100287477072e-02
 1.091722807536e-02 1.084131971503e-02 1.077496174025e-02 1.071787461947e-02
 1.066968701760e-02 1.062993629292e-02 1.059806968356e-02 1.057344613384e-02
 1.055533868644e-02 1.054293733592e-02 1.053535220364e-02 1.053161685248e-02
 1.053069151338e-02 1.053146594594e-02 1.053276160722e-02 1.053333276136e-02
 1.053186613854e-02 1.052697875726e-02 1.051721357512e-02 1.050103275007e-02
 1.047680849638e-02 1.044281182676e-02 1.039719989894e-02 1.033800323495e-02
 1.026311474362e-02 1.017028321692e-02 1.005711472767e-02 9.921086037690e-03
 9.759574609441e-03 9.569909953542e-03 9.349450681652e-03 9.095690617966e-03
 8.806395538116e-03 8.479769500802e-03 8.114646361575e-03 7.710698079386e-03
 7.268647152823e-03 6.790466398499e-03 6.279545863847e-03 5.740804566208e-03
 5.180724571017e-03 4.607287159962e-03 4.029795786440e-03 3.458578167794e-03
 2.904569860783e-03 2.378793268068e-03 1.891758141647e-03 1.452820942213e-03
 1.069549431949e-03 7.471442526443e-04 4.879698833586e-04 2.912426633219e-04
 1.529134954690e-04 6.576807557473e-05 1.974932572818e-05 2.486969903764e-06
 0.000000000000e+00
                Type                   L                   N
                   0                   0                   1
 -3.227383739713e-01 -3.226815171836e-01 -3.225109238476e-01 -3.222265253944e-01
 -3.218282087074e-01 -3.213158178602e-01 -3.206891565303e-01 -3.199479910717e-01
 -3.190920542211e-01 -3.181210494103e-01 -3.170346556515e-01 -3.158325329577e-01
 -3.145143282580e-01 -3.130796817606e-01 -3.115282337163e-01 -3.098596315315e-01
 -3.080735371736e-01 -3.061696348165e-01 -3.041476386641e-01 -3.020073008948e-01
 -2.997484196670e-01 -2.973708471224e-01 -2.948744973298e-01 -2.922593541076e-01
 -2.895254786658e-01 -2.866730170127e-01 -2.837022070668e-01 -2.806133854251e-01
 -2.774069937336e-01 -2.740835846159e-01 -2.706438271135e-01 -2.670885115995e-01
 -2.634185541288e-01 -2.596350001939e-01 -2.557390278574e-01 -2.517319502417e-01
 -2.476152173549e-01 -2.433904172426e-01 -2.390592764572e-01 -2.346236598417e-01
 -2.300855696305e-01 -2.254471438744e-01 -2.207106542025e-01 -2.158785029367e-01
 -2.109532195806e-01 -2.059374567090e-01 -2.008339852859e-01 -1.956456894467e-01
 -1.903755607800e-01 -1.850266921491e-01 -1.796022710971e-01 -1.741055728799e-01
 -1.685399531754e-01 -1.629088405167e-01 -1.572157285013e-01 -1.514641678265e-01
 -1.456577582016e-01 -1.398001401916e-01 -1.338949870395e-01 -1.279459965216e-01
 -1.219568828819e-01 -1.159313688954e-01 -1.098731781051e-01 -1.037860272767e-01
 -9.767361911120e-02 -9.153963525471e-02 -8.538772963967e-02 -7.922152218940e-02
 -7.304459291427e-02 -6.686047642375e-02 -6.067265687519e-02 -5.448456337586e-02
 -4.829956585109e-02 -4.212097138708e-02 -3.595202105321e-02 -2.979588720432e-02
 -2.365567125998e-02 -1.753440195366e-02 -1.143503404102e-02 -5.360447453453e-03
 6.865531208893e-04 6.703238248827e-03 1.268695338017e-02 1.863511811785e-02
 2.454522515839e-02 3.041483893291e-02 3.624159398046e-02 4.202319308700e-02
 4.775740522412e-02 5.344206332258e-02 5.907506191579e-02 6.465435468875e-02
 7.017795196725e-02 7.564391818193e-02 8.105036934067e-02 8.639547054151e-02
 9.167743355704e-02 9.689451451924e-02 1.020450117320e-01 1.071272636360e-01
 1.121396469487e-01 1.170805749995e-01 1.219484962766e-01 1.267418932017e-01
 1.314592811414e-01 1.360992076676e-01 1.406602520687e-01 1.451410251176e-01
 1.495401690943e-01 1.538563580605e-01 1.580882983803e-01 1.622347294793e-01
 1.662944248290e-01 1.702661931446e-01 1.741488797804e-01 1.779413683036e-01
 1.816425822282e-01 1.852514868872e-01 1.887670914208e-01 1.921884508568e-01
 1.955146682575e-01 1.987448969105e-01 2.018783425353e-01 2.049142654812e-01
 2.078519828911e-01 2.106908708066e-01 2.134303661883e-01 2.160699688304e-01
 2.186092431448e-01 2.210478197963e-01 2.233853971664e-01 2.256217426308e-01
 2.277566936330e-01 2.297901585405e-01 2.317221172720e-01 2.335526216854e-01
 2.352817957204e-01 2.369098352890e-01 2.384370079125e-01 2.398636521043e-01
 2.411901764996e-01 2.424170587376e-01 2.435448441013e-01 2.445741439238e-01
 2.455056337716e-01 2.463400514179e-01 2.470781946177e-01 2.477209187037e-01
 2.482691340166e-01 2.487238031904e-01 2.490859383113e-01 2.493565979692e-01
 2.495368842241e-01 2.496279395074e-01 2.496309434797e-01 2.495471098665e-01
 2.493776832923e-01 2.491239361344e-01 2.487871654156e-01 2.483686897560e-01
 2.478698464013e-01 2.472919883445e-01 2.466364815574e-01 2.459047023467e-01
 2.450980348457e-01 2.442178686550e-01 2.432655966398e-01 2.422426128926e-01
 2.411503108674e-01 2.399900816878e-01 2.387633126333e-01 2.374713858025e-01
 2.361156769528e-01 2.346975545121e-01 2.332183787595e-01 2.316795011667e-01
 2.300822638930e-01 2.284279994250e-01 2.267180303489e-01 2.249536692458e-01
 2.231362186950e-01 2.212669713748e-01 2.193472102433e-01 2.173782087880e-01
 2.153612313274e-01 2.132975333501e-01 2.111883618776e-01 2.090349558350e-01
 2.068385464158e-01 2.046003574285e-01 2.023216056097e-01 2.000035008947e-01
 1.976472466321e-01 1.952540397340e-01 1.928250707530e-01 1.903615238782e-01
 1.878645768447e-01 1.853354007528e-01 1.827751597918e-01 1.801850108704e-01
 1.775661031496e-01 1.749195774845e-01 1.722465657730e-01 1.695481902207e-01
 1.668255625247e-01 1.640797829849e-01 1.613119395512e-01 1.585231068159e-01
 1.557143449625e-01 1.528866986820e-01 1.500411960681e-01 1.471788475064e-01
 1.443006445684e-01 1.414075589250e-01 1.385005412936e-01 1.355805204315e-01
 1.326484021891e-01 1.297050686369e-01 1.267513772775e-01 1.237881603555e-01
 1.208162242756e-01 1.178363491393e-01 1.148492884090e-01 1.118557687076e-01
 1.088564897593e-01 1.058521244771e-01 1.028433192013e-01 9.983069408940e-02
 9.681484365888e-02 9.379633748222e-02 9.077572103011e-02 8.775351665948e-02
 8.473022474005e-02 8.170632491205e-02 7.868227746615e-02 7.565852483525e-02
 7.263549318659e-02 6.961359410128e-02 6.659322632735e-02 6.357477759153e-02
 6.055862645397e-02 5.754514418980e-02 5.453469668041e-02 5.152764629763e-02
 4.852435376327e-02 4.552517996690e-02 4.253048772466e-02 3.954064346244e-02
 3.655601880727e-02 3.357699207136e-02 3.060394961425e-02 2.763728706947e-02
 2.467741042328e-02 2.172473693436e-02 1.877969588488e-02 1.584272915458e-02
 1.291429161161e-02 9.994851315136e-03 7.084889526705e-03 4.184900529235e-03
 1.295391254159e-03 -1.583119280729e-03 -4.450100718454e-03 -7.305012288880e-03
 -1.014730390570e-02 -1.297641742474e-02 -1.579178805240e-02 -1.859284589133e-02
 -2.137901760937e-02 -2.414972821604e-02 -2.690440293017e-02 -2.964246912096e-02
 -3.236335830403e-02 -3.506650817343e-02 -3.775136465010e-02 -4.041738392677e-02
 -4.306403448957e-02 -4.569079909634e-02 -4.829717669234e-02 -5.088268424397e-02
 -5.344685847245e-02 -5.598925746968e-02 -5.850946217999e-02 -6.100707773226e-02
 -6.348173460862e-02 -6.593308963720e-02 -6.836082679807e-02 -7.076465783331e-02
 -7.314432265392e-02 -7.549958953818e-02 -7.783025511812e-02 -8.013614415275e-02
 -8.241710908869e-02 -8.467302941092e-02 -8.690381078859e-02 -8.910938402235e-02
 -9.128970380223e-02 -9.344474728648e-02 -9.557451251374e-02 -9.767901666271e-02
 -9.975829417470e-02 -1.018123947562e-01 -1.038413812799e-01 -1.058453276025e-01
 -1.078243163214e-01 -1.097784364888e-01 -1.117077813070e-01 -1.136124458246e-01
 -1.154925246570e-01 -1.173481097520e-01 -1.191792882224e-01 -1.209861402660e-01
 -1.227687371940e-01 -1.245271395859e-01 -1.262613955906e-01 -1.279715393884e-01
 -1.296575898319e-01 -1.313195492772e-01 -1.329574026189e-01 -1.345711165383e-01
 -1.361606389741e-01 -1.377258988197e-01 -1.392668058532e-01 -1.407832509006e-01
 -1.422751062321e-01 -1.437422261889e-01 -1.451844480359e-01 -1.466015930324e-01
 -1.479934677128e-01 -1.493598653651e-01 -1.507005676953e-01 -1.520153466608e-01
 -1.533039664585e-01 -1.545661856474e-01 -1.558017593874e-01 -1.570104417731e-01
 -1.581919882403e-01 -1.593461580237e-01 -1.604727166416e-01 -1.615714383843e-01
 -1.626421087829e-01 -1.636845270338e-01 -1.646985083568e-01 -1.656838862622e-01
 -1.666405147070e-01 -1.675682701161e-01 -1.684670532505e-01 -1.693367909034e-01
 -1.701774374058e-01 -1.709889759269e-01 -1.717714195554e-01 -1.725248121498e-01
 -1.732492289477e-01 -1.739447769270e-01 -1.746115949131e-01 -1.752498534305e-01
 -1.758597542957e-01 -1.764415299565e-01 -1.769954425787e-01 -1.775217828892e-01
 -1.780208687823e-01 -1.784930437017e-01 -1.789386748107e-01 -1.793581509659e-01
 -1.797518805112e-01 -1.801202889111e-01 -1.804638162435e-01 -1.807829145740e-01
 -1.810780452346e-01 -1.813496760293e-01 -1.815982783936e-01 -1.818243245315e-01
 -1.820282845552e-01 -1.822106236539e-01 -1.823717993176e-01 -1.825122586384e-01
 -1.826324357168e-01 -1.827327491940e-01 -1.828135999339e-01 -1.828753688760e-01
 -1.829184150773e-01 -1.829430739637e-01 -1.829496558045e-01 -1.829384444262e-01
 -1.829096961761e-01 -1.828636391466e-01 -1.828004726667e-01 -1.827203670671e-01
 -1.826234637198e-01 -1.825098753536e-01 -1.823796866426e-01 -1.822329550632e-01
 -1.820697120114e-01 -1.818899641720e-01 -1.816936951265e-01 -1.814808671867e-01
 -1.812514234366e-01 -1.810052899654e-01 -1.807423782713e-01 -1.804625878144e-01
 -1.801658086967e-01 -1.798519244437e-01 -1.795208148647e-01 -1.791723589632e-01
 -1.788064378748e-01 -1.784229378025e-01 -1.780217529255e-01 -1.776027882537e-01
 -1.771659624033e-01 -1.767112102670e-01 -1.762384855558e-01 -1.757477631883e-01
 -1.752390415075e-01 -1.747123443019e-01 -1.741677226165e-01 -1.736052563334e-01
 -1.730250555100e-01 -1.724272614615e-01 -1.718120475781e-01 -1.711796198693e-01
 -1.705302172291e-01 -1.698641114223e-01 -1.691816067874e-01 -1.684830396636e-01
 -1.677687775423e-01 -1.670392179531e-01 -1.662947870939e-01 -1.655359382154e-01
 -1.647631497767e-01 -1.639769233859e-01 -1.631777815460e-01 -1.623662652238e-01
 -1.615429312656e-01 -1.607083496803e-01 -1.598631008155e-01 -1.590077724503e-01
 -1.581429568307e-01 -1.572692476746e-01 -1.563872371698e-01 -1.554975129948e-01
 -1.546006553854e-01 -1.536972342734e-01 -1.527878065231e-01 -1.518729132872e-01
 -1.509530775062e-01 -1.500288015724e-01 -1.491005651761e-01 -1.481688233549e-01
 -1.472340047590e-01 -1.462965101480e-01 -1.453567111303e-01 -1.444149491545e-01
 -1.434715347600e-01 -1.425267470905e-01 -1.415808336737e-01 -1.406340104663e-01
 -1.396864621609e-01 -1.387383427502e-01 -1.377897763413e-01 -1.368408582090e-01
 -1.358916560766e-01 -1.349422116101e-01 -1.339925421099e-01 -1.330426423813e-01
 -1.320924867644e-01 -1.311420313040e-01 -1.301912160347e-01 -1.292399673606e-01
 -1.282882005038e-01 -1.273358219984e-01 -1.263827322046e-01 -1.254288278177e-01
 -1.244740043486e-01 -1.235181585499e-01 -1.225611907643e-01 -1.216030071732e-01
 -1.206435219224e-01 -1.196826591058e-01 -1.187203545865e-01 -1.177565576384e-01
 -1.167912323939e-01 -1.158243590810e-01 -1.148559350424e-01 -1.138859755225e-01
 -1.129145142191e-01 -1.119416035931e-01 -1.109673149333e-01 -1.099917381784e-01
 -1.090149814964e-01 -1.080371706277e-01 -1.070584479985e-01 -1.060789716139e-01
 -1.050989137425e-01 -1.041184594065e-01 -1.031378046919e-01 -1.021571548978e-01
 -1.011767225426e-01 -1.001967252478e-01 -9.921738352187e-02 -9.823891846649e-02
 -9.726154942854e-02 -9.628549162264e-02 -9.531095374852e-02 -9.433813562799e-02
 -9.336722588622e-02 -9.239839970152e-02 -9.143181664747e-02 -9.046761865018e-02
 -8.950592808272e-02 -8.854684601730e-02 -8.759045065450e-02 -8.663679594710e-02
 -8.568591043448e-02 -8.473779630136e-02 -8.379242867271e-02 -8.284975515456e-02
 -8.190969562787e-02 -8.097214230051e-02 -8.003696001986e-02 -7.910398684607e-02
 -7.817303488359e-02 -7.724389136610e-02 -7.631631998764e-02 -7.539006247026e-02
 -7.446484035627e-02 -7.354035701115e-02 -7.261629982088e-02 -7.169234256577e-02
 -7.076814795099e-02 -6.984337027251e-02 -6.891765819577e-02 -6.799065762310e-02
 -6.706201462523e-02 -6.613137841111e-02 -6.519840431006e-02 -6.426275673969e-02
 -6.332411213308e-02 -6.238216179858e-02 -6.143661468590e-02 -6.048720003210e-02
 -5.953366986165e-02 -5.857580131397e-02 -5.761339877213e-02 -5.664629576433e-02
 -5.567435660777e-02 -5.469747776024e-02 -5.371558883787e-02 -5.272865324793e-02
 -5.173666837083e-02 -5.073966520619e-02 -4.973770737127e-02 -4.873088930646e-02
 -4.771933350064e-02 -4.670318649984e-02 -4.568261340706e-02 -4.465779052289e-02
 -4.362889572236e-02 -4.259609612165e-02 -4.155953257319e-02 -4.051930055573e-02
 -3.947542711869e-02 -3.842784372101e-02 -3.737635509852e-02 -3.632060472264e-02
 -3.526003799169e-02 -3.419386502685e-02 -3.312102581150e-02 -3.204016137271e-02
 -3.094959568421e-02 -2.984733386546e-02 -2.873108291991e-02 -2.759830153298e-02
 -2.644628515369e-02 -2.527229154107e-02 -2.407371002152e-02 -2.284827479808e-02
 -2.159431878838e-02 -2.031105978266e-02 -1.899890548390e-02 -1.765975864525e-02
 -1.629729861281e-02 -1.491721176704e-02 -1.352734131920e-02 -1.213772729846e-02
 -1.076051085654e-02 -9.409683481294e-03 -8.100671288928e-03 -6.849756824546e-03
 -5.673354921056e-03 -4.587173973322e-03 -3.605308040350e-03 -2.739316931465e-03
 -1.997359351415e-03 -1.383447005748e-03 -8.968844590212e-04 -5.319502265451e-04
 -2.778594592662e-04 -1.190287175079e-04 -3.564038507888e-05 -4.480351309028e-06
 0.000000000000e+00
                Type                   L                   N
                   0                   1                   0
 0.000000000000e+00 9.344594386342e-03 1.865727101781e-02 2.790634807471e-02
 3.706061367255e-02 4.608955600814e-02 5.496358776665e-02 6.365426295373e-02
 7.213448438222e-02 8.037870012357e-02 8.836308732899e-02 9.606572193428e-02
 1.034667328836e-01 1.105484396402e-01 1.172954718969e-01 1.236948705488e-01
 1.297361691556e-01 1.354114552826e-01 1.407154112865e-01 1.456453342814e-01
 1.502011352037e-01 1.543853170661e-01 1.582029326699e-01 1.616615222188e-01
 1.647710314421e-01 1.675437110029e-01 1.699939981191e-01 1.721383814739e-01
 1.739952506293e-01 1.755847312812e-01 1.769285078117e-01 1.780496346906e-01
 1.789723383707e-01 1.797218113877e-01 1.803240004392e-01 1.808053902524e-01
 1.811927850804e-01 1.815130896747e-01 1.817930915724e-01 1.820592465183e-01
 1.823374687992e-01 1.826529282156e-01 1.830298553482e-01 1.834913566909e-01
 1.840592411286e-01 1.847538591277e-01 1.855939558886e-01 1.865965395777e-01
 1.877767656191e-01 1.891478378778e-01 1.907209274137e-01 1.925051093277e-01
 1.945073180586e-01 1.967323213259e-01 1.991827127513e-01 2.018589230244e-01
 2.047592493204e-01 2.078799025190e-01 2.112150716222e-01 2.147570046208e-01
 2.184961049263e-01 2.224210423508e-01 2.265188775035e-01 2.307751983605e-01
 2.351742676722e-01 2.396991797894e-01 2.443320254163e-01 2.490540627482e-01
 2.538458934065e-01 2.586876415589e-01 2.635591346005e-01 2.684400837743e-01
 2.733102631270e-01 2.781496852291e-01 2.829387721321e-01 2.876585200961e-01
 2.922906566942e-01 2.968177889805e-01 3.012235415081e-01 3.054926830859e-01
 3.096112412780e-01 3.135666037724e-01 3.173476058747e-01 3.209446035178e-01
 3.243495313169e-01 3.275559453406e-01 3.305590504164e-01 3.333557119256e-01
 3.359444521943e-01 3.383254317205e-01 3.405004156168e-01 3.424727257831e-01
 3.442471794432e-01 3.458300148044e-01 3.472288047055e-01 3.484523592211e-01
 3.495106182830e-01 3.504145354560e-01 3.511759540793e-01 3.518074770371e-01
 3.523223314703e-01 3.527342297696e-01 3.530572282123e-01 3.533055846081e-01
 3.534936163153e-01 3.536355599650e-01 3.537454342040e-01 3.538369067166e-01
 3.539231667366e-01 3.540168041878e-01 3.541296965203e-01 3.542729042201e-01
 3.544565758769e-01 3.546898635928e-01 3.549808494081e-01 3.553364833032e-01
 3.557625332230e-01 3.562635474463e-01 3.568428295000e-01 3.575024256992e-01
 3.582431252659e-01 3.590644728633e-01 3.599647932622e-01 3.609412277425e-01
 3.619897817249e-01 3.631053830240e-01 3.642819500187e-01 3.655124689468e-01
 3.667890794531e-01 3.681031674477e-01 3.694454642728e-01 3.708061511239e-01
 3.721749676363e-01 3.735413235129e-01 3.748944120596e-01 3.762233244825e-01
 3.775171638101e-01 3.787651573194e-01 3.799567663703e-01 3.810817925923e-01
 3.821304794145e-01 3.830936079855e-01 3.839625865969e-01 3.847295327981e-01
 3.853873474677e-01 3.859297802005e-01 3.863514854535e-01 3.866480689994e-01
 3.868161243318e-01 3.868532587709e-01 3.867581091246e-01 3.865303468625e-01
 3.861706728674e-01 3.856808019291e-01 3.850634372474e-01 3.843222353079e-01
 3.834617615843e-01 3.824874376087e-01 3.814054800335e-01 3.802228323787e-01
 3.789470902264e-01 3.775864206826e-01 3.761494769728e-01 3.746453090809e-01
 3.730832713691e-01 3.714729281386e-01 3.698239581017e-01 3.681460587367e-01
 3.664488514904e-01 3.647417887724e-01 3.630340636608e-01 3.613345232011e-01
 3.596515861364e-01 3.579931658545e-01 3.563665992765e-01 3.547785823455e-01
 3.532351127026e-01 3.517414400570e-01 3.503020246765e-01 3.489205043383e-01
 3.475996699919e-01 3.463414502949e-01 3.451469050927e-01 3.440162278200e-01
 3.429487567149e-01 3.419429946461e-01 3.409966372696e-01 3.401066091479e-01
 3.392691073904e-01 3.384796522989e-01 3.377331444362e-01 3.370239274770e-01
 3.363458561458e-01 3.356923685031e-01 3.350565618001e-01 3.344312710972e-01
 3.338091498165e-01 3.331827513881e-01 3.325446111457e-01 3.318873276318e-01
 3.312036424856e-01 3.304865181082e-01 3.297292123295e-01 3.289253493383e-01
 3.280689861805e-01 3.271546741823e-01 3.261775147118e-01 3.251332087549e-01
 3.240180998498e-01 3.228292099943e-01 3.215642682161e-01 3.202217315740e-01
 3.188007984362e-01 3.173014139627e-01 3.157242677984e-01 3.140707840649e-01
 3.123431038144e-01 3.105440601874e-01 3.086771465877e-01 3.067464782565e-01
 3.047567476942e-01 3.027131744358e-01 3.006214497410e-01 2.984876768087e-01
 2.963183071643e-01 2.941200739059e-01 2.918999225206e-01 2.896649400006e-01
 2.874222830052e-01 2.851791058131e-01 2.829424888118e-01 2.807193682559e-01
 2.785164680093e-01 2.763402339615e-01 2.741967717737e-01 2.720917885736e-01
 2.700305391710e-01 2.680177773167e-01 2.660577124722e-01 2.641539724957e-01
 2.623095725877e-01 2.605268907731e-01 2.588076501253e-01 2.571529078699e-01
 2.555630514301e-01 2.540378014076e-01 2.525762214198e-01 2.511767346418e-01
 2.498371468382e-01 2.485546756002e-01 2.473259854425e-01 2.461472283580e-01
 2.450140893717e-01 2.439218365891e-01 2.428653751906e-01 2.418393047847e-01
 2.408379795050e-01 2.398555702078e-01 2.388861281142e-01 2.379236492243e-01
 2.369621388330e-01 2.359956754758e-01 2.350184736459e-01 2.340249446388e-01
 2.330097549066e-01 2.319678813295e-01 2.308946628535e-01 2.297858479787e-01
 2.286376376324e-01 2.274467230103e-01 2.262103180249e-01 2.249261860563e-01
 2.235926607637e-01 2.222086607787e-01 2.207736981637e-01 2.192878805873e-01
 2.177519072314e-01 2.161670585129e-01 2.145351797611e-01 2.128586590615e-01
 2.111403995287e-01 2.093837863321e-01 2.075926488498e-01 2.057712183727e-01
 2.039240818277e-01 2.020561320257e-01 2.001725149725e-01 1.982785748126e-01
 1.963797969907e-01 1.944817502382e-01 1.925900279951e-01 1.907101898837e-01
 1.888477038454e-01 1.870078895422e-01 1.851958636074e-01 1.834164873084e-01
 1.816743171564e-01 1.799735589632e-01 1.783180258094e-01 1.767111003411e-01
 1.751557017692e-01 1.736542578918e-01 1.722086824066e-01 1.708203577247e-01
 1.694901234379e-01 1.682182705314e-01 1.670045413757e-01 1.658481354674e-01
 1.647477208324e-01 1.637014509436e-01 1.627069869503e-01 1.617615249604e-01
 1.608618280660e-01 1.600042627543e-01 1.591848393023e-01 1.583992557135e-01
 1.576429447190e-01 1.569111233380e-01 1.561988444648e-01 1.555010499345e-01
 1.548126245024e-01 1.541284501693e-01 1.534434602793e-01 1.527526928264e-01
 1.520513424123e-01 1.513348103178e-01 1.505987521694e-01 1.498391227134e-01
 1.490522172380e-01 1.482347092242e-01 1.473836838463e-01 1.464966669870e-01
 1.455716494823e-01 1.446071063592e-01 1.436020108880e-01 1.425558433186e-01
 1.414685942342e-01 1.403407625058e-01 1.391733478918e-01 1.379678383806e-01
 1.367261924308e-01 1.354508163134e-01 1.341445368144e-01 1.328105696017e-01
 1.314524836044e-01 1.300741617949e-01 1.286797587982e-01 1.272736557867e-01
 1.258604131438e-01 1.244447214019e-01 1.230313509782e-01 1.216251012395e-01
 1.202307494353e-01 1.188530000360e-01 1.174964350094e-01 1.161654655527e-01
 1.148642857859e-01 1.135968288860e-01 1.123667261155e-01 1.111772691678e-01
 1.100313762147e-01 1.089315620017e-01 1.078799122938e-01 1.068780629266e-01
 1.059271836696e-01 1.050279670570e-01 1.041806222887e-01 1.033848742510e-01
 1.026399676516e-01 1.019446762115e-01 1.012973168023e-01 1.006957683652e-01
 1.001374954008e-01 9.961957576785e-02 9.913873248768e-02 9.869136920787e-02
 9.827360894209e-02 9.788133566927e-02 9.751023834633e-02 9.715585686467e-02
 9.681362946117e-02 9.647894108038e-02 9.614717217604e-02 9.581374743633e-02
 9.547418391961e-02 9.512413809454e-02 9.475945129127e-02 9.437619308819e-02
 9.397070218145e-02 9.353962431197e-02 9.307994685635e-02 9.258902972418e-02
 9.206463224376e-02 9.150493576091e-02 9.090856172144e-02 9.027458505551e-02
 8.960254273207e-02 8.889243740246e-02 8.814473610420e-02 8.736036404769e-02
 8.654069356063e-02 8.568752831535e-02 8.480308301399e-02 8.388995875359e-02
 8.295111433855e-02 8.198983384992e-02 8.100969081991e-02 8.001450939518e-02
 7.900832290370e-02 7.799533026638e-02 7.697985071708e-02 7.596627731159e-02
 7.495902971814e-02 7.396250678928e-02 7.298103941625e-02 7.201884416368e-02
 7.107997817350e-02 7.016829581316e-02 6.928740752419e-02 6.844064130378e-02
 6.763100722365e-02 6.686116535830e-02 6.613339745853e-02 6.544958266619e-02
 6.481117752364e-02 6.421920048582e-02 6.367422109532e-02 6.317635393174e-02
 6.272525739610e-02 6.232013734055e-02 6.195975550202e-02 6.164244264859e-02
 6.136611629729e-02 6.112830281417e-02 6.092616366158e-02 6.075652551370e-02
 6.061591392112e-02 6.050059016757e-02 6.040659092875e-02 6.032977031364e-02
 6.026584384337e-02 6.021043390289e-02 6.015911618461e-02 6.010746663315e-02
 6.005110839470e-02 5.998575827448e-02 5.990727221086e-02 5.981168928493e-02
 5.969527379928e-02 5.955455498043e-02 5.938636388341e-02 5.918786710694e-02
 5.895659696037e-02 5.869047776106e-02 5.838784798109e-02 5.804747800569e-02
 5.766858331186e-02 5.725083292341e-02 5.679435304828e-02 5.629972585457e-02
 5.576798339274e-02 5.520059672237e-02 5.459946035234e-02 5.396687215281e-02
 5.330550894493e-02 5.261839802002e-02 5.190888488297e-02 5.118059755479e-02
 5.043740780581e-02 4.968338972379e-02 4.892277605006e-02 4.815991274069e-02
 4.739921222943e-02 4.664510588340e-02 4.590199615232e-02 4.517420891584e-02
 4.446594653288e-02 4.378124209058e-02 4.312391533885e-02 4.249753078019e-02
 4.190535836298e-02 4.135033720022e-02 4.083504270528e-02 4.036165750150e-02
 3.993194642382e-02 3.954723588914e-02 3.920839786683e-02 3.891583863380e-02
 3.866949244914e-02 3.846882023219e-02 3.831281327633e-02 3.820000197819e-02
 3.812846950982e-02 3.809587030945e-02 3.809945321615e-02 3.813608902456e-02
 3.820230218916e-02 3.829430636354e-02 3.840804341887e-02 3.853922554845e-02
 3.868338003159e-02 3.883589620072e-02 3.899207413090e-02 3.914717455108e-02
 3.929646946152e-02 3.943529293225e-02 3.955909155319e-02 3.966347400755e-02
 3.974425924686e-02 3.979752275771e-02 3.981964042724e-02 3.980732953709e-02
 3.975768644200e-02 3.966822052134e-02 3.953688402768e-02 3.936209749643e-02
 3.914277042420e-02 3.887831696999e-02 3.856866648282e-02 3.821426871077e-02
 3.781609359977e-02 3.737562564449e-02 3.689485280902e-02 3.637625008971e-02
 3.582275784711e-02 3.523775508761e-02 3.462502792700e-02 3.398873351806e-02
 3.333335977154e-02 3.266368124394e-02 3.198471160604e-02 3.130165314273e-02
 3.061984376724e-02 2.994470206009e-02 2.928167086628e-02 2.863616000123e-02
 2.801348862866e-02 2.741882787959e-02 2.685714428314e-02 2.633314457452e-02
 2.585122243556e-02 2.541540770645e-02 2.502931858574e-02 2.469611730751e-02
 2.441846975128e-02 2.419850940025e-02 2.403780601745e-02 2.393733935585e-02
 2.389747815721e-02 2.391796462293e-02 2.399790445751e-02 2.413576248709e-02
 2.432936374043e-02 2.457589974204e-02 2.487193960392e-02 2.521344531112e-02
 2.559579037478e-02 2.601378077877e-02 2.646167688193e-02 2.693321467517e-02
 2.742162456545e-02 2.791964571199e-02 2.841953394221e-02 2.891306150765e-02
 2.939150750218e-02 2.984563875973e-02 3.026568257095e-02 3.064129467352e-02
 3.096152868569e-02 3.121481638681e-02 3.138897179967e-02 3.147123555108e-02
 3.144837897606e-02 3.130688923881e-02 3.103325662277e-02 3.061438232091e-02
 3.003811886051e-02 2.929394528821e-02 2.837376538478e-02 2.727279998707e-02
 2.599052513458e-02 2.453158808127e-02 2.290661568418e-02 2.113281717039e-02
 1.923427874789e-02 1.724185357333e-02 1.519256899598e-02 1.312850424432e-02
 1.109513462840e-02 9.139189885120e-03 7.306129734887e-03 5.637392920457e-03
 4.167620136062e-03 2.922079681669e-03 1.914531918354e-03 1.145751288464e-03
 6.028822682710e-04 2.597408216080e-04 7.809153038791e-05 9.840967795113e-06
 0.000000000000e+00
                Type                   L                   N
                   0                   1                   1
 0.000000000000e+00 6.699459553555e-03 1.339191645412e-02 2.007041637395e-02
 2.672810123372e-02 3.335825632455e-02 3.995435623749e-02 4.651010921860e-02
 5.301949958195e-02 5.947682782929e-02 6.587674814512e-02 7.221430295843e-02
 7.848495428765e-02 8.468461161321e-02 9.080965605179e-02 9.685696063829e-02
 1.028239065549e-01 1.087083951814e-01 1.145088558768e-01 1.202242494384e-01
 1.258540672220e-01 1.313983259434e-01 1.368575582180e-01 1.422327989319e-01
 1.475255675722e-01 1.527378466802e-01 1.578720566200e-01 1.629310268907e-01
 1.679179642343e-01 1.728364178209e-01 1.776902418158e-01 1.824835556534e-01
 1.872207023624e-01 1.919062053012e-01 1.965447236737e-01 2.011410072072e-01
 2.056998503755e-01 2.102260465555e-01 2.147243425034e-01 2.191993935312e-01
 2.236557197564e-01 2.280976637883e-01 2.325293501967e-01 2.369546470953e-01
 2.413771301484e-01 2.458000492909e-01 2.502262984213e-01 2.546583883066e-01
 2.590984229025e-01 2.635480792660e-01 2.680085912043e-01 2.724807367686e-01
 2.769648296715e-01 2.814607146677e-01 2.859677669070e-01 2.904848952324e-01
 2.950105493616e-01 2.995427308586e-01 3.040790077695e-01 3.086165327641e-01
 3.131520645990e-01 3.176819926875e-01 3.222023645380e-01 3.267089157991e-01
 3.311971026295e-01 3.356621360923e-01 3.400990182598e-01 3.445025797000e-01
 3.488675180106e-01 3.531884370571e-01 3.574598865701e-01 3.616764017569e-01
 3.658325425865e-01 3.699229324107e-01 3.739422955970e-01 3.778854938580e-01
 3.817475609783e-01 3.855237356564e-01 3.892094921996e-01 3.928005688312e-01
 3.962929933935e-01 3.996831062549e-01 4.029675802577e-01 4.061434375712e-01
 4.092080633421e-01 4.121592160676e-01 4.149950346440e-01 4.177140420753e-01
 4.203151458565e-01 4.227976350766e-01 4.251611743148e-01 4.274057944319e-01
 4.295318803866e-01 4.315401562305e-01 4.334316674619e-01 4.352077609373e-01
 4.368700625628e-01 4.384204530033e-01 4.398610416633e-01 4.411941392052e-01
 4.424222288839e-01 4.435479369806e-01 4.445740026259e-01 4.455032473036e-01
 4.463385443268e-01 4.470827885735e-01 4.477388667639e-01 4.483096285531e-01
 4.487978587004e-01 4.492062505668e-01 4.495373811714e-01 4.497936880264e-01
 4.499774479440e-01 4.500907579941e-01 4.501355187648e-01 4.501134200559e-01
 4.500259291105e-01 4.498742814651e-01 4.496594744718e-01 4.493822635207e-01
 4.490431609646e-01 4.486424377218e-01 4.481801275080e-01 4.476560336238e-01
 4.470697381985e-01 4.464206137731e-01 4.457078370791e-01 4.449304048524e-01
 4.440871515059e-01 4.431767684637e-01 4.421978249505e-01 4.411487900141e-01
 4.400280555537e-01 4.388339601136e-01 4.375648132039e-01 4.362189198996e-01
 4.347946054772e-01 4.332902398423e-01 4.317042615122e-01 4.300352009214e-01
 4.282817028259e-01 4.264425475957e-01 4.245166711951e-01 4.225031836668e-01
 4.204013859507e-01 4.182107848877e-01 4.159311062743e-01 4.135623058585e-01
 4.111045781848e-01 4.085583632189e-01 4.059243507038e-01 4.032034822246e-01
 4.003969509756e-01 3.975061992515e-01 3.945329137024e-01 3.914790184144e-01
 3.883466658976e-01 3.851382260842e-01 3.818562734542e-01 3.785035724262e-01
 3.750830611648e-01 3.715978339685e-01 3.680511224165e-01 3.644462754608e-01
 3.607867386587e-01 3.570760327474e-01 3.533177317672e-01 3.495154409396e-01
 3.456727745089e-01 3.417933337541e-01 3.378806853720e-01 3.339383404292e-01
 3.299697340704e-01 3.259782061634e-01 3.219669830490e-01 3.179391605511e-01
 3.138976883897e-01 3.098453561224e-01 3.057847807263e-01 3.017183959125e-01
 2.976484432500e-01 2.935769651546e-01 2.895057997827e-01 2.854365778488e-01
 2.813707213682e-01 2.773094443053e-01 2.732537550935e-01 2.692044609703e-01
 2.651621740591e-01 2.611273191088e-01 2.571001427901e-01 2.530807244318e-01
 2.490689880702e-01 2.450647156700e-01 2.410675613687e-01 2.370770665875e-01
 2.330926758434e-01 2.291137530970e-01 2.251395984614e-01 2.211694651029e-01
 2.172025761593e-01 2.132381415077e-01 2.092753742145e-01 2.053135065097e-01
 2.013518051291e-01 1.973895858835e-01 1.934262273169e-01 1.894611833320e-01
 1.854939946714e-01 1.815242991553e-01 1.775518405928e-01 1.735764762966e-01
 1.695981831474e-01 1.656170621693e-01 1.616333415933e-01 1.576473784029e-01
 1.536596583697e-01 1.496707946044e-01 1.456815246622e-01 1.416927062568e-01
 1.377053116507e-01 1.337204208025e-01 1.297392133639e-01 1.257629596293e-01
 1.217930105517e-01 1.178307869462e-01 1.138777680088e-01 1.099354792856e-01
 1.060054802298e-01 1.020893514877e-01 9.818868205537e-02 9.430505644822e-02
 9.044004202263e-02 8.659517658695e-02 8.277195643340e-02 7.897182491714e-02
 7.519616170111e-02 7.144627277714e-02 6.772338136412e-02 6.402861977364e-02
 6.036302232225e-02 5.672751935732e-02 5.312293245095e-02 4.954997080326e-02
 4.600922888297e-02 4.250118531951e-02 3.902620304751e-02 3.558453069067e-02
 3.217630515904e-02 2.880155542073e-02 2.546020739669e-02 2.215208991557e-02
 1.887694165462e-02 1.563441898258e-02 1.242410461139e-02 9.245516955397e-03
 6.098120089913e-03 2.981334195267e-03 -1.054536321035e-04 -3.162878323049e-03
 -6.191585657032e-03 -9.192221085379e-03 -1.216541867967e-02 -1.511179032641e-02
 -1.803191528576e-02 -2.092633022756e-02 -2.379551985207e-02 -2.663990819603e-02
 -2.945985071674e-02 -3.225562723798e-02 -3.502743583201e-02 -3.777538770140e-02
 -4.049950311347e-02 -4.319970842847e-02 -4.587583425088e-02 -4.852761472098e-02
 -5.115468795151e-02 -5.375659760195e-02 -5.633279557096e-02 -5.888264577552e-02
 -6.140542897375e-02 -6.390034857758e-02 -6.636653739093e-02 -6.880306519954e-02
 -7.120894712960e-02 -7.358315268447e-02 -7.592461536210e-02 -7.823224274937e-02
 -8.050492698539e-02 -8.274155548170e-02 -8.494102178535e-02 -8.710223646915e-02
 -8.922413793392e-02 -9.130570300843e-02 -9.334595723517e-02 -9.534398473402e-02
 -9.729893754007e-02 -9.921004431817e-02 -1.010766183631e-01 -1.028980648024e-01
 -1.046738869270e-01 -1.064036915843e-01 -1.080871935791e-01 -1.097242190365e-01
 -1.113147076933e-01 -1.128587140955e-01 -1.143564076910e-01 -1.158080718166e-01
 -1.172141015931e-01 -1.185750007498e-01 -1.198913774143e-01 -1.211639389122e-01
 -1.223934856303e-01 -1.235809040115e-01 -1.247271587506e-01 -1.258332842771e-01
 -1.269003756103e-01 -1.279295786843e-01 -1.289220802419e-01 -1.298790974028e-01
 -1.308018670136e-01 -1.316916348889e-01 -1.325496450544e-01 -1.333771291030e-01
 -1.341752957702e-01 -1.349453208379e-01 -1.356883374670e-01 -1.364054270578e-01
 -1.370976107291e-01 -1.377658415020e-01 -1.384109972672e-01 -1.390338746027e-01
 -1.396351835058e-01 -1.402155430877e-01 -1.407754782723e-01 -1.413154175307e-01
 -1.418356916695e-01 -1.423365336820e-01 -1.428180796602e-01 -1.432803707547e-01
 -1.437233561567e-01 -1.441468970703e-01 -1.445507716276e-01 -1.449346806943e-01
 -1.452982545019e-01 -1.456410600339e-01 -1.459626090892e-01 -1.462623669338e-01
 -1.465397614513e-01 -1.467941926942e-01 -1.470250427362e-01 -1.472316857221e-01
 -1.474134980095e-01 -1.475698682980e-01 -1.477002076389e-01 -1.478039592236e-01
 -1.478806078477e-01 -1.479296889548e-01 -1.479507971659e-01 -1.479435942083e-01
 -1.479078161622e-01 -1.478432799515e-01 -1.477498890138e-01 -1.476276380918e-01
 -1.474766170996e-01 -1.472970140241e-01 -1.470891168348e-01 -1.468533143842e-01
 -1.465900962907e-01 -1.463000518078e-01 -1.459838676933e-01 -1.456423251020e-01
 -1.452762955355e-01 -1.448867358938e-01 -1.444746826797e-01 -1.440412454176e-01
 -1.435875993565e-01 -1.431149775318e-01 -1.426246622695e-01 -1.421179762206e-01
 -1.415962730178e-01 -1.410609276498e-01 -1.405133266545e-01 -1.399548582275e-01
 -1.393869023496e-01 -1.388108210323e-01 -1.382279487794e-01 -1.376395833613e-01
 -1.370469769947e-01 -1.364513280146e-01 -1.358537731218e-01 -1.352553802826e-01
 -1.346571423486e-01 -1.340599714593e-01 -1.334646942805e-01 -1.328720481225e-01
 -1.322826779737e-01 -1.316971344746e-01 -1.311158728484e-01 -1.305392527936e-01
 -1.299675393337e-01 -1.294009046116e-01 -1.288394306018e-01 -1.282831127102e-01
 -1.277318642159e-01 -1.271855215060e-01 -1.266438500431e-01 -1.261065509985e-01
 -1.255732684791e-01 -1.250435972666e-01 -1.245170909866e-01 -1.239932706168e-01
 -1.234716332446e-01 -1.229516609782e-01 -1.224328299162e-01 -1.219146190798e-01
 -1.213965192130e-01 -1.208780413558e-01 -1.203587251014e-01 -1.198381464484e-01
 -1.193159251666e-01 -1.187917315976e-01 -1.182652928206e-01 -1.177363981167e-01
 -1.172049036770e-01 -1.166707365038e-01 -1.161338974662e-01 -1.155944634774e-01
 -1.150525887734e-01 -1.145085052785e-01 -1.139625220571e-01 -1.134150238572e-01
 -1.128664687619e-01 -1.123173849762e-01 -1.117683667815e-01 -1.112200697040e-01
 -1.106732049463e-01 -1.101285331437e-01 -1.095868575104e-01 -1.090490164489e-01
 -1.085158757013e-01 -1.079883201253e-01 -1.074672451818e-01 -1.069535482250e-01
 -1.064481196863e-01 -1.059518342448e-01 -1.054655420795e-01 -1.049900602924e-01
 -1.045261645968e-01 -1.040745813545e-01 -1.036359800497e-01 -1.032109662758e-01
 -1.028000753118e-01 -1.024037663539e-01 -1.020224174650e-01 -1.016563212946e-01
 -1.013056816154e-01 -1.009706107123e-01 -1.006511276526e-01 -1.003471574568e-01
 -1.000585311779e-01 -9.978498689012e-02 -9.952617157727e-02 -9.928164390202e-02
 -9.905087782726e-02 -9.883326705312e-02 -9.862813022376e-02 -9.843471685038e-02
 -9.825221388922e-02 -9.807975290668e-02 -9.791641775725e-02 -9.776125269480e-02
 -9.761327083301e-02 -9.747146286707e-02 -9.733480596609e-02 -9.720227274353e-02
 -9.707284021234e-02 -9.694549863142e-02 -9.681926015082e-02 -9.669316716561e-02
 -9.656630029052e-02 -9.643778587204e-02 -9.630680295857e-02 -9.617258965547e-02
 -9.603444879735e-02 -9.589175287763e-02 -9.574394818234e-02 -9.559055808375e-02
 -9.543118545773e-02 -9.526551419784e-02 -9.509330980847e-02 -9.491441906867e-02
 -9.472876876800e-02 -9.453636352533e-02 -9.433728271093e-02 -9.413167650136e-02
 -9.391976110602e-02 -9.370181321245e-02 -9.347816370594e-02 -9.324919072634e-02
 -9.301531213226e-02 -9.277697744886e-02 -9.253465938119e-02 -9.228884497952e-02
 -9.204002654721e-02 -9.178869238436e-02 -9.153531746280e-02 -9.128035412865e-02
 -9.102422292914e-02 -9.076730365933e-02 -9.050992672245e-02 -9.025236489511e-02
 -8.999482558455e-02 -8.973744366080e-02 -8.948027494129e-02 -8.922329039882e-02
 -8.896637115761e-02 -8.870930433386e-02 -8.845177976976e-02 -8.819338770081e-02
 -8.793361738767e-02 -8.767185673414e-02 -8.740739290339e-02 -8.713941393505e-02
 -8.686701135571e-02 -8.658918376604e-02 -8.630484137808e-02 -8.601281146688e-02
 -8.571184469210e-02 -8.540062223632e-02 -8.507776369915e-02 -8.474183567861e-02
 -8.439136096467e-02 -8.402482826381e-02 -8.364070236828e-02 -8.323743467896e-02
 -8.281347398778e-02 -8.236727742190e-02 -8.189732145072e-02 -8.140211285462e-02
 -8.088019955384e-02 -8.033018119513e-02 -7.975071939298e-02 -7.914054752089e-02
 -7.849847994541e-02 -7.782342059053e-02 -7.711437071130e-02 -7.637043574185e-02
 -7.559083106189e-02 -7.477488649574e-02 -7.392204931613e-02 -7.303188546980e-02
 -7.210407867156e-02 -7.113842692762e-02 -7.013483594989e-02 -6.909330881585e-02
 -6.801393112320e-02 -6.689685080049e-02 -6.574225168846e-02 -6.455032003134e-02
 -6.332120315348e-02 -6.205495988853e-02 -6.075150282495e-02 -5.941053317871e-02
 -5.803147013587e-02 -5.661337783892e-02 -5.515489479992e-02 -5.365417234373e-02
 -5.210883059033e-02 -5.051594228487e-02 -4.887205621795e-02 -4.717327273350e-02
 -4.541538354432e-02 -4.359408641855e-02 -4.170528196304e-02 -3.974545452366e-02
 -3.771213213102e-02 -3.560441165867e-02 -3.342352542116e-02 -3.117341510200e-02
 -2.886126921789e-02 -2.649797254644e-02 -2.409841140898e-02 -2.168157867863e-02
 -1.927042789464e-02 -1.689143748727e-02 -1.457386382222e-02 -1.234868480611e-02
 -1.024726263683e-02 -8.299782711670e-03 -6.533552963636e-03 -4.971270949860e-03
 -3.629381903351e-03 -2.516657164099e-03 -1.633117222389e-03 -9.694064385600e-04
 -5.066980409585e-04 -2.171702567491e-04 -6.505058312408e-05 -8.179314997439e-06
 0.000000000000e+00
                Type                   L                   N
                   0                   2                   0
 0.000000000000e+00 -1.642692654817e-04 -6.567580545586e-04 -1.476510424272e-03
 -2.621936914362e-03 -4.090820150864e-03 -5.880322673262e-03 -7.986996917343e-03
 -1.040679731000e-02 -1.313509440492e-02 -1.616669098546e-02 -1.949584004831e-02
 -2.311626457164e-02 -2.702117896318e-02 -3.120331207527e-02 -3.565493166584e-02
 -4.036787017918e-02 -4.533355171254e-02 -5.054302003197e-02 -5.598696749498e-02
 -6.165576473620e-02 -6.753949096916e-02 -7.362796475686e-02 -7.991077510377e-02
 -8.637731272236e-02 -9.301680132973e-02 -9.981832883217e-02 -1.067708782594e-01
 -1.138633583144e-01 -1.210846334110e-01 -1.284235530748e-01 -1.358689805946e-01
 -1.434098208119e-01 -1.510350469514e-01 -1.587337263975e-01 -1.664950453350e-01
 -1.743083321783e-01 -1.821630797246e-01 -1.900489659764e-01 -1.979558735855e-01
 -2.058739078850e-01 -2.137934134809e-01 -2.217049893874e-01 -2.295995026989e-01
 -2.374681007996e-01 -2.453022221215e-01 -2.530936054705e-01 -2.608342979463e-01
 -2.685166614918e-01 -2.761333781121e-01 -2.836774538125e-01 -2.911422213074e-01
 -2.985213415587e-01 -3.058088042089e-01 -3.129989269721e-01 -3.200863540558e-01
 -3.270660536837e-01 -3.339333147934e-01 -3.406837429847e-01 -3.473132557913e-01
 -3.538180773523e-01 -3.601947325562e-01 -3.664400407277e-01 -3.725511089298e-01
 -3.785253249446e-01 -3.843603499992e-01 -3.900541112946e-01 -3.956047943949e-01
 -4.010108355279e-01 -4.062709138434e-01 -4.113839436725e-01 -4.163490668253e-01
 -4.211656449571e-01 -4.258332520325e-01 -4.303516669091e-01 -4.347208660553e-01
 -4.389410164188e-01 -4.430124684482e-01 -4.469357492755e-01 -4.507115560541e-01
 -4.543407494505e-01 -4.578243472794e-01 -4.611635182703e-01 -4.643595759523e-01
 -4.674139726391e-01 -4.703282934966e-01 -4.731042506711e-01 -4.757436774602e-01
 -4.782485225005e-01 -4.806208439552e-01 -4.828628036760e-01 -4.849766613225e-01
 -4.869647684171e-01 -4.888295623201e-01 -4.905735601080e-01 -4.921993523425e-01
 -4.937095967200e-01 -4.951070115928e-01 -4.963943693591e-01 -4.975744897187e-01
 -4.986502327981e-01 -4.996244921500e-01 -5.005001876363e-01 -5.012802582073e-01
 -5.019676545939e-01 -5.025653319310e-01 -5.030762423363e-01 -5.035033274697e-01
 -5.038495111008e-01 -5.041176917182e-01 -5.043107352107e-01 -5.044314676582e-01
 -5.044826682680e-01 -5.044670624947e-01 -5.043873153813e-01 -5.042460251632e-01
 -5.040457171707e-01 -5.037888380708e-01 -5.034777504855e-01 -5.031147280208e-01
 -5.027019507438e-01 -5.022415011367e-01 -5.017353605598e-01 -5.011854062485e-01
 -5.005934088680e-01 -4.999610306448e-01 -4.992898240917e-01 -4.985812313370e-01
 -4.978365840646e-01 -4.970571040693e-01 -4.962439044239e-01 -4.953979912517e-01
 -4.945202660942e-01 -4.936115288563e-01 -4.926724813091e-01 -4.917037311257e-01
 -4.907057964194e-01 -4.896791107512e-01 -4.886240285686e-01 -4.875408310351e-01
 -4.864297322050e-01 -4.852908854968e-01 -4.841243904150e-01 -4.829302994672e-01
 -4.817086252243e-01 -4.804593474671e-01 -4.791824203645e-01 -4.778777796268e-01
 -4.765453495775e-01 -4.751850500897e-01 -4.737968033318e-01 -4.723805402707e-01
 -4.709362068822e-01 -4.694637700207e-01 -4.679632229036e-01 -4.664345901693e-01
 -4.648779324707e-01 -4.632933505721e-01 -4.616809889182e-01 -4.600410386538e-01
 -4.583737400719e-01 -4.566793844783e-01 -4.549583154606e-01 -4.532109295616e-01
 -4.514376763537e-01 -4.496390579251e-01 -4.478156277871e-01 -4.459679892195e-01
 -4.440967930777e-01 -4.422027350859e-01 -4.402865526480e-01 -4.383490212124e-01
 -4.363909502282e-01 -4.344131787362e-01 -4.324165706396e-01 -4.304020097036e-01
 -4.283703943332e-01 -4.263226321813e-01 -4.242596346422e-01 -4.221823112823e-01
 -4.200915642639e-01 -4.179882828160e-01 -4.158733378053e-01 -4.137475764591e-01
 -4.116118172922e-01 -4.094668452840e-01 -4.073134073529e-01 -4.051522081700e-01
 -4.029839063521e-01 -4.008091110679e-01 -3.986283790912e-01 -3.964422123251e-01
 -3.942510558229e-01 -3.920552963210e-01 -3.898552612972e-01 -3.876512185629e-01
 -3.854433763909e-01 -3.832318841766e-01 -3.810168336256e-01 -3.787982604551e-01
 -3.765761465914e-01 -3.743504228424e-01 -3.721209720188e-01 -3.698876324728e-01
 -3.676502020218e-01 -3.654084422175e-01 -3.631620829213e-01 -3.609108271413e-01
 -3.586543560859e-01 -3.563923343856e-01 -3.541244154352e-01 -3.518502468048e-01
 -3.495694756703e-01 -3.472817542124e-01 -3.449867449346e-01 -3.426841258512e-01
 -3.403735954970e-01 -3.380548777143e-01 -3.357277261723e-01 -3.333919285802e-01
 -3.310473105542e-01 -3.286937391054e-01 -3.263311257183e-01 -3.239594289926e-01
 -3.215786568260e-01 -3.191888681212e-01 -3.167901740023e-01 -3.143827385326e-01
 -3.119667789300e-01 -3.095425652804e-01 -3.071104197545e-01 -3.046707153389e-01
 -3.022238740948e-01 -2.997703649641e-01 -2.973107011464e-01 -2.948454370730e-01
 -2.923751650091e-01 -2.899005113180e-01 -2.874221324248e-01 -2.849407105185e-01
 -2.824569490354e-01 -2.799715679657e-01 -2.774852990308e-01 -2.749988807757e-01
 -2.725130536235e-01 -2.700285549393e-01 -2.675461141487e-01 -2.650664479584e-01
 -2.625902557208e-01 -2.601182149877e-01 -2.576509772925e-01 -2.551891641988e-01
 -2.527333636532e-01 -2.502841266717e-01 -2.478419643914e-01 -2.454073455120e-01
 -2.429806941485e-01 -2.405623881132e-01 -2.381527576412e-01 -2.357520845665e-01
 -2.333606019562e-01 -2.309784942017e-01 -2.286058975632e-01 -2.262429011603e-01
 -2.238895483956e-01 -2.215458387959e-01 -2.192117302495e-01 -2.168871416179e-01
 -2.145719556925e-01 -2.122660224683e-01 -2.099691626996e-01 -2.076811717037e-01
 -2.054018233742e-01 -2.031308743641e-01 -2.008680684000e-01 -1.986131406825e-01
 -1.963658223342e-01 -1.941258448493e-01 -1.918929445058e-01 -1.896668666965e-01
 -1.874473701396e-01 -1.852342309295e-01 -1.830272463901e-01 -1.808262386964e-01
 -1.786310582308e-01 -1.764415866443e-01 -1.742577395963e-01 -1.720794691484e-01
 -1.699067657923e-01 -1.677396600956e-01 -1.655782239513e-01 -1.634225714237e-01
 -1.612728591835e-01 -1.591292865331e-01 -1.569920950226e-01 -1.548615676640e-01
 -1.527380277549e-01 -1.506218373230e-01 -1.485133952114e-01 -1.464131348238e-01
 -1.443215215538e-01 -1.422390499244e-01 -1.401662404681e-01 -1.381036363762e-01
 -1.360517999539e-01 -1.340113089127e-01 -1.319827525384e-01 -1.299667277702e-01
 -1.279638352293e-01 -1.259746752330e-01 -1.239998438338e-01 -1.220399289180e-01
 -1.200955064006e-01 -1.181671365514e-01 -1.162553604843e-01 -1.143606968416e-01
 -1.124836387016e-01 -1.106246507363e-01 -1.087841666422e-01 -1.069625868665e-01
 -1.051602766446e-01 -1.033775643649e-01 -1.016147402710e-01 -9.987205551026e-02
 -9.814972153203e-02 -9.644790983700e-02 -9.476675207480e-02 -9.310634048405e-02
 -9.146672866548e-02 -8.984793267569e-02 -8.824993242597e-02 -8.667267336793e-02
 -8.511606844477e-02 -8.358000028489e-02 -8.206432361215e-02 -8.056886784528e-02
 -7.909343985739e-02 -7.763782686517e-02 -7.620179941622e-02 -7.478511444280e-02
 -7.338751834922e-02 -7.200875010075e-02 -7.064854428184e-02 -6.930663409221e-02
 -6.798275425034e-02 -6.667664377504e-02 -6.538804861748e-02 -6.411672411773e-02
 -6.286243726181e-02 -6.162496871791e-02 -6.040411463254e-02 -5.919968817010e-02
 -5.801152078243e-02 -5.683946319748e-02 -5.568338611952e-02 -5.454318063623e-02
 -5.341875833119e-02 -5.231005110347e-02 -5.121701069883e-02 -5.013960796048e-02
 -4.907783180969e-02 -4.803168796998e-02 -4.700119745065e-02 -4.598639480834e-02
 -4.498732620724e-02 -4.400404730084e-02 -4.303662095978e-02 -4.208511487189e-02
 -4.114959904195e-02 -4.023014321934e-02 -3.932681428290e-02 -3.843967361216e-02
 -3.756877447480e-02 -3.671415945935e-02 -3.587585798217e-02 -3.505388389656e-02
 -3.424823323101e-02 -3.345888208206e-02 -3.268578468570e-02 -3.192887168942e-02
 -3.118804864486e-02 -3.046319473874e-02 -2.975416177735e-02 -2.906077343723e-02
 -2.838282479194e-02 -2.772008212199e-02 -2.707228301209e-02 -2.643913673708e-02
 -2.582032493461e-02 -2.521550256019e-02 -2.462429911691e-02 -2.404632014966e-02
 -2.348114899070e-02 -2.292834874114e-02 -2.238746447028e-02 -2.185802561259e-02
 -2.133954854016e-02 -2.083153928653e-02 -2.033349639629e-02 -1.984491387361e-02
 -1.936528420172e-02 -1.889410140452e-02 -1.843086412138e-02 -1.797507866546e-02
 -1.752626203652e-02 -1.708394485912e-02 -1.664767421822e-02 -1.621701636468e-02
 -1.579155926490e-02 -1.537091496973e-02 -1.495472178019e-02 -1.454264618872e-02
 -1.413438457760e-02 -1.372966465786e-02 -1.332824663492e-02 -1.292992408968e-02
 -1.253452456654e-02 -1.214190986262e-02 -1.175197601539e-02 -1.136465298890e-02
 -1.097990406143e-02 -1.059772492068e-02 -1.021814247514e-02 -9.841213392996e-03
 -9.467022382851e-03 -9.095680232764e-03 -8.727321626500e-03 -8.362102758118e-03
 -8.000198767873e-03 -7.641801024188e-03 -7.287114277888e-03 -6.936353716145e-03
 -6.589741944534e-03 -6.247505926265e-03 -5.909873908084e-03 -5.577072362439e-03
 -5.249322975326e-03 -4.926839708788e-03 -4.609825966296e-03 -4.298471888214e-03
 -3.992951803310e-03 -3.693421860693e-03 -3.400017864847e-03 -3.112853334402e-03
 -2.832017803119e-03 -2.557575379202e-03 -2.289563576504e-03 -2.027992428565e-03
 -1.772843893644e-03 -1.524071556053e-03 -1.281600626236e-03 -1.045328239069e-03
 -8.151240469883e-04 -5.908311016268e-04 -3.722670148293e-04 -1.592253871751e-04
 4.852251049767e-05 2.512258195590e-04 4.491519593675e-04 6.425842978263e-04
 8.318196501194e-04 1.017165630737e-03 1.198937885377e-03 1.377457230515e-03
 1.553046729394e-03 1.726028733840e-03 1.896721921695e-03 2.065438359771e-03
 2.232480622008e-03 2.398138992051e-03 2.562688778693e-03 2.726387771574e-03
 2.889473863213e-03 3.052162861896e-03 3.214646518091e-03 3.377090785061e-03
 3.539634332073e-03 3.702387326177e-03 3.865430495940e-03 4.028814487766e-03
 4.192559522617e-03 4.356655357983e-03 4.521061556981e-03 4.685708063421e-03
 4.850496078681e-03 5.015299233190e-03 5.179965042422e-03 5.344316634413e-03
 5.508154733079e-03 5.671259878990e-03 5.833394866823e-03 5.994307376431e-03
 6.153732772434e-03 6.311397045381e-03 6.467019865996e-03 6.620317722649e-03
 6.771007111198e-03 6.918807745569e-03 7.063445756986e-03 7.204656849611e-03
 7.342189380493e-03 7.475807332188e-03 7.605293147145e-03 7.730450394028e-03
 7.851106237465e-03 7.967113684322e-03 8.078353581519e-03 8.184736342477e-03
 8.286203381690e-03 8.382728239466e-03 8.474317381625e-03 8.561010661888e-03
 8.642881437720e-03 8.720036333578e-03 8.792614648750e-03 8.860787410283e-03
 8.924756074827e-03 8.984750886534e-03 9.041028901434e-03 9.093871691955e-03
 9.143582748334e-03 9.190484596705e-03 9.234915656486e-03 9.277226862331e-03
 9.317778078434e-03 9.356934335151e-03 9.395061919951e-03 9.432524356400e-03
 9.469678306337e-03 9.506869431544e-03 9.544428252045e-03 9.582666038672e-03
 9.621870777739e-03 9.662303245499e-03 9.704193229595e-03 9.747735933884e-03
 9.793088601872e-03 9.840367392528e-03 9.889644540401e-03 9.940945829840e-03
 9.994248410615e-03 1.004947897935e-02 1.010651234793e-02 1.016517041626e-02
 1.022522156241e-02 1.028638045816e-02 1.034830831173e-02 1.041061353224e-02
 1.047285280136e-02 1.053453252602e-02 1.059511063216e-02 1.065399864102e-02
 1.071056394755e-02 1.076413219287e-02 1.081398958944e-02 1.085938501987e-02
 1.089953168704e-02 1.093360804937e-02 1.096075773292e-02 1.098008808006e-02
 1.099066698121e-02 1.099151765570e-02 1.098161111518e-02 1.095985617727e-02
 1.092508711587e-02 1.087604935549e-02 1.081138404933e-02 1.072961292506e-02
 1.062912542184e-02 1.050817083802e-02 1.036485889840e-02 1.019717274000e-02
 1.000299868818e-02 9.780177214104e-03 9.526578986154e-03 9.240208822326e-03
 8.919338526415e-03 8.562667021063e-03 8.169502943054e-03 7.739961121493e-03
 7.275160423878e-03 6.777406753057e-03 6.250342025610e-03 5.699038317213e-03
 5.130016553834e-03 4.551171579111e-03 3.971590360757e-03 3.401257461046e-03
 2.850651311746e-03 2.330245588107e-03 1.849941054042e-03 1.418463423471e-03
 1.042770745553e-03 7.275183599803e-04 4.746296380867e-04 2.830160137874e-04
 1.484802531550e-04 6.382315129807e-05 1.915708727615e-05 2.411770924312e-06
 0.000000000000e+00